# table produced by mapDamage version 2.2.3
# using mapped file /mnt/archgen/microbiome_calculus/library_ds_vs_ss/04-analysis/normalize_kraken/mapping/flexilinea_sp001717545/mapDamage2_ssLibs/input/CDM020.A0102.SG1.4_5M.mapped_f_sp001717545_q25l30_rmdup.bam and /mnt/archgen/microbiome_calculus/library_ds_vs_ss/04-analysis/normalize_kraken/mapping/flexilinea_sp001717545/input/GCA_001717545.1_ASM171754v1_genomic.fna as reference file
# Chr: reference from sam/bam header, End: from which termini of DNA sequences, Std: strand of reads
Chr	End	Std	Pos	A	C	G	T	Total	G>A	C>T	A>G	T>C	A>C	A>T	C>G	C>A	T>G	T>A	G>C	G>T	A>-	T>-	C>-	G>-	->A	->T	->C	->G	S
CP017039.1	3p	+	1	7159	11710	7678	6036	32583	103	1786	85	85	17	13	16	21	10	10	17	23	0	0	0	0	0	0	0	0	0
CP017039.1	3p	+	2	8947	9176	8516	5944	32583	106	752	78	67	16	12	22	21	14	16	20	21	0	0	0	0	0	0	0	0	0
CP017039.1	3p	+	3	7907	8548	9166	6962	32583	83	631	73	73	8	12	14	13	19	12	17	21	0	0	0	0	0	0	0	0	0
CP017039.1	3p	+	4	8111	9079	8306	7087	32583	87	483	76	68	13	10	13	17	16	11	20	27	0	0	0	0	0	0	0	0	0
CP017039.1	3p	+	5	8080	8368	8634	7499	32581	83	371	56	60	14	9	22	13	11	12	8	28	0	0	0	1	1	0	0	0	0
CP017039.1	3p	+	6	7886	8584	8812	7297	32579	87	350	69	88	14	7	14	21	16	9	19	24	0	1	0	0	2	0	0	2	0
CP017039.1	3p	+	7	7724	8904	8214	7739	32581	96	345	66	91	16	8	8	16	14	8	9	20	0	0	1	0	0	1	1	0	0
CP017039.1	3p	+	8	7951	8399	8243	7990	32583	68	313	67	65	15	11	12	11	10	10	16	20	1	1	0	0	0	0	0	0	0
CP017039.1	3p	+	9	7768	8532	8656	7626	32582	62	279	84	64	12	10	10	15	9	15	13	27	1	0	0	3	0	1	0	0	0
CP017039.1	3p	+	10	7524	9057	8266	7733	32580	69	268	79	78	14	11	8	24	11	11	11	17	1	1	1	8	0	3	0	0	0
CP017039.1	3p	+	11	7778	8612	8407	7785	32582	78	253	50	72	15	7	12	14	18	14	18	23	4	1	4	4	1	0	0	0	0
CP017039.1	3p	+	12	7579	8779	8699	7524	32581	83	287	76	86	10	12	12	15	18	7	10	25	1	2	1	4	1	1	0	0	0
CP017039.1	3p	+	13	7552	8860	8662	7507	32581	92	244	67	64	11	7	12	12	11	8	16	16	1	1	2	5	2	0	0	0	0
CP017039.1	3p	+	14	7684	8602	8408	7887	32581	63	272	59	66	15	9	8	19	8	5	14	9	2	1	2	5	1	1	0	0	0
CP017039.1	3p	+	15	7532	8693	8923	7430	32578	104	304	64	62	12	6	9	18	7	9	15	24	1	2	0	3	3	1	0	1	0
CP017039.1	3p	+	16	7504	9095	8375	7605	32579	100	267	72	71	11	6	9	16	14	7	9	17	0	1	2	0	1	2	1	0	0
CP017039.1	3p	+	17	7820	8807	8414	7535	32576	72	269	73	69	11	5	17	11	17	10	12	17	2	0	1	0	2	3	0	1	0
CP017039.1	3p	+	18	7534	8638	8876	7533	32581	86	267	67	63	16	8	9	15	9	12	12	17	0	1	0	2	1	1	0	0	0
CP017039.1	3p	+	19	7457	8914	8570	7640	32581	85	282	62	81	10	11	19	12	12	8	17	20	1	0	2	2	1	0	1	0	0
CP017039.1	3p	+	20	7693	8763	8438	7684	32578	80	261	66	70	16	5	8	7	17	8	11	14	0	0	2	0	2	3	0	0	0
CP017039.1	3p	+	21	7653	8790	8776	7363	32582	79	269	64	70	19	10	13	15	7	9	11	18	2	2	2	1	0	1	0	0	0
CP017039.1	3p	+	22	7425	9138	8425	7592	32580	78	302	77	71	6	12	12	12	11	12	15	24	3	2	2	2	0	2	1	0	0
CP017039.1	3p	+	23	7571	8522	8568	7921	32582	77	229	61	65	7	6	10	6	7	7	11	16	0	1	0	3	1	0	0	0	0
CP017039.1	3p	+	24	7435	8709	8903	7535	32582	84	273	55	77	16	4	9	17	13	4	10	6	3	1	1	2	1	0	0	0	0
CP017039.1	3p	+	25	7580	8973	8478	7547	32578	92	263	81	69	13	8	9	20	13	6	7	15	0	1	1	3	0	2	0	3	0
CP017039.1	3p	+	26	7653	8799	8434	7692	32578	88	288	73	65	11	4	18	17	5	6	16	21	0	1	1	2	3	2	0	0	0
CP017039.1	3p	+	27	7465	8726	8906	7485	32582	100	259	70	75	13	11	11	13	6	7	14	19	6	0	1	1	1	0	0	0	0
CP017039.1	3p	+	28	7550	9100	8369	7559	32578	85	304	66	71	18	8	13	17	15	12	9	21	3	2	1	2	4	1	0	0	0
CP017039.1	3p	+	29	7685	8738	8467	7692	32582	82	316	60	68	16	11	5	10	3	10	16	16	2	0	2	3	1	0	0	0	0
CP017039.1	3p	+	30	7625	8732	8848	7375	32580	79	294	79	77	14	7	8	13	9	5	18	18	0	1	0	1	1	1	0	0	0
CP017039.1	3p	+	31	7360	8940	8185	7419	31904	102	347	59	62	14	4	10	21	12	11	19	15	0	1	0	0	1	0	0	0	0
CP017039.1	3p	+	32	7478	8276	7929	7485	31168	76	306	73	62	9	8	9	14	6	9	17	20	4	2	0	0	0	1	1	1	0
CP017039.1	3p	+	33	7071	8385	8012	7019	30487	75	355	70	75	10	5	9	14	10	11	17	12	2	1	0	0	0	1	0	0	0
CP017039.1	3p	+	34	6865	8132	7784	7010	29791	87	350	61	71	10	7	13	12	4	7	7	14	2	0	0	2	0	1	0	0	0
CP017039.1	3p	+	35	6938	7789	7458	6892	29077	76	321	52	57	13	8	7	13	6	11	4	15	2	1	0	0	3	2	1	0	0
CP017039.1	3p	+	36	6684	7617	7544	6497	28342	70	326	69	60	9	7	7	16	11	8	16	17	1	0	2	2	0	1	1	1	0
CP017039.1	3p	+	37	6404	7655	7039	6541	27639	59	321	53	51	12	6	12	19	10	8	11	21	1	1	1	1	0	0	2	0	0
CP017039.1	3p	+	38	6497	7204	6781	6434	26916	58	264	61	51	13	10	11	7	10	8	7	12	1	2	0	2	0	0	0	0	0
CP017039.1	3p	+	39	6351	7036	6995	5828	26210	54	296	63	58	20	10	7	13	5	11	5	11	4	3	2	0	1	2	0	1	0
CP017039.1	3p	+	40	6004	7037	6533	5995	25569	74	295	48	57	8	9	7	11	8	11	9	18	0	1	0	2	1	3	0	0	0
CP017039.1	3p	+	41	6043	6633	6307	5962	24945	72	271	63	44	11	12	6	10	7	6	11	5	0	1	0	1	0	0	1	2	0
CP017039.1	3p	+	42	5826	6425	6520	5548	24319	72	286	46	42	11	6	10	15	7	7	15	14	1	0	0	1	1	0	0	0	0
CP017039.1	3p	+	43	5370	6541	6114	5606	23631	71	297	38	56	9	7	4	13	11	6	8	7	3	0	0	1	0	0	1	2	0
CP017039.1	3p	+	44	5547	6126	5823	5487	22983	50	285	32	43	9	9	7	10	9	7	11	11	0	0	0	1	1	0	0	0	0
CP017039.1	3p	+	45	5282	5911	5984	5134	22311	65	240	39	53	7	1	7	11	10	4	13	14	1	0	0	0	0	0	0	1	0
CP017039.1	3p	+	46	5097	6130	5416	5040	21683	56	266	45	41	11	5	4	13	8	2	12	11	1	1	0	1	0	1	0	0	0
CP017039.1	3p	+	47	5112	5619	5326	5041	21098	49	234	36	48	6	4	6	8	6	5	8	9	1	0	0	1	0	1	0	0	0
CP017039.1	3p	+	48	4862	5569	5423	4674	20528	60	243	47	44	7	7	5	9	5	6	15	13	1	0	0	1	0	1	0	1	0
CP017039.1	3p	+	49	4700	5441	5081	4724	19946	60	217	44	38	4	6	6	13	9	7	11	12	0	0	1	0	0	1	0	0	0
CP017039.1	3p	+	50	4571	5246	4922	4650	19389	44	253	31	42	6	1	5	6	8	4	7	11	1	2	0	1	1	0	0	0	0
CP017039.1	3p	+	51	4517	5097	4936	4265	18815	63	202	43	41	5	5	7	12	13	3	8	12	0	1	3	1	0	2	0	0	0
CP017039.1	3p	+	52	4324	5000	4643	4323	18290	53	214	37	33	4	4	3	4	3	5	8	10	0	1	1	1	0	0	1	0	0
CP017039.1	3p	+	53	4208	4775	4496	4291	17770	50	190	30	19	1	4	5	5	5	5	9	10	1	1	1	0	0	0	0	0	0
CP017039.1	3p	+	54	4134	4645	4488	3996	17263	50	170	26	34	3	4	4	4	5	7	6	10	0	1	1	0	0	1	1	0	0
CP017039.1	3p	+	55	3873	4578	4374	3982	16807	43	200	38	30	4	4	7	5	4	9	6	13	1	0	0	2	0	0	1	1	0
CP017039.1	3p	+	56	4058	4310	4198	3803	16369	40	151	32	37	7	0	3	10	4	5	7	9	0	1	0	1	0	0	0	0	0
CP017039.1	3p	+	57	3770	4177	4266	3677	15890	55	165	27	27	9	3	6	8	6	2	9	5	1	0	0	0	0	1	0	0	0
CP017039.1	3p	+	58	3705	4276	3893	3613	15487	44	152	35	18	11	4	4	6	7	2	5	10	0	0	0	1	0	1	0	0	0
CP017039.1	3p	+	59	3641	3998	3796	3660	15095	42	147	24	37	6	6	7	4	6	2	3	6	0	0	0	0	1	0	0	0	0
CP017039.1	3p	+	60	3556	3920	3802	3429	14707	44	145	34	28	3	5	5	4	4	3	6	6	0	0	0	1	0	0	0	0	0
CP017039.1	3p	+	61	3459	3861	3635	3385	14340	37	140	33	23	5	4	8	5	4	3	6	9	0	0	0	1	0	0	0	0	0
CP017039.1	3p	+	62	3369	3754	3570	3286	13979	26	147	19	28	6	6	5	8	3	1	3	10	0	0	1	0	0	0	0	0	0
CP017039.1	3p	+	63	3202	3698	3639	3078	13617	44	114	21	34	8	3	4	3	1	5	1	5	1	0	0	0	0	1	0	0	0
CP017039.1	3p	+	64	3180	3555	3449	3094	13278	40	116	21	23	3	6	4	4	2	1	4	7	1	0	0	2	0	1	0	0	0
CP017039.1	3p	+	65	3024	3473	3298	3119	12914	43	112	12	20	6	3	4	4	3	6	8	4	0	0	0	0	0	1	0	0	0
CP017039.1	3p	+	66	2955	3442	3291	2897	12585	34	138	25	33	5	4	9	3	6	4	6	7	2	0	0	2	1	1	0	0	0
CP017039.1	3p	+	67	2876	3404	3089	2899	12268	36	121	23	23	5	1	4	7	3	3	1	6	0	3	0	0	1	2	2	0	0
CP017039.1	3p	+	68	2915	3194	2966	2919	11994	24	101	21	14	5	1	2	7	5	3	3	7	0	2	0	2	0	0	0	1	0
CP017039.1	3p	+	69	2827	3093	3054	2699	11673	38	120	20	14	8	4	5	3	4	8	4	6	0	0	1	2	0	1	1	0	0
CP017039.1	3p	+	70	2691	3052	2954	2701	11398	38	97	13	27	3	3	3	4	4	6	4	7	0	2	1	0	1	1	1	0	0
CP017039.1	3p	-	1	6949	11769	7899	6257	32874	111	1789	80	80	13	15	11	26	12	12	22	24	0	0	0	0	0	0	0	0	0
CP017039.1	3p	-	2	9155	9134	8582	6002	32873	97	731	57	77	14	18	23	30	7	12	15	22	0	0	0	0	0	0	0	0	0
CP017039.1	3p	-	3	7730	8386	9595	7162	32873	100	612	80	72	17	11	21	19	11	10	12	25	0	0	0	0	1	0	0	0	0
CP017039.1	3p	-	4	7884	9087	8465	7438	32874	100	466	83	87	17	16	18	18	11	5	22	16	0	0	0	0	0	0	0	0	0
CP017039.1	3p	-	5	8159	8352	8642	7720	32873	80	405	60	82	15	4	5	7	10	16	14	12	0	0	0	0	0	0	0	1	0
CP017039.1	3p	-	6	7771	8615	8847	7639	32872	101	327	58	67	14	8	20	15	10	11	16	20	3	1	0	0	0	0	1	1	0
CP017039.1	3p	-	7	7485	8871	8635	7882	32873	109	322	74	64	16	7	13	21	15	15	10	17	0	1	2	1	0	1	0	0	0
CP017039.1	3p	-	8	7717	8607	8510	8036	32870	82	272	58	52	9	10	8	17	14	11	16	13	0	1	2	2	1	3	0	0	0
CP017039.1	3p	-	9	7676	8718	8760	7718	32872	102	280	74	76	12	11	16	17	13	9	21	13	2	4	1	0	1	1	0	0	0
CP017039.1	3p	-	10	7418	8973	8517	7966	32874	101	295	65	84	10	8	8	14	17	5	11	18	3	2	1	1	0	0	0	0	0
CP017039.1	3p	-	11	7808	8606	8356	8101	32871	86	232	67	78	12	11	9	9	5	11	16	13	0	1	3	2	0	3	0	0	0
CP017039.1	3p	-	12	7841	8611	8910	7510	32872	93	270	84	63	11	11	13	14	12	8	17	21	4	0	3	2	1	0	0	0	0
CP017039.1	3p	-	13	7471	8997	8633	7770	32871	86	273	73	66	16	6	19	13	11	7	13	22	2	0	3	4	3	0	0	0	0
CP017039.1	3p	-	14	7720	8670	8621	7858	32869	76	252	54	69	8	10	7	17	10	7	16	20	1	1	0	3	1	2	1	1	0
CP017039.1	3p	-	15	7600	8752	8928	7593	32873	86	271	74	69	15	2	17	12	14	12	15	24	2	0	2	0	1	0	0	0	0
CP017039.1	3p	-	16	7520	9013	8755	7582	32870	71	280	70	72	12	5	16	7	12	9	8	31	1	0	1	3	3	1	0	0	0
CP017039.1	3p	-	17	7709	8665	8679	7818	32871	85	253	61	61	11	11	14	14	15	10	17	24	2	2	3	0	2	1	0	0	0
CP017039.1	3p	-	18	7574	8799	9038	7462	32873	88	264	65	54	8	7	14	13	15	8	13	23	0	0	1	1	1	0	0	0	0
CP017039.1	3p	-	19	7417	9044	8758	7650	32869	92	259	57	76	10	7	15	16	17	11	10	15	1	1	0	1	4	1	0	0	0
CP017039.1	3p	-	20	7742	8679	8665	7785	32871	72	243	58	68	15	11	9	15	16	9	9	19	0	2	1	0	0	2	1	0	0
CP017039.1	3p	-	21	7589	8741	8984	7553	32867	68	263	84	61	14	5	13	25	11	6	15	25	1	0	0	1	0	5	2	0	0
CP017039.1	3p	-	22	7388	9060	8672	7751	32871	86	311	64	66	13	6	15	14	10	10	18	20	1	3	1	1	1	1	0	1	0
CP017039.1	3p	-	23	7785	8663	8535	7888	32871	91	251	55	73	15	13	6	14	8	2	17	24	0	1	1	1	1	2	0	0	0
CP017039.1	3p	-	24	7656	8708	9046	7463	32873	82	275	68	72	11	8	9	13	9	5	19	18	1	1	2	1	0	0	0	1	0
CP017039.1	3p	-	25	7475	8989	8835	7572	32871	95	278	57	76	9	9	14	11	9	12	10	26	1	1	0	0	2	1	0	0	0
CP017039.1	3p	-	26	7759	8788	8599	7725	32871	75	299	65	68	10	9	12	6	7	11	17	17	1	3	2	2	0	1	1	1	0
CP017039.1	3p	-	27	7479	8808	9086	7499	32872	94	292	77	68	11	8	12	18	14	9	8	24	0	0	3	3	0	1	1	0	0
CP017039.1	3p	-	28	7521	8942	8753	7658	32874	74	307	77	61	14	7	15	15	13	9	11	19	3	5	2	1	0	0	0	0	0
CP017039.1	3p	-	29	7766	8710	8636	7760	32872	71	279	59	51	7	6	11	13	8	8	12	11	2	2	2	0	0	2	0	0	0
CP017039.1	3p	-	30	7576	8704	9075	7515	32870	80	335	75	83	11	8	14	17	12	8	7	24	0	1	2	0	2	2	0	0	0
CP017039.1	3p	-	31	7355	9042	8429	7388	32214	105	359	70	66	13	9	9	12	20	7	20	22	1	2	0	1	1	1	1	1	0
CP017039.1	3p	-	32	7353	8468	8195	7492	31508	77	338	68	58	12	6	15	13	10	5	12	11	2	2	0	1	2	0	0	1	0
CP017039.1	3p	-	33	7218	8253	8258	7056	30785	90	305	61	65	13	10	15	17	10	11	12	21	1	2	0	1	1	2	0	0	0
CP017039.1	3p	-	34	6821	8323	7882	7093	30119	69	364	72	60	12	9	9	19	13	12	7	15	0	0	1	0	1	0	0	0	0
CP017039.1	3p	-	35	6928	7928	7553	7016	29425	75	336	47	59	10	7	10	14	9	5	12	14	0	1	0	3	2	0	0	1	0
CP017039.1	3p	-	36	6762	7589	7715	6613	28679	93	318	64	54	13	20	13	13	10	7	10	18	1	1	0	1	1	1	0	1	0
CP017039.1	3p	-	37	6406	7655	7281	6629	27971	90	331	54	58	12	8	11	14	16	9	10	13	0	1	0	0	2	1	0	1	0
CP017039.1	3p	-	38	6475	7180	7137	6491	27283	90	290	47	50	8	12	11	19	10	7	7	17	1	1	0	2	1	1	0	1	0
CP017039.1	3p	-	39	6175	7200	7159	6077	26611	76	289	54	58	7	6	13	12	15	7	11	15	1	0	2	2	0	6	0	0	0
CP017039.1	3p	-	40	5990	7047	6723	6220	25980	81	299	54	66	8	9	10	12	7	5	11	20	3	1	0	1	1	2	0	0	0
CP017039.1	3p	-	41	6005	6669	6443	6166	25283	70	294	41	50	11	6	9	11	10	10	5	14	1	1	1	2	1	0	0	0	0
CP017039.1	3p	-	42	5706	6576	6567	5735	24584	70	342	48	62	7	6	14	10	6	6	6	17	1	1	0	1	3	0	0	0	0
CP017039.1	3p	-	43	5429	6541	6242	5648	23860	73	296	58	47	11	5	5	12	13	6	9	15	0	0	0	0	1	1	0	0	0
CP017039.1	3p	-	44	5561	6099	5873	5678	23211	57	258	34	43	7	8	4	12	11	7	6	11	0	2	0	0	1	2	0	0	0
CP017039.1	3p	-	45	5272	5989	6140	5194	22595	64	261	49	32	8	3	11	10	3	8	6	14	1	0	0	1	0	1	0	1	0
CP017039.1	3p	-	46	5046	6118	5676	5178	22018	56	268	49	36	8	6	6	12	9	4	10	9	0	1	0	1	0	0	0	0	0
CP017039.1	3p	-	47	5073	5701	5458	5193	21425	50	223	41	35	5	2	7	11	8	5	4	11	0	1	1	0	1	0	0	0	0
CP017039.1	3p	-	48	4809	5545	5543	4940	20837	68	211	50	39	10	5	8	9	12	4	7	8	0	2	0	0	2	1	0	0	0
CP017039.1	3p	-	49	4618	5497	5368	4804	20287	53	222	53	41	4	7	5	16	5	12	2	18	0	1	1	1	0	1	0	0	0
CP017039.1	3p	-	50	4729	5251	4988	4713	19681	71	197	40	38	6	5	4	5	4	2	7	9	1	0	0	0	0	0	0	1	0
CP017039.1	3p	-	51	4539	5104	5103	4426	19172	59	216	39	34	6	6	7	5	4	4	10	15	2	2	0	0	0	0	0	0	0
CP017039.1	3p	-	52	4374	5045	4802	4408	18629	45	211	35	42	4	5	5	11	4	1	7	10	0	0	0	0	0	1	2	0	0
CP017039.1	3p	-	53	4372	4729	4609	4388	18098	46	174	31	36	6	5	4	8	2	4	9	9	0	1	0	0	0	0	0	0	0
CP017039.1	3p	-	54	4255	4686	4635	4056	17632	52	175	46	37	7	4	8	8	6	7	6	5	0	0	0	0	0	0	0	0	0
CP017039.1	3p	-	55	3972	4676	4538	4009	17195	53	176	23	34	9	3	7	3	10	8	4	9	0	1	1	0	0	1	0	0	0
CP017039.1	3p	-	56	4087	4340	4291	4033	16751	48	177	35	38	8	4	3	12	8	4	4	8	1	0	0	0	1	0	1	0	0
CP017039.1	3p	-	57	3826	4384	4323	3758	16291	51	218	39	27	4	3	4	4	11	6	6	10	0	0	0	1	2	1	0	0	0
CP017039.1	3p	-	58	3624	4410	4033	3836	15903	34	161	27	32	1	5	6	6	4	4	5	5	0	1	1	0	0	0	0	0	0
CP017039.1	3p	-	59	3702	4104	3953	3740	15499	42	148	34	24	5	0	3	5	8	3	9	5	0	1	0	0	0	0	0	0	0
CP017039.1	3p	-	60	3554	3917	4103	3540	15114	64	147	30	31	2	3	2	4	5	3	10	3	0	2	0	0	1	0	0	1	0
CP017039.1	3p	-	61	3403	4030	3783	3528	14744	41	158	27	28	6	1	2	5	2	3	8	9	1	0	1	0	1	0	0	0	0
CP017039.1	3p	-	62	3484	3762	3700	3426	14372	39	136	35	18	7	2	7	5	2	3	5	8	0	1	0	0	1	0	0	0	0
CP017039.1	3p	-	63	3304	3753	3734	3220	14011	35	128	27	23	4	6	2	4	3	2	9	17	0	0	1	0	0	0	0	0	0
CP017039.1	3p	-	64	3159	3791	3502	3250	13702	37	149	25	26	2	5	3	4	4	5	6	6	0	0	0	0	0	1	0	0	0
CP017039.1	3p	-	65	3128	3545	3513	3145	13331	41	129	25	24	1	4	2	7	2	6	3	5	0	1	2	0	0	0	0	0	0
CP017039.1	3p	-	66	3138	3442	3405	3010	12995	42	119	26	24	7	6	3	5	7	1	4	4	1	0	1	0	1	0	0	0	0
CP017039.1	3p	-	67	2939	3443	3238	3068	12688	41	127	22	28	1	7	6	9	1	5	5	2	0	0	0	0	0	0	0	1	0
CP017039.1	3p	-	68	3037	3142	3172	3032	12383	37	123	24	24	1	3	2	5	4	5	4	7	1	0	0	1	0	0	0	1	0
CP017039.1	3p	-	69	2917	3164	3192	2804	12077	51	93	28	23	4	3	4	4	2	2	4	4	0	0	0	0	0	0	0	0	0
CP017039.1	3p	-	70	2707	3206	3129	2761	11803	35	108	23	17	5	5	4	3	3	4	3	5	0	1	0	0	0	1	0	0	0
CP017039.1	5p	+	1	7244	8988	5677	10674	32583	163	1806	74	61	18	22	15	23	8	32	10	36	0	0	0	0	0	0	0	0	3
CP017039.1	5p	+	2	8449	9655	7057	7422	32583	129	967	81	77	12	19	11	30	13	20	29	23	0	1	0	0	0	0	0	0	3
CP017039.1	5p	+	3	7984	8743	9263	6593	32583	108	456	64	75	14	8	12	21	18	16	16	10	0	0	1	0	0	0	0	0	1
CP017039.1	5p	+	4	8353	8725	8242	7259	32579	91	472	66	58	15	15	9	16	15	24	12	13	1	1	0	0	1	1	1	1	0
CP017039.1	5p	+	5	7416	9451	8675	7032	32574	77	361	69	69	17	12	21	17	17	11	24	20	2	2	0	2	3	2	3	1	0
CP017039.1	5p	+	6	7289	8733	9007	7542	32571	78	328	62	65	18	8	17	17	10	11	14	20	2	2	0	1	1	2	3	2	0
CP017039.1	5p	+	7	7430	9092	8639	7415	32576	85	289	66	78	13	6	15	18	14	7	10	13	1	2	2	4	2	1	1	2	0
CP017039.1	5p	+	8	7300	9039	9191	7045	32575	79	262	81	79	14	12	14	21	8	8	22	23	1	3	1	1	1	3	4	0	0
CP017039.1	5p	+	9	7824	8559	8767	7429	32579	84	242	73	56	14	7	15	13	6	9	19	12	0	2	1	1	1	1	1	1	0
CP017039.1	5p	+	10	7565	8886	8224	7906	32581	93	225	72	66	10	9	12	13	7	8	10	15	0	0	0	1	1	1	0	0	0
CP017039.1	5p	+	11	7053	9302	8893	7331	32579	85	222	74	96	8	6	11	15	12	11	12	17	1	1	1	3	1	2	0	1	0
CP017039.1	5p	+	12	7549	8821	9099	7112	32581	92	223	86	73	10	9	10	22	9	12	20	14	4	2	1	2	0	1	1	0	0
CP017039.1	5p	+	13	7694	8631	8580	7677	32582	81	237	59	72	13	9	9	13	11	10	13	14	1	0	0	1	0	1	0	0	0
CP017039.1	5p	+	14	7528	9076	8715	7260	32579	98	241	80	76	10	5	8	10	8	10	24	19	0	0	1	0	0	2	1	1	0
CP017039.1	5p	+	15	7684	8602	8874	7422	32582	90	241	65	91	11	9	10	20	16	8	12	15	1	0	0	2	1	0	0	0	0
CP017039.1	5p	+	16	7729	8872	8302	7677	32580	73	243	47	66	11	8	16	13	9	5	18	17	2	2	0	1	3	0	0	0	0
CP017039.1	5p	+	17	7388	9082	8755	7357	32582	99	257	78	70	10	11	16	13	12	6	10	21	1	1	0	1	0	1	0	0	0
CP017039.1	5p	+	18	7756	8592	8905	7327	32580	95	225	72	95	18	12	14	8	13	5	17	23	2	0	0	4	2	0	0	1	0
CP017039.1	5p	+	19	7788	8713	8293	7785	32579	82	231	59	67	14	8	11	12	11	6	12	21	1	0	2	2	1	2	0	1	0
CP017039.1	5p	+	20	7345	8985	8789	7463	32582	110	250	78	70	12	10	9	12	7	8	8	17	1	0	0	4	0	1	0	0	0
CP017039.1	5p	+	21	7658	8673	8843	7405	32579	82	267	79	78	7	9	10	17	9	7	17	20	2	0	1	2	2	2	0	0	0
CP017039.1	5p	+	22	7542	8890	8368	7778	32578	88	258	80	53	9	2	11	14	8	8	11	14	1	2	0	2	1	2	1	1	0
CP017039.1	5p	+	23	7365	9102	8647	7463	32577	91	261	74	70	19	9	11	14	14	7	20	15	0	0	0	1	2	4	0	0	0
CP017039.1	5p	+	24	7762	8569	8788	7461	32580	95	225	67	61	11	6	14	8	11	7	11	14	0	3	2	0	0	1	1	1	0
CP017039.1	5p	+	25	7755	8735	8193	7899	32582	79	261	63	55	9	5	8	17	11	6	7	11	2	1	0	1	0	1	0	0	0
CP017039.1	5p	+	26	7461	9102	8589	7429	32581	107	311	80	81	13	12	11	16	15	11	15	23	2	2	0	3	1	1	0	0	0
CP017039.1	5p	+	27	7778	8427	8873	7502	32580	88	279	85	71	12	5	10	15	13	13	17	19	0	0	1	1	1	2	0	0	0
CP017039.1	5p	+	28	7702	8788	8273	7819	32582	81	246	62	70	13	13	8	11	9	13	13	25	1	3	1	1	0	1	0	0	0
CP017039.1	5p	+	29	7540	9208	8490	7342	32580	86	324	68	70	13	11	14	16	15	8	11	28	1	1	0	3	1	1	1	0	0
CP017039.1	5p	+	30	7804	8586	8774	7415	32579	87	302	73	69	16	11	11	14	13	7	9	30	2	1	1	1	1	2	1	0	0
CP017039.1	5p	+	31	7673	8634	7905	7690	31902	67	370	60	75	12	9	11	11	6	8	9	9	3	0	2	2	0	2	0	0	0
CP017039.1	5p	+	32	7268	8550	8391	6961	31170	89	306	75	64	12	5	10	10	15	5	8	33	2	0	1	2	0	0	0	1	0
CP017039.1	5p	+	33	7463	7994	8114	6915	30486	78	287	60	57	12	5	11	11	14	10	11	14	0	0	0	0	1	1	1	0	0
CP017039.1	5p	+	34	7093	7886	7679	7134	29792	63	323	46	65	7	10	9	15	8	15	15	14	1	0	3	3	0	1	0	0	0
CP017039.1	5p	+	35	6725	8188	7612	6559	29084	82	376	58	76	12	7	5	17	11	11	17	19	0	2	1	3	0	0	0	0	0
CP017039.1	5p	+	36	6874	7602	7430	6438	28344	69	271	54	48	14	5	9	12	11	8	13	17	1	1	0	2	0	1	0	0	0
CP017039.1	5p	+	37	6571	7410	7028	6629	27638	66	310	62	59	7	6	5	11	9	13	9	19	1	1	1	1	3	1	0	0	0
CP017039.1	5p	+	38	6241	7466	7060	6146	26913	67	323	65	62	7	10	9	13	13	3	13	12	0	1	1	0	0	2	0	0	0
CP017039.1	5p	+	39	6393	6903	6944	5972	26212	60	287	54	57	15	4	14	13	11	7	12	5	0	1	1	0	0	1	0	0	0
CP017039.1	5p	+	40	6188	6853	6390	6142	25573	66	261	45	49	4	8	13	10	5	4	11	12	1	1	0	2	0	0	0	0	0
CP017039.1	5p	+	41	5683	7037	6580	5645	24945	65	306	58	56	12	6	8	13	7	11	8	6	2	0	1	1	1	2	0	0	0
CP017039.1	5p	+	42	5732	6521	6507	5558	24318	70	284	56	44	8	5	12	7	3	7	6	15	2	0	2	0	1	1	0	0	0
CP017039.1	5p	+	43	5661	6396	5958	5618	23633	67	261	40	36	13	6	10	9	6	4	8	13	1	0	0	1	0	0	0	0	0
CP017039.1	5p	+	44	5248	6466	6004	5263	22981	55	258	45	46	11	10	7	18	11	3	7	13	2	1	0	4	1	1	0	0	0
CP017039.1	5p	+	45	5448	5932	5856	5074	22310	62	258	49	39	7	7	4	15	8	11	11	8	1	0	1	0	1	1	0	0	0
CP017039.1	5p	+	46	5207	5802	5538	5135	21682	55	256	29	30	7	3	9	13	7	5	7	11	1	1	1	0	0	1	0	1	0
CP017039.1	5p	+	47	4874	5898	5447	4878	21097	58	251	59	51	9	3	6	8	13	5	11	11	1	0	1	2	0	2	0	0	0
CP017039.1	5p	+	48	4885	5506	5521	4618	20530	46	205	38	35	8	8	6	11	4	3	5	14	0	1	0	0	0	0	0	0	0
CP017039.1	5p	+	49	4905	5303	5056	4680	19944	53	214	37	42	5	4	6	5	9	3	8	11	0	1	1	1	1	1	0	1	0
CP017039.1	5p	+	50	4561	5370	5083	4373	19387	66	232	35	34	9	4	4	10	6	6	8	6	2	0	3	0	2	1	0	0	0
CP017039.1	5p	+	51	4579	4941	4977	4320	18817	33	215	25	47	5	1	6	10	9	9	8	14	2	3	0	1	0	0	0	0	0
CP017039.1	5p	+	52	4372	4861	4635	4418	18286	51	209	32	26	4	5	9	7	4	4	8	8	1	0	0	0	3	1	0	1	0
CP017039.1	5p	+	53	4126	4912	4649	4081	17768	53	222	30	31	6	4	4	11	5	3	2	9	0	0	0	0	0	1	0	1	0
CP017039.1	5p	+	54	4231	4574	4524	3934	17263	38	189	30	29	5	2	5	8	3	3	1	12	0	0	1	2	2	0	0	1	0
CP017039.1	5p	+	55	4149	4578	4088	3995	16810	33	201	28	35	8	6	2	6	4	5	2	10	1	0	0	0	0	0	0	0	0
CP017039.1	5p	+	56	3813	4592	4160	3803	16368	47	179	42	38	9	5	6	10	6	7	12	6	1	0	0	0	1	0	0	0	0
CP017039.1	5p	+	57	3847	4187	4238	3618	15890	49	173	28	30	8	2	5	9	9	6	5	10	0	0	0	1	1	0	0	0	0
CP017039.1	5p	+	58	3782	4086	3947	3673	15488	44	180	35	32	3	4	3	3	5	6	2	14	2	0	0	0	0	0	0	1	0
CP017039.1	5p	+	59	3582	4160	3911	3444	15097	41	150	22	28	6	5	5	9	5	8	5	11	0	0	1	1	0	0	0	0	0
CP017039.1	5p	+	60	3553	3833	3919	3402	14707	44	171	27	28	3	2	2	4	3	7	6	9	0	1	0	2	0	0	0	0	0
CP017039.1	5p	+	61	3444	3849	3567	3480	14340	33	153	22	29	7	2	4	6	4	2	4	9	1	1	1	1	0	0	0	0	0
CP017039.1	5p	+	62	3271	3811	3613	3283	13978	43	180	29	33	2	1	6	6	2	5	9	3	0	2	2	0	1	0	0	0	0
CP017039.1	5p	+	63	3227	3566	3640	3185	13618	36	142	24	21	5	3	5	7	1	2	8	7	0	2	2	0	0	0	0	0	0
CP017039.1	5p	+	64	3256	3581	3361	3081	13279	37	145	24	15	7	2	5	4	4	6	4	6	1	1	0	0	0	0	0	0	0
CP017039.1	5p	+	65	3022	3590	3312	2988	12912	41	154	20	29	4	4	2	4	8	3	5	9	0	1	1	0	1	0	0	1	0
CP017039.1	5p	+	66	3057	3278	3282	2970	12587	34	143	22	23	4	1	2	7	2	2	3	7	2	0	0	0	0	1	0	0	0
CP017039.1	5p	+	67	3001	3231	3053	2986	12271	28	125	18	14	3	3	3	7	4	6	5	3	0	0	0	1	1	1	0	0	0
CP017039.1	5p	+	68	2848	3341	2995	2811	11995	28	136	22	18	1	4	3	7	6	2	6	6	2	0	0	1	0	0	0	0	0
CP017039.1	5p	+	69	2771	3098	3002	2804	11675	44	113	22	19	4	4	5	7	6	6	4	6	1	0	0	0	0	0	0	0	0
CP017039.1	5p	+	70	2763	2997	2851	2789	11400	30	119	22	23	4	3	2	5	2	1	2	3	1	0	0	1	0	0	1	0	0
CP017039.1	5p	-	1	7252	9145	5785	10692	32874	162	1842	60	82	9	26	13	23	14	21	23	27	0	0	0	0	0	0	0	0	0
CP017039.1	5p	-	2	8390	9792	7114	7578	32874	121	982	62	79	17	20	26	16	20	19	11	26	1	0	1	0	0	0	0	0	0
CP017039.1	5p	-	3	7829	8933	9376	6736	32874	127	461	75	70	9	6	12	14	15	18	10	21	1	1	2	0	0	0	0	0	0
CP017039.1	5p	-	4	8234	8756	8536	7348	32874	106	428	81	56	11	7	15	18	14	14	14	18	0	1	0	1	0	0	0	0	0
CP017039.1	5p	-	5	7309	9515	8917	7132	32873	103	351	84	75	22	5	13	22	16	11	15	11	0	0	0	0	0	1	0	0	0
CP017039.1	5p	-	6	7552	8383	9332	7604	32871	95	333	83	60	8	12	19	16	18	18	10	23	1	1	0	1	1	2	0	0	0
CP017039.1	5p	-	7	7548	9172	8548	7602	32870	81	290	77	47	13	6	13	20	12	7	10	19	1	0	0	0	1	1	1	1	0
CP017039.1	5p	-	8	7130	9035	9500	7208	32873	90	254	76	77	16	14	11	17	14	10	18	18	0	0	0	0	0	0	0	1	0
CP017039.1	5p	-	9	7814	8546	9083	7428	32871	106	250	73	70	7	5	11	18	14	18	19	27	0	0	2	1	0	1	0	1	0
CP017039.1	5p	-	10	7467	8974	8654	7777	32872	76	242	56	66	9	7	12	11	4	9	16	17	1	2	1	0	1	1	0	0	0
CP017039.1	5p	-	11	7219	9385	8791	7476	32871	97	258	82	81	13	14	15	20	9	8	15	17	0	0	0	2	0	2	0	1	0
CP017039.1	5p	-	12	7624	8590	9270	7387	32871	89	230	60	69	7	8	9	16	14	14	15	13	1	0	1	0	2	1	0	0	0
CP017039.1	5p	-	13	7762	8654	8697	7757	32870	94	266	68	65	12	14	10	17	17	9	13	14	0	1	1	1	0	2	2	0	0
CP017039.1	5p	-	14	7399	9156	8780	7539	32874	91	269	84	73	16	10	15	9	15	10	17	16	1	1	1	0	0	0	0	0	0
CP017039.1	5p	-	15	7829	8619	9059	7366	32873	86	233	82	85	16	10	14	18	14	14	7	21	2	2	0	1	0	1	0	0	0
CP017039.1	5p	-	16	7549	8942	8493	7889	32873	76	251	63	72	16	11	13	14	16	6	8	18	2	1	0	1	1	0	0	0	0
CP017039.1	5p	-	17	7379	9053	8953	7487	32872	96	257	73	58	18	10	12	17	20	11	13	18	3	0	1	1	1	0	0	1	0
CP017039.1	5p	-	18	7726	8733	9054	7357	32870	85	259	78	51	11	7	5	10	14	7	18	21	2	1	0	3	2	1	1	0	0
CP017039.1	5p	-	19	7747	8674	8690	7761	32872	67	235	59	50	12	8	10	15	11	2	14	22	2	2	1	1	1	0	1	0	0
CP017039.1	5p	-	20	7287	9149	8877	7556	32869	95	242	89	71	15	8	12	17	9	9	16	19	1	1	1	1	3	0	1	0	0
CP017039.1	5p	-	21	7736	8594	8854	7687	32871	91	262	72	70	14	12	17	24	15	7	9	18	2	2	0	1	3	0	0	0	0
CP017039.1	5p	-	22	7636	8739	8597	7897	32869	84	248	48	56	14	4	6	24	14	11	10	25	0	0	0	0	1	2	1	1	0
CP017039.1	5p	-	23	7396	9047	8913	7516	32872	90	263	81	66	9	2	15	14	9	6	16	21	0	0	0	0	1	1	0	0	0
CP017039.1	5p	-	24	7824	8612	9028	7410	32874	86	248	84	69	13	9	15	13	8	7	11	25	1	1	0	5	0	0	0	0	0
CP017039.1	5p	-	25	7689	8765	8472	7943	32869	77	257	62	71	12	7	6	22	11	9	13	11	0	1	0	1	2	2	0	1	0
CP017039.1	5p	-	26	7446	9052	8844	7529	32871	100	267	76	79	11	6	9	14	13	8	22	17	1	2	1	1	0	2	1	0	0
CP017039.1	5p	-	27	7780	8651	8975	7466	32872	86	278	59	72	16	3	12	11	6	13	12	11	1	2	0	0	0	2	0	0	0
CP017039.1	5p	-	28	7672	8688	8562	7951	32873	79	281	51	40	11	7	9	14	13	11	14	10	0	1	2	1	1	0	0	0	0
CP017039.1	5p	-	29	7404	9114	8747	7605	32870	91	333	86	81	16	6	18	17	15	6	20	17	0	0	1	3	2	2	0	0	0
CP017039.1	5p	-	30	7811	8767	8838	7457	32873	88	347	73	66	10	7	17	13	8	8	12	19	3	0	1	1	0	1	0	0	0
CP017039.1	5p	-	31	7573	8524	8396	7724	32217	87	301	63	76	10	6	9	11	8	8	15	17	0	1	2	1	1	0	0	0	0
CP017039.1	5p	-	32	7095	8689	8578	7148	31510	107	368	72	78	10	15	11	14	14	5	13	13	0	1	1	0	0	1	0	0	0
CP017039.1	5p	-	33	7482	8097	8282	6925	30786	91	316	57	67	9	13	12	13	11	6	12	15	0	1	0	1	0	2	0	0	0
CP017039.1	5p	-	34	7178	7965	7774	7201	30118	79	320	44	58	9	6	12	17	14	5	8	16	1	0	0	2	1	1	0	0	0
CP017039.1	5p	-	35	6617	8295	7792	6720	29424	81	334	71	67	7	7	15	12	13	6	11	23	1	0	0	0	2	1	0	1	0
CP017039.1	5p	-	36	6791	7663	7755	6471	28680	89	327	62	54	8	8	9	11	8	8	10	16	1	0	1	0	0	2	1	0	0
CP017039.1	5p	-	37	6726	7356	7221	6669	27972	71	306	48	72	12	9	11	13	5	9	6	13	1	1	0	2	0	3	0	0	0
CP017039.1	5p	-	38	6241	7547	7251	6247	27286	81	301	66	60	12	5	8	13	9	10	13	20	1	4	0	2	0	0	0	0	0
CP017039.1	5p	-	39	6459	7041	7046	6071	26617	95	293	59	60	11	9	14	16	6	6	11	16	2	0	1	1	0	0	0	0	0
CP017039.1	5p	-	40	6204	6807	6637	6334	25982	87	315	50	49	8	3	6	10	8	4	8	14	2	3	1	2	0	1	0	0	0
CP017039.1	5p	-	41	5706	6904	6840	5833	25283	63	295	57	55	7	12	10	8	7	4	8	18	3	2	2	0	0	0	0	0	0
CP017039.1	5p	-	42	5878	6554	6546	5606	24584	63	274	40	43	6	9	7	8	4	3	13	14	1	0	0	0	3	0	0	0	0
CP017039.1	5p	-	43	5626	6294	6121	5818	23859	58	276	38	42	7	7	10	13	13	6	7	8	1	1	0	1	1	1	0	1	0
CP017039.1	5p	-	44	5230	6463	6127	5393	23213	74	277	44	48	8	5	10	15	2	10	5	10	0	1	2	0	1	0	0	0	0
CP017039.1	5p	-	45	5396	5931	5974	5292	22593	53	256	34	41	8	7	7	17	5	10	10	14	1	0	0	2	1	2	0	1	0
CP017039.1	5p	-	46	5194	5811	5621	5388	22014	62	220	36	45	9	2	5	9	10	5	4	6	1	0	0	3	2	2	0	0	0
CP017039.1	5p	-	47	4943	5867	5731	4882	21423	56	244	47	41	6	9	9	8	5	5	9	12	0	0	0	1	1	1	0	1	0
CP017039.1	5p	-	48	4897	5516	5549	4876	20838	58	222	38	35	5	5	7	14	6	3	7	9	0	1	0	0	1	0	0	2	0
CP017039.1	5p	-	49	4879	5358	5190	4858	20285	42	224	33	41	3	6	8	5	5	1	5	16	1	0	2	0	2	0	1	0	0
CP017039.1	5p	-	50	4521	5434	5176	4548	19679	50	239	40	43	9	5	8	6	5	6	7	12	0	0	2	0	1	0	1	1	0
CP017039.1	5p	-	51	4581	4921	5117	4549	19168	47	181	44	39	9	7	13	13	7	8	8	15	1	1	2	0	2	1	0	1	0
CP017039.1	5p	-	52	4435	4972	4729	4495	18631	53	214	29	25	6	3	7	7	4	2	8	13	1	2	1	2	1	0	0	0	0
CP017039.1	5p	-	53	4132	4926	4764	4273	18095	71	192	35	33	9	3	3	6	9	4	9	10	0	1	0	1	0	2	0	1	0
CP017039.1	5p	-	54	4241	4785	4580	4021	17627	49	176	33	29	5	7	5	7	6	6	8	6	1	2	2	0	2	2	0	1	0
CP017039.1	5p	-	55	4137	4434	4481	4142	17194	39	167	29	34	5	2	4	13	4	10	6	23	1	2	2	2	1	2	0	0	0
CP017039.1	5p	-	56	3893	4610	4382	3866	16751	50	184	39	26	4	5	3	15	10	5	5	13	0	1	1	0	0	1	1	0	0
CP017039.1	5p	-	57	3836	4317	4304	3837	16294	47	182	25	46	4	7	4	2	5	4	7	7	1	0	1	0	0	0	0	0	0
CP017039.1	5p	-	58	3726	4219	3992	3962	15899	41	170	42	17	4	0	3	5	4	4	6	9	0	2	1	1	2	1	0	1	0
CP017039.1	5p	-	59	3585	4265	4098	3550	15498	43	189	34	37	4	2	5	5	3	6	8	6	0	1	1	1	0	0	1	0	0
CP017039.1	5p	-	60	3622	4003	4071	3420	15116	42	158	29	30	3	3	6	3	2	3	13	4	0	0	0	0	0	0	0	0	0
CP017039.1	5p	-	61	3562	3809	3789	3585	14745	40	133	27	28	4	1	8	3	5	5	4	8	2	1	0	0	0	0	0	0	0
CP017039.1	5p	-	62	3399	3883	3689	3400	14371	45	146	33	25	5	2	5	3	6	4	4	12	0	0	1	0	1	1	0	0	0
CP017039.1	5p	-	63	3418	3686	3637	3268	14009	36	145	33	25	4	3	3	3	3	2	10	6	0	0	0	0	0	2	0	0	0
CP017039.1	5p	-	64	3228	3638	3512	3323	13701	35	154	27	31	2	4	2	5	8	5	2	6	0	3	1	0	1	1	0	0	0
CP017039.1	5p	-	65	3101	3683	3538	3008	13330	39	145	33	15	6	4	3	10	7	1	2	9	0	0	0	0	1	0	0	0	0
CP017039.1	5p	-	66	3211	3416	3370	2998	12995	41	115	25	27	6	3	5	7	3	4	8	10	1	0	0	0	0	0	0	1	0
CP017039.1	5p	-	67	3055	3268	3199	3167	12689	34	119	14	25	4	3	1	4	3	5	5	3	1	0	1	0	0	0	0	0	0
CP017039.1	5p	-	68	2808	3446	3236	2894	12384	45	123	20	29	5	2	10	8	3	3	1	11	0	0	0	0	0	0	0	0	0
CP017039.1	5p	-	69	2905	3209	3240	2723	12077	51	116	30	24	3	2	7	4	4	7	4	3	1	0	0	0	0	0	0	0	0
CP017039.1	5p	-	70	2836	3093	2972	2900	11801	46	116	27	26	3	2	1	6	3	5	2	4	1	0	0	1	2	1	0	0	0
