# table produced by mapDamage version 2.2.3
# using mapped file /mnt/archgen/microbiome_calculus/library_ds_vs_ss/04-analysis/normalize_kraken/mapping/lautropia_mirabilis/mapDamage2_ssLibs/input/VLD001.A0102.SG1.2_5M.mapped_l_mirabilis_q25l30_rmdup.bam and /mnt/archgen/microbiome_calculus/library_ds_vs_ss/04-analysis/normalize_kraken/mapping/lautropia_mirabilis/input/GCF_900637555.1_51726_E01_genomic.fna as reference file
# Chr: reference from sam/bam header, End: from which termini of DNA sequences, Std: strand of reads
Chr	End	Std	Pos	A	C	G	T	Total	G>A	C>T	A>G	T>C	A>C	A>T	C>G	C>A	T>G	T>A	G>C	G>T	A>-	T>-	C>-	G>-	->A	->T	->C	->G	S
NZ_LR134378.1	3p	+	1	165	293	233	188	879	4	18	5	12	2	5	10	3	2	4	16	5	0	0	0	0	0	0	0	0	0
NZ_LR134378.1	3p	+	2	219	272	250	138	879	8	11	10	5	0	6	17	7	3	1	8	7	0	0	0	0	0	0	0	0	0
NZ_LR134378.1	3p	+	3	159	279	303	138	879	10	13	8	12	5	0	11	3	1	0	16	3	0	0	0	0	0	0	0	0	0
NZ_LR134378.1	3p	+	4	185	266	249	179	879	7	5	4	12	0	1	11	2	1	1	8	4	0	0	0	0	0	0	0	0	0
NZ_LR134378.1	3p	+	5	184	282	262	150	878	10	9	2	5	0	0	8	1	3	2	9	5	0	0	0	0	0	0	0	1	0
NZ_LR134378.1	3p	+	6	159	282	284	154	879	7	9	4	9	3	1	14	4	2	0	11	1	0	0	0	0	0	0	0	0	0
NZ_LR134378.1	3p	+	7	167	302	247	161	877	8	10	4	4	1	3	8	3	1	2	8	3	0	0	0	0	1	0	0	1	0
NZ_LR134378.1	3p	+	8	183	270	255	171	879	4	14	6	6	3	3	11	6	1	3	11	1	0	0	0	0	0	0	0	0	0
NZ_LR134378.1	3p	+	9	148	277	292	161	878	12	10	9	9	2	0	7	1	4	1	15	4	0	0	0	0	0	0	1	0	0
NZ_LR134378.1	3p	+	10	169	286	257	166	878	4	12	3	9	0	3	3	2	3	1	11	3	0	0	0	0	0	0	0	1	0
NZ_LR134378.1	3p	+	11	168	282	268	161	879	7	3	4	4	3	0	12	2	1	3	14	1	2	0	0	0	0	0	0	0	0
NZ_LR134378.1	3p	+	12	144	293	297	145	879	7	11	4	5	2	1	11	3	6	3	18	2	0	2	0	0	0	0	0	0	0
NZ_LR134378.1	3p	+	13	172	282	265	160	879	1	6	9	3	4	1	10	0	3	2	6	3	0	0	0	2	0	0	0	0	0
NZ_LR134378.1	3p	+	14	178	253	280	168	879	7	8	7	6	4	0	8	0	2	2	7	1	0	0	0	1	0	0	0	0	0
NZ_LR134378.1	3p	+	15	147	314	279	139	879	5	8	9	7	1	0	11	4	2	4	12	2	0	0	1	0	0	0	0	0	0
NZ_LR134378.1	3p	+	16	178	278	249	174	879	10	12	6	12	5	2	8	2	1	1	8	3	0	0	0	0	0	0	0	0	0
NZ_LR134378.1	3p	+	17	173	273	272	161	879	4	6	4	6	1	0	7	0	1	0	8	2	1	0	0	0	0	0	0	0	0
NZ_LR134378.1	3p	+	18	170	284	288	137	879	4	8	7	11	5	3	6	2	3	2	11	3	0	0	0	0	0	0	0	0	0
NZ_LR134378.1	3p	+	19	172	313	232	161	878	7	7	3	2	3	2	14	2	1	1	9	4	0	0	0	0	0	0	1	0	0
NZ_LR134378.1	3p	+	20	181	276	260	162	879	9	5	4	3	2	4	6	2	3	0	15	1	0	0	1	1	0	0	0	0	0
NZ_LR134378.1	3p	+	21	143	292	301	141	877	6	9	6	14	1	1	14	3	2	2	20	4	0	0	1	0	0	2	0	0	0
NZ_LR134378.1	3p	+	22	155	255	278	191	879	5	7	4	6	0	1	8	1	2	0	11	1	0	0	0	0	0	0	0	0	0
NZ_LR134378.1	3p	+	23	172	253	287	167	879	5	8	5	4	0	4	9	2	2	0	6	6	0	0	1	1	0	0	0	0	0
NZ_LR134378.1	3p	+	24	144	319	269	145	877	9	7	3	5	1	1	9	4	0	0	7	5	1	0	0	0	1	0	1	0	0
NZ_LR134378.1	3p	+	25	143	292	259	184	878	5	7	5	8	4	3	8	2	0	1	12	1	2	0	0	0	0	0	1	0	0
NZ_LR134378.1	3p	+	26	178	301	269	131	879	7	7	8	4	1	0	11	2	3	1	16	0	0	0	0	0	0	0	0	0	0
NZ_LR134378.1	3p	+	27	157	294	288	135	874	8	9	6	5	4	2	10	3	3	1	13	2	0	0	0	0	0	2	3	0	0
NZ_LR134378.1	3p	+	28	162	255	296	165	878	9	4	2	14	6	3	12	3	2	1	13	3	1	0	0	2	0	0	1	0	0
NZ_LR134378.1	3p	+	29	186	266	267	159	878	2	5	5	5	0	2	10	1	2	0	17	2	1	1	0	0	0	0	1	0	0
NZ_LR134378.1	3p	+	30	155	319	266	139	879	11	16	7	7	2	1	8	4	3	2	21	4	3	0	0	0	0	0	0	0	0
NZ_LR134378.1	3p	+	31	146	253	206	118	723	7	11	4	1	2	3	7	3	2	1	4	1	0	0	0	0	0	0	0	0	0
NZ_LR134378.1	3p	+	32	109	182	164	124	579	4	6	4	4	1	0	8	1	1	0	9	2	1	0	0	0	0	0	1	0	0
NZ_LR134378.1	3p	+	33	78	168	149	84	479	3	8	1	5	1	0	7	3	1	0	9	1	0	0	0	0	1	0	0	0	0
NZ_LR134378.1	3p	+	34	71	141	131	64	407	4	4	2	3	0	1	3	2	0	1	6	0	0	0	0	0	0	0	0	0	0
NZ_LR134378.1	3p	+	35	64	122	106	57	349	2	5	1	1	0	1	4	0	1	0	4	1	0	0	0	0	0	0	0	0	0
NZ_LR134378.1	3p	+	36	53	95	90	56	294	2	4	2	0	1	1	8	0	1	0	2	0	0	0	0	0	0	0	0	0	0
NZ_LR134378.1	3p	+	37	50	79	67	59	255	0	4	2	0	0	1	2	0	1	1	5	0	0	0	0	0	0	0	0	0	0
NZ_LR134378.1	3p	+	38	48	73	65	42	228	1	5	1	0	1	0	4	0	4	0	1	1	0	0	0	0	0	0	0	0	0
NZ_LR134378.1	3p	+	39	39	69	60	32	200	1	7	1	1	1	0	2	0	0	0	1	0	0	0	0	0	1	0	0	0	0
NZ_LR134378.1	3p	+	40	32	57	55	38	182	0	2	2	3	1	1	1	0	0	1	3	1	0	0	0	0	0	0	0	0	0
NZ_LR134378.1	3p	+	41	35	53	46	27	161	1	5	1	0	2	0	4	3	1	0	1	1	0	0	0	0	0	0	0	0	0
NZ_LR134378.1	3p	+	42	30	54	41	25	150	1	3	0	0	1	0	4	0	0	0	0	0	0	0	0	0	0	0	0	0	0
NZ_LR134378.1	3p	+	43	23	36	47	21	127	1	0	1	1	0	0	0	0	0	0	1	2	0	0	0	0	0	0	0	0	0
NZ_LR134378.1	3p	+	44	19	36	29	24	108	1	3	0	1	0	0	0	0	1	0	0	1	0	0	0	0	0	0	0	0	0
NZ_LR134378.1	3p	+	45	22	34	22	13	91	0	3	0	1	0	0	2	1	1	0	3	1	0	0	0	0	0	0	0	0	0
NZ_LR134378.1	3p	+	46	10	27	22	13	72	0	3	0	1	0	0	1	0	0	0	0	0	0	0	0	0	0	0	0	0	0
NZ_LR134378.1	3p	+	47	13	21	18	13	65	1	2	0	1	0	0	1	0	0	0	1	0	0	0	0	0	0	0	0	0	0
NZ_LR134378.1	3p	+	48	11	12	17	11	51	0	1	0	0	0	0	0	0	1	0	0	0	0	0	0	0	0	0	0	0	0
NZ_LR134378.1	3p	+	49	8	13	15	8	44	0	1	0	1	0	0	0	0	0	0	1	1	0	0	0	0	0	0	0	0	0
NZ_LR134378.1	3p	+	50	6	12	6	12	36	0	0	0	0	0	0	1	0	0	0	0	0	0	0	0	0	0	0	0	0	0
NZ_LR134378.1	3p	+	51	6	8	13	5	32	0	1	0	0	0	0	0	0	0	0	1	0	0	0	0	0	0	0	0	0	0
NZ_LR134378.1	3p	+	52	4	12	7	4	27	0	1	0	0	0	0	0	0	0	0	0	0	0	0	0	0	0	0	0	0	0
NZ_LR134378.1	3p	+	53	4	4	7	10	25	1	0	1	0	0	0	0	0	0	0	0	0	0	0	0	0	0	0	0	0	0
NZ_LR134378.1	3p	+	54	4	12	3	2	21	0	0	0	0	0	0	0	0	0	0	0	0	0	0	0	0	0	0	0	0	0
NZ_LR134378.1	3p	+	55	0	8	8	0	16	0	0	0	0	0	0	0	0	0	0	0	0	0	0	0	0	1	0	0	0	0
NZ_LR134378.1	3p	+	56	1	9	3	2	15	0	0	0	0	0	0	0	0	0	0	0	0	0	0	0	0	0	0	0	0	0
NZ_LR134378.1	3p	+	57	1	4	7	1	13	0	0	0	0	0	0	0	0	0	0	0	0	0	0	0	0	0	0	0	0	0
NZ_LR134378.1	3p	+	58	1	4	6	1	12	0	0	0	0	0	0	0	0	0	0	0	0	0	0	0	0	0	0	0	0	0
NZ_LR134378.1	3p	+	59	3	2	2	4	11	0	0	0	0	0	0	0	0	0	0	0	0	0	0	0	0	0	0	0	0	0
NZ_LR134378.1	3p	+	60	2	2	6	1	11	0	0	0	0	0	0	0	0	0	0	0	0	0	0	0	0	0	0	0	0	0
NZ_LR134378.1	3p	+	61	1	4	2	3	10	0	0	0	0	0	0	0	0	0	1	0	0	0	0	0	0	0	0	0	0	0
NZ_LR134378.1	3p	+	62	2	4	2	2	10	0	0	0	0	0	0	1	0	0	0	0	0	0	0	0	0	0	0	0	0	0
NZ_LR134378.1	3p	+	63	2	4	2	1	9	0	0	0	0	0	0	0	0	0	0	0	0	0	0	0	0	0	0	0	0	0
NZ_LR134378.1	3p	+	64	2	4	1	1	8	0	0	0	0	0	0	0	0	0	0	0	0	0	0	0	0	0	0	0	0	0
NZ_LR134378.1	3p	+	65	1	2	3	1	7	0	0	0	0	0	0	0	0	0	0	0	0	0	0	0	0	0	0	0	0	0
NZ_LR134378.1	3p	+	66	2	2	3	0	7	0	0	0	0	0	0	0	0	0	0	0	0	0	0	0	0	0	0	0	0	0
NZ_LR134378.1	3p	+	67	1	4	1	1	7	0	0	0	0	0	0	1	0	0	0	0	0	0	0	0	0	0	0	0	0	0
NZ_LR134378.1	3p	+	68	2	4	0	1	7	0	0	1	0	0	0	0	0	0	0	0	0	0	0	0	0	0	0	0	0	0
NZ_LR134378.1	3p	+	69	2	2	1	1	6	0	0	0	0	0	0	0	0	0	0	0	0	0	0	0	0	0	0	0	0	0
NZ_LR134378.1	3p	+	70	1	2	2	0	5	0	0	0	0	0	0	0	0	0	0	0	0	0	0	0	0	0	0	0	0	0
NZ_LR134378.1	3p	-	1	159	270	225	162	816	5	24	8	5	3	1	7	5	4	1	18	7	0	0	0	0	0	0	0	0	0
NZ_LR134378.1	3p	-	2	186	264	240	126	816	9	12	7	1	2	3	11	4	5	2	5	2	0	0	0	0	0	0	0	0	0
NZ_LR134378.1	3p	-	3	143	267	258	148	816	2	17	6	6	1	0	10	5	0	3	11	4	0	0	0	0	0	0	0	0	0
NZ_LR134378.1	3p	-	4	159	259	234	164	816	5	13	4	5	2	2	10	0	3	2	6	3	0	0	0	0	0	0	0	0	0
NZ_LR134378.1	3p	-	5	162	249	249	156	816	9	9	3	5	1	0	12	2	1	2	7	1	0	0	0	1	0	0	0	0	0
NZ_LR134378.1	3p	-	6	131	283	280	122	816	7	14	3	3	2	4	13	3	1	0	15	0	1	0	0	0	0	0	0	0	0
NZ_LR134378.1	3p	-	7	146	269	251	150	816	5	8	3	3	4	1	4	2	0	0	10	1	2	0	0	0	0	0	0	0	0
NZ_LR134378.1	3p	-	8	163	254	246	153	816	6	13	3	6	2	3	14	3	1	1	8	0	0	0	0	0	0	0	0	0	0
NZ_LR134378.1	3p	-	9	117	291	265	142	815	3	6	3	11	4	4	11	2	6	1	10	1	0	0	1	0	0	0	0	1	0
NZ_LR134378.1	3p	-	10	145	261	254	156	816	2	10	5	5	1	1	12	1	1	3	10	3	0	0	0	0	0	0	0	0	0
NZ_LR134378.1	3p	-	11	164	265	245	142	816	9	5	4	6	1	1	7	3	2	0	10	3	0	0	0	0	0	0	0	0	0
NZ_LR134378.1	3p	-	12	146	266	274	130	816	12	12	2	3	3	1	11	2	3	2	16	3	0	0	1	0	0	0	0	0	0
NZ_LR134378.1	3p	-	13	140	253	255	167	815	2	7	2	1	0	1	7	2	1	2	14	2	0	0	0	1	0	0	1	0	0
NZ_LR134378.1	3p	-	14	156	255	260	145	816	10	8	5	5	0	1	4	4	1	2	8	0	0	0	0	0	0	0	0	0	0
NZ_LR134378.1	3p	-	15	131	277	258	149	815	0	8	5	4	2	0	8	6	5	0	12	1	0	0	2	0	1	0	0	0	0
NZ_LR134378.1	3p	-	16	134	274	248	160	816	7	8	7	2	2	0	13	0	1	3	8	2	0	0	0	1	0	0	0	0	0
NZ_LR134378.1	3p	-	17	154	242	260	160	816	5	6	4	3	0	1	7	0	2	3	5	2	0	0	0	1	0	0	0	0	0
NZ_LR134378.1	3p	-	18	138	278	270	129	815	11	9	5	6	1	1	12	4	1	1	10	4	0	0	1	0	0	1	0	0	0
NZ_LR134378.1	3p	-	19	153	264	252	147	816	6	8	5	7	3	0	7	0	1	0	7	3	0	0	0	0	0	0	0	0	0
NZ_LR134378.1	3p	-	20	177	253	226	158	814	2	5	8	5	1	1	6	2	2	1	9	1	0	1	0	0	1	0	0	1	0
NZ_LR134378.1	3p	-	21	141	262	272	140	815	10	7	8	5	2	3	8	0	0	0	6	0	0	0	1	0	0	0	1	0	0
NZ_LR134378.1	3p	-	22	168	239	258	149	814	5	8	3	11	3	2	7	2	3	1	10	3	0	0	1	0	0	0	0	2	0
NZ_LR134378.1	3p	-	23	166	235	260	154	815	5	8	7	3	1	1	3	2	1	1	11	1	0	0	0	2	0	0	1	0	0
NZ_LR134378.1	3p	-	24	136	288	246	144	814	4	12	8	9	2	0	4	4	0	0	15	3	0	1	0	0	1	1	0	0	0
NZ_LR134378.1	3p	-	25	141	248	253	174	816	1	7	5	8	3	2	7	2	3	1	7	2	0	0	1	0	0	0	0	0	0
NZ_LR134378.1	3p	-	26	142	247	266	159	814	6	7	7	10	1	2	9	3	2	2	9	3	0	0	1	0	0	0	1	1	0
NZ_LR134378.1	3p	-	27	126	269	275	145	815	2	13	4	3	1	1	12	3	1	3	12	3	0	1	0	0	0	0	1	0	0
NZ_LR134378.1	3p	-	28	159	277	217	162	815	6	13	8	6	3	2	6	0	1	0	5	5	0	0	0	0	0	0	1	0	0
NZ_LR134378.1	3p	-	29	177	259	232	146	814	9	8	5	4	3	4	7	2	2	1	7	1	0	0	1	0	0	0	1	1	0
NZ_LR134378.1	3p	-	30	144	285	262	125	816	9	8	14	4	2	2	9	2	1	2	10	3	1	0	0	1	0	0	0	0	0
NZ_LR134378.1	3p	-	31	145	216	193	138	692	5	5	8	4	1	3	7	1	3	0	7	6	0	0	1	0	0	0	0	0	0
NZ_LR134378.1	3p	-	32	132	193	140	106	571	1	5	7	2	1	0	7	2	4	0	7	2	0	0	0	0	0	0	0	0	0
NZ_LR134378.1	3p	-	33	75	154	168	88	485	5	6	3	6	1	1	6	1	0	0	6	2	0	0	0	0	0	0	0	0	0
NZ_LR134378.1	3p	-	34	75	141	123	74	413	1	5	0	3	0	2	5	4	1	0	2	1	0	0	0	0	0	0	2	0	0
NZ_LR134378.1	3p	-	35	79	100	104	71	354	0	3	3	2	2	0	11	1	2	2	5	1	0	0	0	0	0	0	0	0	0
NZ_LR134378.1	3p	-	36	47	105	88	61	301	6	5	1	2	1	0	5	1	2	0	1	2	0	0	0	0	0	1	0	0	0
NZ_LR134378.1	3p	-	37	52	83	74	47	256	1	2	0	3	2	0	2	1	0	2	3	0	0	0	0	0	0	0	0	0	0
NZ_LR134378.1	3p	-	38	45	71	69	43	228	2	6	1	3	0	1	4	0	0	0	1	0	0	0	0	0	0	0	0	0	0
NZ_LR134378.1	3p	-	39	36	63	65	31	195	1	2	5	1	0	0	2	0	0	0	1	0	0	0	0	0	0	0	0	0	0
NZ_LR134378.1	3p	-	40	41	54	43	37	175	0	4	1	1	1	0	4	0	1	0	0	1	0	0	0	0	0	0	0	0	0
NZ_LR134378.1	3p	-	41	28	56	54	28	166	1	2	1	2	2	0	1	0	0	0	2	1	0	0	0	1	0	0	0	0	0
NZ_LR134378.1	3p	-	42	25	56	52	16	149	2	1	0	1	1	1	4	2	0	0	1	0	0	0	1	1	0	0	0	0	0
NZ_LR134378.1	3p	-	43	28	33	41	23	125	1	1	3	3	0	0	1	0	1	0	1	0	0	0	0	0	0	0	0	0	0
NZ_LR134378.1	3p	-	44	27	31	33	22	113	2	2	0	0	0	0	3	0	0	0	2	1	0	0	0	0	0	0	0	0	0
NZ_LR134378.1	3p	-	45	13	35	26	16	90	0	3	1	0	0	0	2	2	0	0	1	0	0	0	0	0	0	0	0	0	0
NZ_LR134378.1	3p	-	46	16	31	23	8	78	0	1	1	0	0	1	1	1	0	0	0	0	0	0	0	0	0	0	0	0	0
NZ_LR134378.1	3p	-	47	10	24	19	12	65	1	1	0	2	0	0	0	1	0	0	0	0	0	0	0	0	0	0	0	0	0
NZ_LR134378.1	3p	-	48	9	17	19	13	58	1	2	0	1	0	0	0	0	0	0	3	0	0	0	0	0	0	0	0	0	0
NZ_LR134378.1	3p	-	49	9	17	13	13	52	0	1	1	1	1	0	0	0	0	0	0	0	0	0	0	0	0	0	0	0	0
NZ_LR134378.1	3p	-	50	8	15	15	6	44	1	1	0	0	0	0	0	0	0	0	0	0	0	0	0	0	0	0	0	0	0
NZ_LR134378.1	3p	-	51	4	9	17	5	35	0	0	1	0	1	0	1	0	0	0	0	0	0	0	0	0	0	0	0	0	0
NZ_LR134378.1	3p	-	52	8	9	10	6	33	0	1	0	0	0	0	0	0	0	0	0	1	0	0	0	0	0	0	0	0	0
NZ_LR134378.1	3p	-	53	7	11	5	4	27	0	0	0	0	0	0	0	0	0	0	0	0	0	0	0	0	0	0	0	0	0
NZ_LR134378.1	3p	-	54	3	8	8	4	23	0	0	0	0	0	0	0	0	0	0	0	0	0	0	0	0	0	0	0	0	0
NZ_LR134378.1	3p	-	55	3	9	7	2	21	0	0	0	0	0	0	0	0	0	0	0	0	0	0	0	0	0	0	0	0	0
NZ_LR134378.1	3p	-	56	5	3	4	5	17	0	0	0	0	0	0	0	0	1	0	1	0	0	1	0	0	0	0	0	0	0
NZ_LR134378.1	3p	-	57	2	3	4	3	12	0	0	0	0	0	0	0	0	0	0	0	0	0	0	0	0	0	0	0	0	0
NZ_LR134378.1	3p	-	58	2	4	4	1	11	0	0	0	0	0	0	0	0	0	0	0	0	0	0	0	0	0	0	0	0	0
NZ_LR134378.1	3p	-	59	2	4	5	0	11	0	0	0	0	0	0	0	0	0	0	0	0	0	0	0	0	0	0	0	0	0
NZ_LR134378.1	3p	-	60	3	3	3	1	10	0	0	0	0	0	0	0	0	0	0	0	1	0	0	0	0	0	0	1	0	0
NZ_LR134378.1	3p	-	61	2	4	3	2	11	0	0	0	0	0	0	0	0	0	0	0	0	0	0	0	0	0	0	0	0	0
NZ_LR134378.1	3p	-	62	1	1	4	4	10	0	0	0	0	0	0	0	0	0	0	0	0	0	0	0	0	0	0	0	0	0
NZ_LR134378.1	3p	-	63	1	0	6	3	10	0	0	0	0	0	0	0	0	0	0	0	0	0	0	0	0	0	0	0	0	0
NZ_LR134378.1	3p	-	64	0	4	4	1	9	0	0	0	0	0	0	0	0	0	0	0	0	0	0	0	0	0	0	0	0	0
NZ_LR134378.1	3p	-	65	1	3	1	3	8	0	0	0	0	0	0	0	0	0	0	0	0	0	0	0	0	0	0	0	0	0
NZ_LR134378.1	3p	-	66	2	1	4	1	8	0	0	0	0	0	0	0	0	0	0	0	0	0	0	0	0	0	0	0	0	0
NZ_LR134378.1	3p	-	67	0	5	2	1	8	0	0	0	0	0	0	0	0	0	0	0	0	0	0	0	0	0	0	0	0	0
NZ_LR134378.1	3p	-	68	4	2	0	2	8	0	0	0	0	0	0	0	0	0	0	0	0	0	0	0	0	0	0	0	0	0
NZ_LR134378.1	3p	-	69	0	2	4	2	8	0	0	0	0	0	0	0	0	0	0	0	0	0	0	0	0	0	0	0	0	0
NZ_LR134378.1	3p	-	70	1	3	3	1	8	0	0	0	0	0	0	0	0	0	0	0	0	0	0	0	0	0	0	0	0	0
NZ_LR134378.1	5p	+	1	186	293	180	220	879	5	34	5	8	4	2	7	6	4	1	12	3	0	0	0	0	0	0	0	0	0
NZ_LR134378.1	5p	+	2	156	302	279	142	879	11	14	7	4	1	1	7	4	5	1	14	2	1	0	1	0	0	0	0	0	0
NZ_LR134378.1	5p	+	3	167	304	266	142	879	3	9	7	5	1	2	15	4	3	1	7	2	0	0	1	0	0	0	0	0	0
NZ_LR134378.1	5p	+	4	170	280	253	175	878	4	12	2	9	2	0	12	2	2	4	10	3	1	0	0	0	0	0	1	0	0
NZ_LR134378.1	5p	+	5	131	323	290	134	878	10	11	3	2	3	2	9	0	1	0	14	3	0	0	0	1	0	0	1	0	0
NZ_LR134378.1	5p	+	6	168	280	293	137	878	7	6	4	5	2	4	15	1	2	0	14	0	0	0	0	1	0	0	1	0	0
NZ_LR134378.1	5p	+	7	171	285	265	156	877	5	7	7	6	2	0	10	0	2	0	24	5	0	0	0	0	0	1	1	0	0
NZ_LR134378.1	5p	+	8	160	300	275	144	879	5	5	4	8	3	3	18	6	4	1	14	4	2	0	0	0	0	0	0	0	0
NZ_LR134378.1	5p	+	9	167	285	255	169	876	4	4	8	8	2	3	16	2	1	0	11	3	1	1	0	0	2	0	1	0	0
NZ_LR134378.1	5p	+	10	144	263	287	183	877	10	8	4	8	1	2	6	1	2	0	13	4	2	0	0	0	0	1	1	0	0
NZ_LR134378.1	5p	+	11	153	311	268	146	878	7	8	6	9	3	5	17	6	2	1	8	1	0	0	1	0	0	1	0	0	0
NZ_LR134378.1	5p	+	12	169	251	315	144	879	14	4	7	3	1	1	7	1	3	0	16	1	0	0	0	0	0	0	0	0	0
NZ_LR134378.1	5p	+	13	178	280	257	163	878	5	6	5	6	3	3	8	1	3	1	15	4	0	0	0	1	1	0	0	0	0
NZ_LR134378.1	5p	+	14	143	312	280	144	879	6	11	4	5	1	2	7	1	1	1	14	3	1	0	0	0	0	0	0	0	0
NZ_LR134378.1	5p	+	15	167	266	288	157	878	7	10	5	11	2	1	11	2	3	0	7	2	0	0	1	0	0	1	0	0	0
NZ_LR134378.1	5p	+	16	186	261	257	175	879	3	10	3	7	4	2	6	2	2	2	5	7	1	0	0	0	0	0	0	0	0
NZ_LR134378.1	5p	+	17	146	307	263	162	878	4	8	6	7	3	1	9	2	1	1	13	1	0	0	0	0	0	0	1	0	0
NZ_LR134378.1	5p	+	18	170	270	288	151	879	4	7	7	8	6	1	2	0	1	3	7	2	0	0	0	1	0	0	0	0	0
NZ_LR134378.1	5p	+	19	159	276	274	169	878	5	10	2	7	2	0	14	1	1	5	10	2	1	0	0	0	0	0	1	0	0
NZ_LR134378.1	5p	+	20	148	322	275	134	879	7	5	4	5	3	1	7	3	2	1	15	2	0	0	0	0	0	0	0	0	0
NZ_LR134378.1	5p	+	21	180	271	267	161	879	6	8	7	9	1	1	7	2	3	0	13	2	0	0	0	1	0	0	0	0	0
NZ_LR134378.1	5p	+	22	161	251	275	192	879	6	4	4	4	2	2	4	1	1	3	11	3	0	0	0	0	0	0	0	0	0
NZ_LR134378.1	5p	+	23	147	307	276	148	878	5	13	7	6	1	0	7	6	2	2	11	1	0	0	0	0	0	0	1	0	0
NZ_LR134378.1	5p	+	24	152	280	288	157	877	7	8	9	2	0	1	8	5	4	2	10	3	0	0	0	0	2	0	0	0	0
NZ_LR134378.1	5p	+	25	169	271	275	163	878	9	4	2	5	2	0	6	4	2	1	16	1	0	0	0	0	0	0	1	0	0
NZ_LR134378.1	5p	+	26	149	328	279	123	879	8	7	2	7	2	2	12	2	0	3	7	3	0	0	0	0	0	0	0	0	0
NZ_LR134378.1	5p	+	27	185	252	271	171	879	12	14	6	12	2	1	11	2	5	6	11	1	0	0	1	0	0	0	0	0	0
NZ_LR134378.1	5p	+	28	187	280	243	169	879	9	9	3	3	1	0	6	2	2	0	10	1	0	0	0	0	0	0	0	0	0
NZ_LR134378.1	5p	+	29	167	309	265	138	879	8	9	13	9	4	1	15	3	2	1	10	6	0	0	0	0	0	0	0	0	0
NZ_LR134378.1	5p	+	30	198	277	272	132	879	9	8	5	5	3	3	16	2	2	1	13	4	0	0	0	0	0	0	0	0	0
NZ_LR134378.1	5p	+	31	164	209	216	134	723	4	13	3	9	1	2	5	3	2	0	10	3	0	0	1	0	0	0	0	0	0
NZ_LR134378.1	5p	+	32	114	192	172	101	579	5	5	5	5	2	2	8	1	1	2	6	2	0	0	0	0	0	0	0	1	0
NZ_LR134378.1	5p	+	33	95	140	158	87	480	3	1	4	5	0	0	13	1	0	0	8	2	0	0	0	0	0	0	0	0	0
NZ_LR134378.1	5p	+	34	100	114	115	77	406	3	3	3	3	0	1	3	3	1	0	6	6	0	0	0	1	0	0	0	1	0
NZ_LR134378.1	5p	+	35	57	133	100	59	349	0	6	1	2	0	1	6	1	0	0	5	1	0	1	0	0	0	0	0	0	0
NZ_LR134378.1	5p	+	36	60	96	83	55	294	0	3	1	3	0	0	1	1	1	0	1	2	1	0	0	1	0	0	0	0	0
NZ_LR134378.1	5p	+	37	45	77	70	63	255	0	1	2	3	0	1	3	1	0	1	2	1	0	1	0	0	0	0	0	0	0
NZ_LR134378.1	5p	+	38	42	74	75	37	228	1	9	1	2	0	1	2	0	1	0	2	0	1	0	0	0	0	0	0	0	0
NZ_LR134378.1	5p	+	39	44	58	62	37	201	2	1	1	3	2	0	0	0	1	0	2	0	0	0	0	0	0	0	0	0	0
NZ_LR134378.1	5p	+	40	43	59	44	36	182	0	3	3	3	0	0	4	0	0	0	0	1	0	0	0	0	0	0	0	0	0
NZ_LR134378.1	5p	+	41	30	56	44	31	161	1	3	0	0	2	0	5	1	0	0	1	0	0	0	0	0	0	0	0	0	0
NZ_LR134378.1	5p	+	42	39	43	46	22	150	1	2	0	0	0	2	2	0	0	0	2	0	0	0	0	0	0	0	0	0	0
NZ_LR134378.1	5p	+	43	18	46	32	31	127	0	3	0	0	1	0	1	0	0	0	1	0	0	0	0	0	0	0	0	0	0
NZ_LR134378.1	5p	+	44	20	36	31	21	108	2	5	0	0	0	0	0	1	1	0	1	0	0	0	0	0	0	0	0	0	0
NZ_LR134378.1	5p	+	45	20	31	26	14	91	1	4	1	1	0	1	0	0	0	0	0	1	0	0	0	0	0	0	0	0	0
NZ_LR134378.1	5p	+	46	13	22	21	16	72	1	1	0	1	0	1	0	0	0	0	3	0	0	0	0	0	0	0	0	0	0
NZ_LR134378.1	5p	+	47	12	19	19	14	64	0	2	1	0	0	1	0	0	1	0	1	0	0	0	0	0	0	0	0	1	0
NZ_LR134378.1	5p	+	48	7	18	12	14	51	0	0	0	1	0	0	2	0	0	0	0	0	0	0	0	0	0	0	0	0	0
NZ_LR134378.1	5p	+	49	14	10	15	5	44	0	0	2	0	0	0	1	0	0	0	1	0	0	0	0	0	0	0	0	0	0
NZ_LR134378.1	5p	+	50	9	14	6	7	36	0	0	0	1	0	0	0	0	0	0	0	0	0	0	0	0	0	0	0	0	0
NZ_LR134378.1	5p	+	51	4	12	9	7	32	0	0	0	1	0	1	0	0	0	0	0	1	0	0	0	0	0	0	0	0	0
NZ_LR134378.1	5p	+	52	4	10	12	1	27	1	0	1	0	0	0	1	0	0	0	0	0	0	0	0	0	0	0	0	0	0
NZ_LR134378.1	5p	+	53	2	8	9	6	25	0	0	0	0	0	0	0	0	0	1	0	0	0	0	0	0	0	0	0	0	0
NZ_LR134378.1	5p	+	54	4	10	5	2	21	0	0	0	0	0	0	0	0	0	0	1	0	0	0	0	0	0	0	0	0	0
NZ_LR134378.1	5p	+	55	2	5	5	5	17	0	0	0	0	0	0	0	0	0	0	0	0	0	0	0	0	0	0	0	0	0
NZ_LR134378.1	5p	+	56	4	7	2	2	15	0	1	0	1	0	0	0	0	0	0	1	0	0	0	0	0	0	0	0	0	0
NZ_LR134378.1	5p	+	57	2	7	3	1	13	0	1	0	0	0	0	0	0	0	0	0	0	0	0	0	0	0	0	0	0	0
NZ_LR134378.1	5p	+	58	1	5	3	3	12	1	0	0	0	1	0	0	0	0	0	0	0	0	0	0	0	0	0	0	0	0
NZ_LR134378.1	5p	+	59	1	2	5	3	11	0	0	0	0	0	0	0	0	0	0	0	0	0	0	0	0	0	0	0	0	0
NZ_LR134378.1	5p	+	60	2	0	4	5	11	0	0	0	1	0	0	0	0	0	0	0	0	0	0	0	0	0	0	0	0	0
NZ_LR134378.1	5p	+	61	2	5	3	0	10	0	1	0	0	0	0	0	0	0	0	0	0	0	0	0	0	0	0	0	0	0
NZ_LR134378.1	5p	+	62	1	6	2	1	10	0	1	0	0	0	0	0	0	0	0	0	0	0	0	0	0	0	0	0	0	0
NZ_LR134378.1	5p	+	63	1	2	3	3	9	0	0	0	0	0	0	0	0	0	0	0	0	0	0	0	0	0	0	0	0	0
NZ_LR134378.1	5p	+	64	2	1	3	2	8	0	0	0	0	0	0	0	0	0	0	0	0	0	0	0	0	0	0	0	0	0
NZ_LR134378.1	5p	+	65	0	4	0	3	7	0	0	0	0	0	0	0	0	0	0	0	0	0	0	0	0	0	0	0	0	0
NZ_LR134378.1	5p	+	66	0	2	3	2	7	0	0	0	0	0	0	1	0	0	0	0	0	0	0	0	0	0	0	0	0	0
NZ_LR134378.1	5p	+	67	1	2	1	3	7	0	0	0	0	0	0	0	0	0	0	0	0	0	0	0	0	0	0	0	0	0
NZ_LR134378.1	5p	+	68	2	1	3	1	7	1	0	0	0	0	0	0	0	0	0	0	0	0	0	0	0	0	0	0	0	0
NZ_LR134378.1	5p	+	69	0	4	2	0	6	0	0	0	0	0	0	0	0	0	0	0	0	0	0	0	0	0	0	0	0	0
NZ_LR134378.1	5p	+	70	3	1	1	0	5	0	0	0	0	0	0	0	0	0	0	0	0	0	0	0	0	0	0	0	0	0
NZ_LR134378.1	5p	-	1	168	292	161	195	816	8	23	3	9	4	6	9	4	2	2	6	7	0	0	0	0	0	0	0	0	1
NZ_LR134378.1	5p	-	2	140	316	226	134	816	3	18	12	8	0	2	15	4	2	1	12	2	0	0	0	0	0	0	0	0	0
NZ_LR134378.1	5p	-	3	178	249	266	123	816	10	6	13	5	5	1	14	6	5	0	7	1	0	0	0	0	0	0	0	0	0
NZ_LR134378.1	5p	-	4	170	260	229	156	815	3	9	4	2	0	3	9	1	1	0	4	2	0	0	1	0	0	0	0	1	0
NZ_LR134378.1	5p	-	5	125	297	257	131	810	9	6	9	8	3	2	17	1	4	2	12	4	0	0	0	2	0	0	5	1	0
NZ_LR134378.1	5p	-	6	147	244	276	149	816	7	8	7	5	3	2	11	1	1	0	12	5	0	0	1	0	0	0	0	0	0
NZ_LR134378.1	5p	-	7	157	259	242	158	816	1	9	6	6	4	3	4	2	0	3	12	4	0	0	1	0	0	0	0	0	0
NZ_LR134378.1	5p	-	8	131	266	264	155	816	5	6	4	7	3	0	8	4	2	1	11	2	0	0	1	1	0	0	0	0	0
NZ_LR134378.1	5p	-	9	179	218	271	145	813	8	8	8	7	3	0	11	2	1	0	9	2	1	1	0	0	1	0	1	1	0
NZ_LR134378.1	5p	-	10	152	271	211	179	813	5	7	2	5	2	2	7	4	0	2	3	2	0	0	0	1	0	2	1	0	0
NZ_LR134378.1	5p	-	11	123	288	257	146	814	9	13	7	5	0	0	4	0	2	0	10	4	0	1	1	0	0	0	0	2	0
NZ_LR134378.1	5p	-	12	148	254	273	140	815	3	3	8	6	1	1	10	2	1	1	8	1	0	1	1	1	0	0	1	0	0
NZ_LR134378.1	5p	-	13	182	222	232	178	814	7	4	7	4	4	2	4	3	1	0	10	4	0	0	0	0	1	1	0	0	0
NZ_LR134378.1	5p	-	14	140	260	275	140	815	4	8	6	8	2	1	7	1	1	2	12	2	0	0	0	0	0	0	1	0	0
NZ_LR134378.1	5p	-	15	147	255	275	139	816	11	9	8	3	1	2	8	0	1	2	2	3	0	0	1	0	0	0	0	0	0
NZ_LR134378.1	5p	-	16	137	254	247	178	816	1	13	4	4	0	1	4	2	1	0	10	1	0	0	1	1	0	0	0	0	0
NZ_LR134378.1	5p	-	17	134	282	268	132	816	7	5	3	9	2	0	13	2	2	2	12	2	0	0	0	1	0	0	0	0	0
NZ_LR134378.1	5p	-	18	149	246	278	142	815	8	7	9	7	1	1	7	1	3	1	11	3	0	1	1	0	1	0	0	0	0
NZ_LR134378.1	5p	-	19	155	253	240	167	815	4	5	3	2	1	1	9	1	0	1	9	2	0	0	0	0	0	0	1	0	0
NZ_LR134378.1	5p	-	20	135	280	284	117	816	8	7	3	3	2	0	9	6	2	1	12	2	0	0	0	0	0	0	0	0	0
NZ_LR134378.1	5p	-	21	148	275	264	129	816	4	8	6	7	2	1	10	1	7	1	6	3	0	0	1	0	0	0	0	0	0
NZ_LR134378.1	5p	-	22	173	260	232	151	816	2	8	5	3	2	1	7	3	3	1	8	0	0	0	1	1	0	0	0	0	0
NZ_LR134378.1	5p	-	23	142	267	268	139	816	5	9	7	9	5	0	15	1	4	2	12	2	0	0	1	0	0	0	0	0	0
NZ_LR134378.1	5p	-	24	149	270	265	132	816	8	6	4	4	1	3	9	0	0	1	10	0	0	0	0	0	0	0	0	0	0
NZ_LR134378.1	5p	-	25	174	218	253	171	816	4	9	3	9	1	2	6	0	0	2	11	0	1	0	0	0	0	0	0	0	0
NZ_LR134378.1	5p	-	26	133	279	279	124	815	9	12	3	5	4	0	14	2	1	3	10	1	0	0	0	0	0	0	0	1	0
NZ_LR134378.1	5p	-	27	160	271	252	133	816	5	15	2	7	1	3	7	2	2	2	10	2	1	0	0	0	0	0	0	0	0
NZ_LR134378.1	5p	-	28	160	248	238	170	816	5	7	0	3	0	2	6	3	2	1	7	3	0	0	0	1	0	0	0	0	0
NZ_LR134378.1	5p	-	29	131	284	261	140	816	8	12	10	5	3	0	13	4	2	1	12	5	0	0	0	0	0	0	0	0	0
NZ_LR134378.1	5p	-	30	136	257	266	157	816	4	13	5	5	0	3	14	3	5	3	18	5	1	0	0	0	0	0	0	0	0
NZ_LR134378.1	5p	-	31	152	208	202	130	692	5	8	4	6	3	1	8	4	2	0	5	3	0	0	0	0	0	0	0	0	0
NZ_LR134378.1	5p	-	32	93	185	185	108	571	5	7	2	5	0	1	7	1	2	0	12	1	0	0	0	0	0	0	0	0	0
NZ_LR134378.1	5p	-	33	81	164	147	93	485	3	10	1	3	1	1	4	4	0	0	4	2	0	0	0	0	0	0	0	0	0
NZ_LR134378.1	5p	-	34	87	141	104	83	415	1	8	2	0	0	0	3	2	1	0	4	0	0	0	0	0	0	0	0	0	0
NZ_LR134378.1	5p	-	35	72	128	101	53	354	1	8	1	0	0	0	1	2	0	1	2	1	0	0	0	0	0	0	0	0	0
NZ_LR134378.1	5p	-	36	58	96	91	57	302	0	4	3	1	0	1	2	1	2	0	2	0	0	0	0	0	0	0	0	0	0
NZ_LR134378.1	5p	-	37	50	82	82	42	256	1	5	1	0	0	1	3	2	1	0	1	2	0	0	0	0	0	0	0	0	0
NZ_LR134378.1	5p	-	38	37	75	72	44	228	1	5	3	2	1	0	4	0	0	1	3	0	0	0	0	0	0	0	0	0	0
NZ_LR134378.1	5p	-	39	32	71	52	40	195	0	3	2	2	0	1	4	1	0	0	3	0	0	0	0	0	0	0	0	0	0
NZ_LR134378.1	5p	-	40	34	58	51	32	175	1	3	3	2	0	0	1	0	0	0	3	0	0	0	0	0	0	0	0	0	0
NZ_LR134378.1	5p	-	41	33	51	54	28	166	0	3	1	0	0	0	0	0	1	0	3	0	0	0	0	0	0	0	0	0	0
NZ_LR134378.1	5p	-	42	32	48	42	27	149	2	3	0	0	0	0	1	0	0	0	0	0	0	0	0	0	0	0	0	0	0
NZ_LR134378.1	5p	-	43	34	34	28	29	125	0	0	1	0	0	0	0	0	0	1	1	0	0	0	0	0	0	0	0	0	0
NZ_LR134378.1	5p	-	44	20	37	39	17	113	2	4	1	0	0	0	0	1	1	0	0	0	0	0	0	0	0	0	0	0	0
NZ_LR134378.1	5p	-	45	17	28	29	16	90	1	0	0	0	1	0	1	0	1	1	0	0	0	0	0	0	0	0	0	0	0
NZ_LR134378.1	5p	-	46	19	25	20	14	78	1	1	0	0	0	1	0	0	0	0	1	0	0	0	0	0	0	0	0	0	0
NZ_LR134378.1	5p	-	47	15	17	18	15	65	0	1	2	0	0	1	1	0	0	0	1	0	0	0	0	0	0	0	0	0	0
NZ_LR134378.1	5p	-	48	10	15	20	13	58	1	0	0	0	0	1	1	0	0	0	1	0	0	0	0	0	0	0	0	0	0
NZ_LR134378.1	5p	-	49	14	12	15	11	52	0	2	0	0	1	0	0	0	0	0	0	0	0	0	0	0	0	0	0	0	0
NZ_LR134378.1	5p	-	50	6	18	11	9	44	2	0	0	0	0	0	0	1	1	0	0	1	0	0	0	0	0	0	0	0	0
NZ_LR134378.1	5p	-	51	5	17	8	5	35	0	1	0	0	0	0	0	0	0	0	1	0	0	0	0	0	0	0	0	0	0
NZ_LR134378.1	5p	-	52	9	7	9	8	33	0	0	0	0	0	0	0	0	0	0	0	0	0	0	0	0	0	0	0	0	0
NZ_LR134378.1	5p	-	53	4	10	7	6	27	0	0	0	0	0	0	0	1	0	0	0	0	0	0	0	0	0	0	0	0	0
NZ_LR134378.1	5p	-	54	4	10	6	3	23	0	1	0	0	0	0	0	0	0	0	0	0	0	0	0	0	0	0	0	0	0
NZ_LR134378.1	5p	-	55	3	6	3	9	21	1	1	0	0	1	0	0	0	0	0	0	0	0	0	0	0	0	0	0	0	0
NZ_LR134378.1	5p	-	56	3	6	6	2	17	0	0	0	0	1	0	0	0	0	0	1	0	0	0	0	0	0	0	0	0	0
NZ_LR134378.1	5p	-	57	2	4	3	3	12	0	0	0	0	0	0	0	0	0	0	0	0	0	0	0	0	0	0	0	0	0
NZ_LR134378.1	5p	-	58	4	3	3	1	11	0	0	0	0	0	0	0	0	0	0	0	0	0	0	0	0	0	0	0	0	0
NZ_LR134378.1	5p	-	59	0	5	4	2	11	0	0	0	0	0	0	0	0	0	0	0	0	0	0	0	0	0	0	0	0	0
NZ_LR134378.1	5p	-	60	3	2	5	1	11	0	0	0	0	0	0	0	0	0	0	0	0	0	0	0	0	0	0	0	0	0
NZ_LR134378.1	5p	-	61	4	2	2	3	11	0	0	0	0	0	0	0	0	0	0	0	0	0	0	0	0	0	0	0	0	0
NZ_LR134378.1	5p	-	62	3	2	3	2	10	1	0	0	0	0	0	0	0	0	1	0	0	0	0	0	0	0	0	0	0	0
NZ_LR134378.1	5p	-	63	3	4	2	1	10	0	1	0	0	0	0	0	0	0	0	0	0	0	0	0	0	0	0	0	0	0
NZ_LR134378.1	5p	-	64	1	4	3	1	9	0	0	0	0	0	0	0	0	0	0	0	0	0	0	0	0	0	0	0	0	0
NZ_LR134378.1	5p	-	65	1	4	2	1	8	0	0	0	0	0	0	0	0	0	0	0	0	0	0	0	0	0	0	0	0	0
NZ_LR134378.1	5p	-	66	3	0	4	1	8	1	0	0	0	0	0	0	0	0	0	0	0	0	0	0	0	0	0	0	0	0
NZ_LR134378.1	5p	-	67	3	3	0	2	8	0	0	0	0	0	0	0	0	0	0	0	0	0	0	0	0	0	0	0	0	0
NZ_LR134378.1	5p	-	68	0	4	2	2	8	0	0	0	0	0	0	0	0	0	0	0	0	0	0	0	0	0	0	0	0	0
NZ_LR134378.1	5p	-	69	1	1	5	1	8	0	0	0	0	0	0	0	0	0	0	0	0	0	0	0	0	0	0	0	0	0
NZ_LR134378.1	5p	-	70	1	1	5	1	8	0	0	0	0	0	0	0	0	0	0	0	0	0	0	0	0	0	0	0	0	0
