# table produced by mapDamage version 2.2.3
# using mapped file /mnt/archgen/microbiome_calculus/library_ds_vs_ss/04-analysis/normalize_kraken/mapping/lautropia_mirabilis/mapDamage2_ssLibs/input/CDM020.A0102.SG1.4_5M.mapped_l_mirabilis_q25l30_rmdup.bam and /mnt/archgen/microbiome_calculus/library_ds_vs_ss/04-analysis/normalize_kraken/mapping/lautropia_mirabilis/input/GCF_900637555.1_51726_E01_genomic.fna as reference file
# Chr: reference from sam/bam header, End: from which termini of DNA sequences, Std: strand of reads
Chr	End	Std	Pos	A	C	G	T	Total	G>A	C>T	A>G	T>C	A>C	A>T	C>G	C>A	T>G	T>A	G>C	G>T	A>-	T>-	C>-	G>-	->A	->T	->C	->G	S
NZ_LR134378.1	3p	+	1	4422	7982	7123	4100	23627	107	1917	75	78	17	17	52	31	14	20	38	28	0	0	0	0	0	0	0	0	0
NZ_LR134378.1	3p	+	2	4968	7326	7977	3356	23627	107	1429	86	66	11	8	37	32	18	10	31	14	0	0	0	0	0	0	0	0	0
NZ_LR134378.1	3p	+	3	4313	7379	7962	3973	23627	111	1348	80	61	12	10	44	20	11	7	40	31	0	0	0	0	0	0	0	0	0
NZ_LR134378.1	3p	+	4	4414	7565	7533	4115	23627	98	1178	84	78	11	14	43	23	19	7	33	15	0	0	0	0	0	0	0	0	0
NZ_LR134378.1	3p	+	5	4507	7306	7620	4192	23625	82	992	74	61	18	11	42	23	9	11	39	18	0	0	0	0	0	1	1	0	0
NZ_LR134378.1	3p	+	6	4277	7499	7640	4209	23625	83	920	95	65	12	14	48	17	16	14	39	26	0	0	0	0	0	2	0	0	0
NZ_LR134378.1	3p	+	7	4192	7690	7507	4237	23626	97	794	75	67	11	7	37	21	17	6	32	23	0	0	2	0	0	0	0	1	0
NZ_LR134378.1	3p	+	8	4170	7533	7542	4378	23623	98	737	96	77	13	8	35	13	16	6	40	23	2	4	1	2	2	1	0	1	0
NZ_LR134378.1	3p	+	9	4233	7505	7677	4208	23623	88	649	87	77	15	9	39	19	15	7	41	31	0	0	3	3	1	0	2	1	0
NZ_LR134378.1	3p	+	10	4262	7684	7438	4238	23622	96	569	82	71	16	10	37	15	11	8	28	19	0	1	0	1	0	1	1	3	0
NZ_LR134378.1	3p	+	11	4141	7646	7544	4293	23624	83	538	76	66	12	8	32	19	18	7	26	15	0	2	3	1	2	1	0	0	0
NZ_LR134378.1	3p	+	12	4160	7604	7716	4144	23624	82	476	80	61	14	6	26	16	20	7	34	24	1	2	0	1	2	0	1	0	0
NZ_LR134378.1	3p	+	13	4206	7533	7739	4142	23620	76	422	82	83	15	9	34	13	12	7	34	24	3	1	0	1	2	2	1	2	0
NZ_LR134378.1	3p	+	14	4081	7674	7760	4109	23624	90	416	74	72	14	4	35	14	10	6	32	13	2	4	1	1	0	0	2	1	0
NZ_LR134378.1	3p	+	15	4117	7704	7737	4067	23625	92	425	97	89	16	4	41	18	13	8	33	22	0	2	2	4	1	1	0	0	0
NZ_LR134378.1	3p	+	16	4085	7680	7740	4120	23625	76	420	85	81	12	5	30	28	24	6	32	20	2	2	0	3	0	1	0	1	0
NZ_LR134378.1	3p	+	17	4233	7591	7581	4219	23624	85	370	88	72	18	9	36	22	17	6	32	22	0	1	0	3	1	0	2	0	0
NZ_LR134378.1	3p	+	18	3988	7695	7849	4090	23622	88	367	81	88	12	3	28	14	9	7	40	14	0	1	0	4	2	2	1	0	0
NZ_LR134378.1	3p	+	19	4140	7568	7700	4218	23626	83	376	89	77	14	8	42	14	17	5	34	18	0	1	1	2	0	0	1	0	0
NZ_LR134378.1	3p	+	20	4097	7542	7673	4310	23622	85	365	71	79	12	6	28	12	15	11	39	11	1	0	1	0	1	2	1	1	0
NZ_LR134378.1	3p	+	21	4110	7777	7738	3999	23624	78	393	89	79	13	11	51	19	12	10	40	21	1	0	0	0	1	0	1	1	0
NZ_LR134378.1	3p	+	22	4165	7507	7726	4228	23626	76	391	74	76	10	7	27	18	12	4	32	21	0	1	0	1	0	1	0	0	0
NZ_LR134378.1	3p	+	23	4249	7623	7566	4188	23626	86	393	74	92	23	6	36	15	18	8	40	19	1	1	0	2	0	1	0	0	0
NZ_LR134378.1	3p	+	24	4150	7625	7822	4028	23625	96	423	74	88	11	10	46	16	23	10	50	26	0	0	0	0	0	1	0	1	0
NZ_LR134378.1	3p	+	25	4110	7595	7826	4095	23626	82	432	80	89	7	2	36	19	14	7	31	20	0	0	1	2	1	0	0	0	0
NZ_LR134378.1	3p	+	26	4152	7592	7736	4145	23625	100	462	79	65	6	6	43	16	16	13	36	15	1	0	2	4	0	1	0	1	0
NZ_LR134378.1	3p	+	27	4240	7692	7748	3943	23623	77	492	78	71	14	10	41	19	13	9	41	19	0	1	0	2	1	2	0	1	0
NZ_LR134378.1	3p	+	28	4179	7711	7580	4155	23625	96	489	71	77	16	8	43	12	19	7	36	21	2	1	1	3	0	0	0	2	0
NZ_LR134378.1	3p	+	29	4220	7668	7630	4108	23626	77	563	77	67	9	12	35	15	16	5	25	17	1	0	0	0	0	0	0	1	0
NZ_LR134378.1	3p	+	30	4057	7721	7706	4142	23626	95	653	78	93	14	8	32	19	15	7	40	14	1	0	0	0	1	0	0	0	0
NZ_LR134378.1	3p	+	31	3981	7303	7383	3947	22614	75	655	71	89	11	9	39	16	13	4	36	16	0	1	0	1	0	0	0	1	0
NZ_LR134378.1	3p	+	32	3829	7078	6926	3749	21582	76	641	56	65	10	10	39	14	14	7	26	23	0	1	3	3	0	1	0	0	0
NZ_LR134378.1	3p	+	33	3665	6664	6683	3607	20619	72	605	68	60	13	4	32	19	5	4	22	14	1	1	0	4	0	1	1	0	0
NZ_LR134378.1	3p	+	34	3511	6383	6304	3397	19595	64	565	53	63	10	3	21	18	4	4	31	17	0	1	0	2	0	1	0	0	0
NZ_LR134378.1	3p	+	35	3373	6032	6010	3265	18680	70	594	60	52	10	7	25	15	8	9	25	12	0	0	0	0	1	0	0	0	0
NZ_LR134378.1	3p	+	36	3094	5798	5860	3041	17793	68	565	59	54	9	1	18	17	6	4	23	15	0	1	1	0	1	0	0	0	0
NZ_LR134378.1	3p	+	37	2992	5485	5353	3002	16832	59	572	58	47	8	9	15	9	12	5	19	23	0	0	0	1	0	0	0	0	0
NZ_LR134378.1	3p	+	38	2859	5067	5175	2835	15936	59	511	47	47	9	6	19	14	6	7	19	11	0	0	1	0	0	1	0	0	0
NZ_LR134378.1	3p	+	39	2700	4917	4866	2585	15068	57	513	49	48	10	6	16	11	7	3	19	13	0	0	0	0	0	0	0	0	0
NZ_LR134378.1	3p	+	40	2589	4490	4628	2590	14297	66	510	42	42	7	3	18	4	7	3	17	12	0	0	1	0	1	1	0	0	0
NZ_LR134378.1	3p	+	41	2438	4289	4430	2417	13574	48	470	41	35	5	5	13	11	6	5	24	9	0	0	0	1	0	0	0	0	0
NZ_LR134378.1	3p	+	42	2366	4194	4051	2272	12883	46	485	53	49	7	4	19	15	2	2	20	11	0	0	0	0	0	0	0	0	0
NZ_LR134378.1	3p	+	43	2185	3961	3847	2067	12060	53	466	49	32	5	4	11	13	4	4	13	13	0	0	1	0	0	1	0	0	0
NZ_LR134378.1	3p	+	44	2030	3641	3618	2043	11332	32	385	28	32	9	2	12	10	9	2	14	13	0	0	1	0	0	1	0	0	0
NZ_LR134378.1	3p	+	45	1943	3390	3400	1867	10600	36	356	38	32	6	3	9	9	5	7	15	7	0	1	0	0	1	0	0	0	0
NZ_LR134378.1	3p	+	46	1822	3197	3142	1734	9895	42	324	42	26	7	2	10	6	4	3	11	14	1	0	0	1	0	1	0	0	0
NZ_LR134378.1	3p	+	47	1662	3029	2912	1702	9305	26	346	31	27	3	3	10	4	6	8	10	13	1	0	0	0	1	0	0	0	0
NZ_LR134378.1	3p	+	48	1557	2775	2792	1562	8686	34	301	43	24	6	9	12	6	6	0	8	4	0	1	1	1	0	1	0	0	0
NZ_LR134378.1	3p	+	49	1467	2653	2588	1380	8088	27	299	27	17	2	1	16	5	6	2	4	10	0	0	0	1	0	0	0	0	0
NZ_LR134378.1	3p	+	50	1359	2462	2343	1418	7582	27	259	23	19	5	3	11	5	6	4	11	1	0	0	0	0	0	0	0	1	0
NZ_LR134378.1	3p	+	51	1316	2259	2302	1207	7084	31	251	16	23	2	2	7	2	3	1	9	7	0	0	1	0	0	0	0	0	0
NZ_LR134378.1	3p	+	52	1222	2072	2120	1198	6612	22	226	18	22	4	3	6	8	8	3	10	3	0	0	0	0	0	0	0	0	0
NZ_LR134378.1	3p	+	53	1184	1982	1960	1100	6226	24	195	17	15	2	1	5	4	4	3	10	7	0	0	0	0	0	0	0	0	0
NZ_LR134378.1	3p	+	54	1065	1966	1809	979	5819	16	190	19	17	3	0	4	2	5	5	7	4	0	0	1	0	0	0	0	0	0
NZ_LR134378.1	3p	+	55	1013	1742	1752	960	5467	24	175	18	13	3	0	2	5	0	5	7	5	0	0	0	0	0	0	0	0	0
NZ_LR134378.1	3p	+	56	941	1691	1580	931	5143	24	199	15	13	1	2	2	1	2	0	6	2	0	0	0	2	0	0	0	0	0
NZ_LR134378.1	3p	+	57	920	1555	1518	833	4826	23	161	17	17	2	3	5	5	5	3	3	4	0	0	0	0	0	0	0	0	0
NZ_LR134378.1	3p	+	58	790	1461	1439	855	4545	17	154	14	13	3	3	1	5	1	3	7	3	0	0	0	0	0	0	0	0	0
NZ_LR134378.1	3p	+	59	793	1349	1322	827	4291	16	142	10	14	2	1	6	1	0	1	3	3	1	0	0	0	0	0	0	0	0
NZ_LR134378.1	3p	+	60	775	1276	1286	707	4044	14	135	23	14	3	3	8	4	2	1	7	4	0	0	0	0	0	0	0	0	0
NZ_LR134378.1	3p	+	61	675	1245	1220	689	3829	16	143	15	9	2	1	4	3	4	1	2	4	0	0	0	1	0	1	0	0	0
NZ_LR134378.1	3p	+	62	699	1137	1117	678	3631	12	141	16	13	0	2	2	4	2	0	4	3	0	0	0	1	1	0	0	0	0
NZ_LR134378.1	3p	+	63	592	1134	1116	604	3446	14	107	9	10	1	0	6	0	3	1	5	1	0	0	0	0	1	0	0	0	0
NZ_LR134378.1	3p	+	64	580	1059	1055	574	3268	18	113	7	8	1	1	3	1	1	0	1	5	0	0	0	0	0	0	0	1	0
NZ_LR134378.1	3p	+	65	600	1013	880	556	3049	18	130	10	7	1	3	5	3	2	0	2	4	0	0	0	0	0	0	0	0	0
NZ_LR134378.1	3p	+	66	519	882	964	483	2848	11	105	13	13	2	0	2	2	0	2	5	4	0	0	0	0	0	0	0	0	0
NZ_LR134378.1	3p	+	67	475	879	829	475	2658	13	94	8	7	2	0	1	1	2	1	2	1	0	0	0	0	0	0	0	0	0
NZ_LR134378.1	3p	+	68	464	788	763	479	2494	10	94	14	13	2	1	1	3	1	2	5	1	0	0	0	0	0	0	0	0	0
NZ_LR134378.1	3p	+	69	424	724	763	411	2322	13	66	7	5	2	2	3	3	2	1	3	4	0	0	0	0	0	0	0	0	0
NZ_LR134378.1	3p	+	70	381	721	665	401	2168	13	91	8	8	2	0	4	0	2	1	3	3	0	0	0	0	0	0	0	0	0
NZ_LR134378.1	3p	-	1	4362	8170	7132	3965	23629	119	2003	71	64	13	27	46	31	21	10	45	32	0	0	0	0	0	0	0	0	0
NZ_LR134378.1	3p	-	2	4858	7311	7928	3532	23629	119	1432	92	65	15	5	48	15	20	8	30	25	0	0	0	0	0	0	0	0	0
NZ_LR134378.1	3p	-	3	4324	7377	7811	4116	23628	79	1406	98	59	14	9	48	21	11	11	27	33	0	0	0	0	0	1	0	0	0
NZ_LR134378.1	3p	-	4	4349	7550	7627	4101	23627	101	1219	85	72	11	8	36	20	6	10	25	24	0	0	0	0	1	0	1	0	0
NZ_LR134378.1	3p	-	5	4370	7352	7648	4256	23626	109	1061	78	70	14	9	39	18	12	8	42	24	0	1	0	0	0	0	0	3	0
NZ_LR134378.1	3p	-	6	4219	7582	7648	4175	23624	76	877	87	71	6	10	32	16	14	11	49	17	0	0	1	1	0	2	2	1	0
NZ_LR134378.1	3p	-	7	4196	7558	7441	4429	23624	107	816	89	70	17	10	36	18	15	9	38	27	0	0	1	1	0	2	1	2	0
NZ_LR134378.1	3p	-	8	4195	7443	7614	4375	23627	102	696	74	84	13	8	42	21	11	10	39	30	0	0	2	4	1	1	0	0	0
NZ_LR134378.1	3p	-	9	4209	7439	7697	4279	23624	77	695	93	89	20	14	35	11	15	7	51	25	0	1	3	4	0	3	0	1	0
NZ_LR134378.1	3p	-	10	4093	7707	7522	4306	23628	105	661	73	72	19	5	35	17	12	11	41	20	0	0	1	1	0	0	0	1	0
NZ_LR134378.1	3p	-	11	4107	7600	7669	4248	23624	88	500	79	72	15	5	47	14	16	3	31	23	0	1	4	3	1	3	0	1	0
NZ_LR134378.1	3p	-	12	4152	7580	7692	4200	23624	100	457	87	81	16	8	41	29	12	5	36	25	0	4	2	5	3	0	0	1	0
NZ_LR134378.1	3p	-	13	4081	7683	7672	4193	23629	108	436	56	75	11	7	33	16	23	5	22	21	2	2	1	3	0	0	0	0	0
NZ_LR134378.1	3p	-	14	4099	7620	7647	4260	23626	93	459	84	92	12	6	38	21	16	5	32	25	0	0	0	3	0	1	1	0	0
NZ_LR134378.1	3p	-	15	4243	7483	7775	4126	23627	91	428	89	73	15	7	35	16	15	2	48	13	0	0	1	3	1	1	0	0	0
NZ_LR134378.1	3p	-	16	4026	7701	7727	4172	23626	94	387	80	84	17	8	40	18	14	3	31	19	1	0	0	2	0	0	1	2	0
NZ_LR134378.1	3p	-	17	4203	7533	7713	4179	23628	85	405	73	84	17	8	27	22	8	8	38	23	0	0	1	0	0	0	1	0	0
NZ_LR134378.1	3p	-	18	4120	7570	7823	4114	23627	108	344	99	75	11	6	34	18	17	11	29	23	0	2	1	0	0	0	1	1	0
NZ_LR134378.1	3p	-	19	4061	7663	7698	4203	23625	89	387	65	84	15	4	28	19	10	6	27	15	0	1	0	2	2	0	0	2	0
NZ_LR134378.1	3p	-	20	4195	7435	7667	4331	23628	87	351	79	76	11	11	40	17	14	7	31	22	0	2	1	0	0	0	0	1	0
NZ_LR134378.1	3p	-	21	4101	7815	7651	4060	23627	77	384	79	69	11	4	27	15	13	10	44	22	2	0	0	1	1	0	0	1	0
NZ_LR134378.1	3p	-	22	4027	7782	7577	4242	23628	106	409	69	88	11	5	41	24	13	4	38	22	0	1	1	0	0	1	0	0	0
NZ_LR134378.1	3p	-	23	4085	7552	7722	4269	23628	80	447	72	81	12	10	34	20	12	6	34	19	1	2	1	0	0	0	0	1	0
NZ_LR134378.1	3p	-	24	4032	7549	7958	4088	23627	85	385	75	74	14	0	49	17	12	7	35	20	0	0	2	2	1	1	0	0	0
NZ_LR134378.1	3p	-	25	4096	7695	7646	4191	23628	99	462	89	84	11	8	42	20	13	3	27	21	1	0	1	1	0	0	0	1	0
NZ_LR134378.1	3p	-	26	4212	7703	7597	4116	23628	98	426	102	74	14	7	29	12	13	8	24	14	0	1	1	1	0	0	1	0	0
NZ_LR134378.1	3p	-	27	4127	7618	7672	4210	23627	84	488	89	78	17	9	36	13	12	7	49	25	0	0	1	1	0	0	0	2	0
NZ_LR134378.1	3p	-	28	4193	7668	7644	4122	23627	80	476	95	69	15	8	27	13	10	5	36	22	0	0	1	1	0	1	1	0	0
NZ_LR134378.1	3p	-	29	4229	7663	7662	4074	23628	96	562	63	77	14	13	44	17	10	7	39	20	0	1	2	0	0	0	0	1	0
NZ_LR134378.1	3p	-	30	4210	7615	7691	4110	23626	104	627	86	81	3	13	42	21	15	5	40	24	0	0	2	0	0	1	1	1	0
NZ_LR134378.1	3p	-	31	3914	7432	7225	4028	22599	82	604	83	66	13	9	39	17	11	5	28	22	1	2	1	0	0	0	0	0	0
NZ_LR134378.1	3p	-	32	3880	6929	7001	3775	21585	84	587	64	59	11	14	29	11	10	7	24	30	1	0	1	0	0	0	0	0	0
NZ_LR134378.1	3p	-	33	3711	6521	6675	3643	20550	83	612	92	69	13	9	27	16	15	10	25	18	0	0	0	1	0	0	0	0	0
NZ_LR134378.1	3p	-	34	3532	6388	6280	3418	19618	72	602	74	64	13	7	24	13	10	6	34	21	1	1	1	1	1	2	0	0	0
NZ_LR134378.1	3p	-	35	3370	6060	5959	3286	18675	66	541	44	51	10	9	30	16	10	5	22	11	0	0	0	3	0	0	2	0	0
NZ_LR134378.1	3p	-	36	3065	5842	5752	3111	17770	83	554	62	48	12	7	23	15	13	1	20	15	0	2	1	1	0	0	1	1	0
NZ_LR134378.1	3p	-	37	2936	5494	5504	2933	16867	64	551	52	56	14	7	17	15	11	6	24	16	1	2	0	0	0	0	1	0	0
NZ_LR134378.1	3p	-	38	2834	5183	5116	2893	16026	46	519	59	53	12	6	19	11	7	2	19	9	1	1	0	1	0	2	0	0	0
NZ_LR134378.1	3p	-	39	2684	4913	4946	2678	15221	73	514	34	44	12	5	19	17	6	6	23	14	2	1	0	1	0	1	0	0	0
NZ_LR134378.1	3p	-	40	2489	4752	4606	2631	14478	39	528	53	46	9	6	22	9	9	3	22	12	1	1	2	1	0	0	1	0	0
NZ_LR134378.1	3p	-	41	2535	4391	4485	2373	13784	49	438	52	43	7	4	16	13	6	4	15	13	2	0	1	0	1	0	0	1	0
NZ_LR134378.1	3p	-	42	2292	4292	4190	2304	13078	39	493	42	42	6	6	17	8	11	4	23	5	1	1	0	1	1	1	0	1	0
NZ_LR134378.1	3p	-	43	2217	3904	3905	2214	12240	45	470	45	34	7	9	12	8	6	3	12	13	1	1	0	0	1	0	0	1	0
NZ_LR134378.1	3p	-	44	2158	3648	3649	2018	11473	45	446	43	41	7	1	19	5	4	2	10	11	0	0	0	0	0	0	0	0	0
NZ_LR134378.1	3p	-	45	1965	3514	3425	1809	10713	50	378	39	27	7	6	10	7	4	5	9	8	0	0	1	0	0	1	0	1	0
NZ_LR134378.1	3p	-	46	1756	3210	3283	1797	10046	35	380	37	29	2	5	8	8	8	4	15	5	0	1	0	0	0	1	0	1	0
NZ_LR134378.1	3p	-	47	1680	3019	2929	1789	9417	26	320	31	31	7	5	12	7	6	1	9	8	1	0	0	0	1	0	0	1	0
NZ_LR134378.1	3p	-	48	1625	2863	2721	1598	8807	34	302	23	19	4	2	16	11	2	4	12	6	0	0	0	1	0	0	0	0	0
NZ_LR134378.1	3p	-	49	1480	2660	2641	1445	8226	32	270	32	24	2	3	5	5	5	1	8	9	0	0	0	0	0	0	0	0	0
NZ_LR134378.1	3p	-	50	1418	2435	2451	1391	7695	27	245	22	20	4	1	7	3	3	2	15	2	0	0	1	0	0	1	0	0	0
NZ_LR134378.1	3p	-	51	1277	2352	2331	1277	7237	34	228	20	25	3	2	4	6	6	3	5	6	0	0	1	0	1	0	0	0	0
NZ_LR134378.1	3p	-	52	1181	2254	2157	1183	6775	24	222	13	15	4	0	4	7	3	2	7	6	0	0	1	1	0	0	0	0	0
NZ_LR134378.1	3p	-	53	1138	2034	2001	1169	6342	27	185	15	17	6	2	6	4	4	3	4	5	0	1	0	0	0	0	0	1	0
NZ_LR134378.1	3p	-	54	1104	1903	1920	1054	5981	24	194	19	19	6	0	5	7	2	4	7	3	0	0	0	0	0	0	0	0	0
NZ_LR134378.1	3p	-	55	934	1811	1835	1053	5633	16	178	21	12	4	1	4	5	4	2	4	3	0	1	0	0	0	0	0	1	0
NZ_LR134378.1	3p	-	56	1001	1718	1662	941	5322	18	214	19	16	3	0	9	2	1	1	10	4	0	0	0	0	0	0	0	0	0
NZ_LR134378.1	3p	-	57	925	1606	1598	891	5020	23	143	13	15	2	1	5	7	2	2	7	4	1	0	0	0	0	0	0	0	0
NZ_LR134378.1	3p	-	58	824	1551	1566	819	4760	22	166	20	8	0	2	5	2	1	1	1	6	0	0	0	0	0	0	0	0	0
NZ_LR134378.1	3p	-	59	800	1414	1413	830	4457	17	141	13	11	3	3	6	5	2	0	6	5	0	0	0	0	0	1	0	0	0
NZ_LR134378.1	3p	-	60	760	1287	1340	781	4168	13	172	12	18	1	1	7	3	3	0	4	6	0	0	0	1	0	0	0	0	0
NZ_LR134378.1	3p	-	61	767	1235	1236	683	3921	11	124	11	13	2	1	4	4	3	0	4	4	0	0	1	0	0	1	0	0	0
NZ_LR134378.1	3p	-	62	659	1188	1181	667	3695	17	106	15	8	1	2	7	2	1	1	4	1	1	0	0	0	0	0	0	0	0
NZ_LR134378.1	3p	-	63	638	1140	1106	610	3494	13	122	8	5	2	1	6	2	0	0	3	2	0	0	0	0	0	0	0	1	0
NZ_LR134378.1	3p	-	64	590	1036	1065	609	3300	11	112	18	11	1	1	3	3	1	0	7	7	0	0	0	0	0	0	0	0	0
NZ_LR134378.1	3p	-	65	534	1008	960	602	3104	9	102	8	9	1	1	3	5	2	1	4	1	0	0	0	0	0	1	0	0	0
NZ_LR134378.1	3p	-	66	525	887	963	528	2903	14	108	5	3	2	2	2	2	2	0	7	4	0	0	0	0	1	0	0	0	0
NZ_LR134378.1	3p	-	67	520	873	851	463	2707	15	95	8	4	2	2	5	4	2	0	2	1	0	0	0	0	0	0	0	0	0
NZ_LR134378.1	3p	-	68	429	888	786	432	2535	10	95	9	6	1	1	2	0	2	2	0	2	0	0	1	0	0	0	0	0	0
NZ_LR134378.1	3p	-	69	410	768	729	459	2366	15	82	6	10	0	1	2	1	3	1	2	2	0	0	0	0	0	0	0	0	0
NZ_LR134378.1	3p	-	70	414	738	658	400	2210	8	79	7	13	0	1	3	3	3	2	2	2	0	0	1	0	0	0	0	0	0
NZ_LR134378.1	5p	+	1	4463	8282	5644	5238	23627	100	2950	56	72	11	25	27	24	13	18	37	44	0	0	0	0	0	0	0	0	1
NZ_LR134378.1	5p	+	2	4656	7722	7616	3633	23627	126	1626	98	84	17	6	41	29	14	9	46	36	0	1	1	1	0	0	0	0	0
NZ_LR134378.1	5p	+	3	4508	7074	8519	3526	23627	94	844	91	65	15	11	30	24	19	7	39	26	0	0	1	1	0	0	0	0	0
NZ_LR134378.1	5p	+	4	4545	7769	7300	4010	23624	94	1084	75	67	13	9	48	23	11	12	34	24	0	0	2	1	2	0	0	1	0
NZ_LR134378.1	5p	+	5	3936	8317	7615	3757	23625	97	944	93	83	17	13	55	11	13	7	41	26	1	0	2	2	1	0	0	1	0
NZ_LR134378.1	5p	+	6	4237	7256	7957	4175	23625	86	807	97	61	16	7	32	19	14	12	39	19	0	1	0	1	1	0	1	0	0
NZ_LR134378.1	5p	+	7	4330	7587	7485	4223	23625	71	621	81	73	13	5	26	17	10	12	30	21	1	1	1	0	0	1	0	1	0
NZ_LR134378.1	5p	+	8	3983	7707	8252	3684	23626	99	643	91	88	13	8	39	18	17	4	41	16	0	0	1	1	0	1	0	0	0
NZ_LR134378.1	5p	+	9	4332	7377	7753	4165	23627	105	563	84	72	20	7	45	20	12	14	36	21	1	0	0	2	0	0	0	0	0
NZ_LR134378.1	5p	+	10	4113	7795	7378	4338	23624	68	540	75	74	9	7	34	17	13	17	24	14	0	0	1	1	2	1	0	0	0
NZ_LR134378.1	5p	+	11	3833	8006	7754	4031	23624	104	522	92	72	17	5	39	8	13	8	40	14	0	0	0	1	1	2	0	0	0
NZ_LR134378.1	5p	+	12	4165	7499	7851	4106	23621	94	464	78	71	8	11	31	22	15	5	40	12	0	0	0	3	1	3	0	2	0
NZ_LR134378.1	5p	+	13	4136	7467	7616	4406	23625	83	391	61	74	7	7	24	11	15	2	27	16	0	1	0	2	1	0	0	0	0
NZ_LR134378.1	5p	+	14	3794	7937	7893	4001	23625	94	466	81	94	8	9	44	23	19	8	36	24	1	0	0	0	1	0	0	1	0
NZ_LR134378.1	5p	+	15	4276	7452	7812	4083	23623	94	415	97	65	17	11	46	11	15	3	32	19	0	0	1	1	0	2	1	1	0
NZ_LR134378.1	5p	+	16	4208	7691	7462	4264	23625	78	374	76	91	9	6	32	14	10	7	28	15	3	0	0	0	0	0	2	0	0
NZ_LR134378.1	5p	+	17	3972	7714	8007	3932	23625	96	384	91	94	16	8	38	12	18	9	38	25	0	1	1	3	0	0	0	2	0
NZ_LR134378.1	5p	+	18	4255	7433	7864	4071	23623	104	372	78	86	8	9	39	26	13	7	44	11	0	2	2	3	1	2	0	1	0
NZ_LR134378.1	5p	+	19	4200	7597	7620	4209	23626	93	382	66	67	20	3	31	14	13	5	25	21	1	0	2	2	0	0	0	1	0
NZ_LR134378.1	5p	+	20	3960	7872	7893	3899	23624	84	405	92	75	16	5	40	22	21	6	34	17	1	1	0	2	1	1	1	0	0
NZ_LR134378.1	5p	+	21	4222	7509	7739	4154	23624	87	351	73	73	14	1	36	16	14	8	38	21	0	1	0	0	1	1	1	0	0
NZ_LR134378.1	5p	+	22	4252	7682	7307	4382	23623	71	368	72	83	15	2	29	13	8	8	37	19	0	3	0	1	1	1	0	2	0
NZ_LR134378.1	5p	+	23	3953	7853	7802	4014	23622	79	398	101	87	13	11	36	17	16	5	26	11	0	0	1	3	1	3	0	1	0
NZ_LR134378.1	5p	+	24	4285	7585	7726	4030	23626	98	413	86	68	8	11	37	19	18	7	39	17	0	1	0	1	1	0	0	0	0
NZ_LR134378.1	5p	+	25	4277	7562	7458	4326	23623	68	390	71	68	16	8	31	7	13	8	40	20	0	2	0	4	0	2	1	1	0
NZ_LR134378.1	5p	+	26	3848	7936	7891	3950	23625	88	470	75	109	9	10	28	18	15	7	42	22	0	0	0	0	1	0	1	0	0
NZ_LR134378.1	5p	+	27	4404	7315	7718	4188	23625	85	473	101	79	7	11	37	22	16	7	35	29	0	3	1	1	0	2	0	0	0
NZ_LR134378.1	5p	+	28	4314	7452	7509	4351	23626	75	497	73	69	19	11	40	16	10	5	32	21	2	0	1	1	0	1	0	0	0
NZ_LR134378.1	5p	+	29	3979	7854	7891	3901	23625	99	586	82	77	16	5	43	28	13	8	52	17	1	1	0	1	0	1	1	0	0
NZ_LR134378.1	5p	+	30	4415	7550	7627	4033	23625	91	603	82	72	15	7	44	21	20	8	34	20	2	1	1	2	1	0	0	1	0
NZ_LR134378.1	5p	+	31	4143	7113	7174	4185	22615	73	605	66	64	15	8	32	15	15	10	26	13	0	1	0	0	0	0	0	0	0
NZ_LR134378.1	5p	+	32	3674	7258	7030	3620	21582	76	621	62	80	19	8	47	24	13	8	38	21	1	0	1	2	0	0	1	0	0
NZ_LR134378.1	5p	+	33	3808	6507	6734	3570	20619	89	535	73	62	8	4	34	18	11	5	32	20	2	0	0	1	0	0	2	1	0
NZ_LR134378.1	5p	+	34	3586	6112	6288	3608	19594	64	538	61	54	3	5	18	13	6	7	24	14	1	1	0	2	2	0	0	0	0
NZ_LR134378.1	5p	+	35	3161	6217	6132	3171	18681	80	568	65	66	7	6	27	15	19	5	30	15	0	0	0	1	0	0	0	0	0
NZ_LR134378.1	5p	+	36	3269	5690	5763	3071	17793	68	564	60	54	11	6	23	18	15	3	24	12	0	2	1	0	0	1	0	0	0
NZ_LR134378.1	5p	+	37	3172	5272	5232	3154	16830	56	543	60	49	8	5	21	15	4	5	16	16	0	0	1	1	0	2	0	0	0
NZ_LR134378.1	5p	+	38	2879	5212	5261	2584	15936	64	540	71	52	7	5	30	18	6	2	21	15	0	1	0	0	1	0	0	0	0
NZ_LR134378.1	5p	+	39	2833	4687	4852	2696	15068	55	464	47	55	7	5	21	17	9	12	14	12	0	0	0	1	0	0	0	0	0
NZ_LR134378.1	5p	+	40	2585	4608	4408	2698	14299	47	473	39	38	4	4	19	5	5	5	12	14	0	0	0	0	0	0	0	0	0
NZ_LR134378.1	5p	+	41	2324	4471	4374	2405	13574	57	512	50	46	4	6	14	8	11	8	27	12	0	0	0	1	0	0	0	0	0
NZ_LR134378.1	5p	+	42	2428	4096	4151	2207	12882	47	440	54	28	6	8	15	12	7	5	20	11	0	0	2	0	0	0	0	1	0
NZ_LR134378.1	5p	+	43	2271	3819	3780	2190	12060	43	438	32	27	4	7	16	7	4	5	13	10	0	0	0	0	0	0	1	0	0
NZ_LR134378.1	5p	+	44	1919	3724	3703	1987	11333	48	464	43	28	9	10	16	10	7	5	12	11	0	2	0	1	0	0	0	0	0
NZ_LR134378.1	5p	+	45	1993	3236	3513	1857	10599	35	378	28	29	4	5	14	6	5	3	9	11	0	0	1	3	1	0	0	1	0
NZ_LR134378.1	5p	+	46	1859	3164	3061	1812	9896	28	397	29	24	4	5	11	6	8	3	11	8	0	0	0	0	0	0	0	0	0
NZ_LR134378.1	5p	+	47	1646	2989	3054	1616	9305	42	337	29	20	9	2	10	6	4	2	13	9	0	0	0	0	0	1	0	0	0
NZ_LR134378.1	5p	+	48	1579	2714	2811	1583	8687	41	314	19	20	3	1	15	8	6	5	12	13	0	0	0	0	0	0	0	0	0
NZ_LR134378.1	5p	+	49	1532	2510	2493	1552	8087	25	279	20	19	8	1	6	4	3	1	9	7	0	0	0	1	1	0	0	0	0
NZ_LR134378.1	5p	+	50	1362	2526	2415	1278	7581	31	281	24	24	5	3	9	9	6	0	10	6	1	0	0	0	0	1	1	0	0
NZ_LR134378.1	5p	+	51	1334	2150	2338	1261	7083	23	248	23	23	2	2	5	1	2	0	7	4	0	0	0	1	0	0	1	0	0
NZ_LR134378.1	5p	+	52	1295	2023	2068	1226	6612	29	217	20	18	5	4	4	3	3	1	5	6	0	0	0	0	0	0	0	0	0
NZ_LR134378.1	5p	+	53	1067	2076	2018	1065	6226	29	242	20	24	5	1	8	1	1	2	5	5	0	1	0	0	0	0	0	0	0
NZ_LR134378.1	5p	+	54	1085	1798	1919	1017	5819	19	206	14	20	2	0	5	3	4	5	4	6	0	0	0	0	0	0	0	0	0
NZ_LR134378.1	5p	+	55	1032	1720	1658	1057	5467	10	192	10	13	4	2	5	2	0	3	8	3	0	1	0	0	0	0	0	0	0
NZ_LR134378.1	5p	+	56	903	1613	1734	893	5143	20	168	11	16	2	2	6	1	3	6	9	7	0	1	0	0	0	0	0	0	0
NZ_LR134378.1	5p	+	57	929	1440	1543	914	4826	19	137	16	9	4	1	4	4	1	2	4	2	1	0	1	0	0	0	0	0	0
NZ_LR134378.1	5p	+	58	860	1456	1386	843	4545	10	149	15	8	0	1	5	3	5	1	6	2	1	0	0	1	0	0	0	0	0
NZ_LR134378.1	5p	+	59	753	1409	1403	726	4291	17	156	13	11	3	1	5	7	2	2	5	6	0	0	1	0	0	0	0	0	0
NZ_LR134378.1	5p	+	60	785	1226	1298	735	4044	17	144	12	11	3	1	5	4	0	2	5	4	0	0	0	0	0	0	0	0	0
NZ_LR134378.1	5p	+	61	738	1215	1123	754	3830	12	145	9	6	2	3	5	3	3	0	2	2	0	0	1	0	0	0	0	0	0
NZ_LR134378.1	5p	+	62	618	1168	1191	654	3631	13	128	15	10	1	0	4	0	3	2	2	1	0	0	0	0	0	1	0	0	0
NZ_LR134378.1	5p	+	63	637	1105	1095	610	3447	12	129	14	11	0	0	6	0	4	0	1	2	0	0	0	0	0	0	0	0	0
NZ_LR134378.1	5p	+	64	665	1002	1012	589	3268	15	126	8	13	4	1	2	1	4	2	3	1	0	0	0	0	0	0	0	1	0
NZ_LR134378.1	5p	+	65	526	972	1047	503	3048	11	100	13	11	2	3	4	4	3	2	2	2	0	0	1	0	0	0	1	0	0
NZ_LR134378.1	5p	+	66	522	911	898	515	2846	16	101	5	7	2	2	3	4	0	0	5	1	1	0	0	0	1	1	0	0	0
NZ_LR134378.1	5p	+	67	479	826	832	520	2657	8	120	6	7	0	0	1	1	1	2	2	1	0	0	0	1	1	0	0	0	0
NZ_LR134378.1	5p	+	68	423	837	829	405	2494	8	109	9	8	2	0	2	2	2	0	2	3	0	0	0	0	0	0	0	0	0
NZ_LR134378.1	5p	+	69	397	734	745	446	2322	8	87	9	8	0	0	1	0	2	1	1	1	0	0	0	1	0	0	0	0	0
NZ_LR134378.1	5p	+	70	397	661	678	432	2168	8	70	3	7	1	0	3	3	1	1	1	1	0	0	0	0	0	0	0	0	0
NZ_LR134378.1	5p	-	1	4467	8312	5589	5261	23629	115	2866	64	65	12	28	28	22	14	16	23	38	0	0	0	0	0	0	0	0	0
NZ_LR134378.1	5p	-	2	4623	7620	7769	3617	23629	138	1593	91	69	20	16	38	29	8	15	45	32	0	1	1	1	0	0	0	0	0
NZ_LR134378.1	5p	-	3	4486	7133	8480	3530	23629	97	856	97	69	11	6	44	15	21	5	35	26	1	0	2	0	0	0	0	0	0
NZ_LR134378.1	5p	-	4	4541	7759	7196	4132	23628	97	1134	56	73	23	12	34	32	16	4	35	17	0	0	0	0	0	0	0	1	0
NZ_LR134378.1	5p	-	5	3917	8145	7665	3900	23627	108	882	88	87	23	14	44	22	17	6	36	27	1	0	0	1	0	1	1	0	0
NZ_LR134378.1	5p	-	6	4177	7196	7947	4303	23623	91	818	97	59	12	5	43	16	16	10	33	24	1	1	0	0	1	1	0	3	0
NZ_LR134378.1	5p	-	7	4080	7773	7521	4255	23629	66	683	72	79	16	10	42	15	11	10	35	19	2	2	0	1	0	0	0	0	0
NZ_LR134378.1	5p	-	8	3865	7720	8286	3756	23627	89	623	93	74	12	13	40	16	16	2	30	29	0	1	2	0	0	1	1	0	0
NZ_LR134378.1	5p	-	9	4380	7504	7627	4115	23626	110	613	77	99	17	13	38	28	9	7	43	32	0	1	0	0	0	1	1	1	0
NZ_LR134378.1	5p	-	10	4202	7590	7351	4484	23627	89	506	71	76	11	5	30	19	11	5	43	14	0	0	3	1	1	0	1	0	0
NZ_LR134378.1	5p	-	11	3646	8060	7712	4208	23626	97	539	93	86	15	8	40	21	21	10	49	19	2	0	0	2	1	2	0	0	0
NZ_LR134378.1	5p	-	12	4162	7401	7924	4139	23626	90	412	85	66	11	7	35	13	17	6	33	20	1	3	0	0	0	1	0	2	0
NZ_LR134378.1	5p	-	13	4238	7535	7463	4388	23624	69	366	72	68	15	7	28	24	11	3	25	17	1	0	0	4	1	2	0	1	0
NZ_LR134378.1	5p	-	14	3951	7907	7758	4013	23629	96	443	91	87	10	10	45	22	7	14	42	26	0	1	1	0	0	0	0	0	0
NZ_LR134378.1	5p	-	15	4222	7631	7829	3946	23628	94	381	82	80	16	7	34	18	6	3	37	25	0	0	0	1	0	0	0	1	0
NZ_LR134378.1	5p	-	16	4247	7685	7313	4382	23627	66	365	87	71	15	4	29	18	11	9	30	21	1	0	0	0	0	1	1	0	0
NZ_LR134378.1	5p	-	17	3986	7801	7966	3875	23628	90	405	123	78	17	11	44	15	13	4	33	17	1	1	0	1	1	0	0	0	0
NZ_LR134378.1	5p	-	18	4296	7426	7743	4161	23626	93	351	88	82	14	11	21	21	17	8	45	12	0	3	2	1	0	0	0	3	0
NZ_LR134378.1	5p	-	19	4307	7568	7409	4340	23624	89	338	85	74	13	8	36	15	15	7	25	15	1	0	3	3	2	1	1	1	0
NZ_LR134378.1	5p	-	20	3812	7837	8008	3971	23628	115	386	87	87	14	5	39	13	18	5	37	13	2	1	0	1	0	0	1	0	0
NZ_LR134378.1	5p	-	21	4173	7526	7782	4145	23626	96	367	84	80	11	6	31	16	14	4	43	14	0	3	6	1	1	2	0	0	0
NZ_LR134378.1	5p	-	22	4188	7493	7616	4331	23628	72	375	83	67	10	3	30	14	15	6	47	17	0	0	1	3	1	0	0	0	0
NZ_LR134378.1	5p	-	23	3881	7834	7811	4099	23625	111	433	66	82	16	4	50	18	12	6	33	25	0	0	3	0	1	2	0	0	0
NZ_LR134378.1	5p	-	24	4221	7383	7899	4124	23627	85	344	91	61	14	10	42	14	17	4	32	19	0	0	0	2	0	0	0	2	0
NZ_LR134378.1	5p	-	25	4285	7508	7452	4380	23625	74	446	66	78	24	8	26	9	18	10	32	25	0	1	3	1	1	1	1	1	0
NZ_LR134378.1	5p	-	26	3903	7877	7853	3996	23629	117	468	79	85	18	13	39	14	12	6	28	27	1	0	0	2	0	0	0	0	0
NZ_LR134378.1	5p	-	27	4227	7437	7744	4219	23627	95	493	80	91	13	6	41	16	14	5	29	20	0	1	1	1	0	1	0	1	0
NZ_LR134378.1	5p	-	28	4279	7577	7425	4345	23626	82	533	72	75	8	8	44	23	8	8	29	18	0	1	2	2	0	1	1	1	0
NZ_LR134378.1	5p	-	29	4096	7715	7808	4009	23628	96	603	112	86	13	7	39	17	10	6	50	27	0	1	1	0	0	0	1	0	0
NZ_LR134378.1	5p	-	30	4266	7523	7803	4032	23624	98	637	81	80	11	5	42	16	12	7	40	25	0	0	1	1	1	2	1	1	0
NZ_LR134378.1	5p	-	31	4175	7140	7066	4216	22597	85	600	71	71	21	7	44	23	10	9	32	23	1	0	1	2	0	2	0	0	0
NZ_LR134378.1	5p	-	32	3520	7276	7190	3596	21582	99	602	85	76	10	9	40	20	12	8	39	25	1	0	4	1	0	2	0	1	0
NZ_LR134378.1	5p	-	33	3777	6498	6682	3592	20549	86	583	71	63	9	5	35	19	7	8	28	17	0	1	0	2	0	0	0	1	0
NZ_LR134378.1	5p	-	34	3640	6153	6212	3614	19619	78	554	46	60	9	6	25	16	14	4	19	10	0	0	0	1	0	1	0	1	0
NZ_LR134378.1	5p	-	35	3102	6296	6100	3177	18675	77	562	62	60	11	6	23	12	16	3	28	23	0	0	0	1	0	0	0	2	0
NZ_LR134378.1	5p	-	36	3323	5543	5774	3132	17772	67	531	66	42	8	8	20	15	7	3	32	16	1	0	2	0	0	0	0	0	0
NZ_LR134378.1	5p	-	37	3194	5253	5227	3194	16868	56	522	53	54	5	5	24	8	10	6	19	18	0	0	0	0	0	0	0	0	0
NZ_LR134378.1	5p	-	38	2711	5387	5248	2683	16029	73	534	58	57	2	5	21	12	6	6	14	17	0	1	0	1	0	0	0	0	0
NZ_LR134378.1	5p	-	39	2837	4825	4863	2697	15222	51	493	49	47	7	5	15	11	6	3	18	13	0	2	0	0	0	0	0	0	0
NZ_LR134378.1	5p	-	40	2687	4558	4499	2734	14478	41	503	59	42	6	5	14	12	6	3	12	12	0	0	1	1	0	0	1	0	0
NZ_LR134378.1	5p	-	41	2344	4554	4494	2393	13785	69	524	50	50	10	3	23	10	10	3	16	11	0	1	0	2	0	0	0	1	0
NZ_LR134378.1	5p	-	42	2384	4167	4264	2263	13078	62	485	33	34	8	9	18	13	6	4	13	13	0	1	1	1	1	1	0	1	0
NZ_LR134378.1	5p	-	43	2284	3790	3786	2380	12240	38	417	25	26	6	6	21	12	1	5	12	13	0	0	2	1	0	0	1	1	0
NZ_LR134378.1	5p	-	44	1981	3768	3716	2006	11471	47	437	36	35	10	3	12	13	12	6	9	13	0	0	1	0	2	0	0	0	0
NZ_LR134378.1	5p	-	45	2009	3375	3451	1878	10713	34	373	46	34	10	5	8	4	9	3	24	8	0	0	0	1	1	1	0	1	0
NZ_LR134378.1	5p	-	46	1830	3189	3106	1922	10047	38	326	32	28	5	1	11	4	5	1	8	15	2	0	0	0	1	0	0	0	0
NZ_LR134378.1	5p	-	47	1538	3075	3178	1627	9418	44	359	30	31	4	7	18	6	4	1	15	11	0	0	1	1	0	0	0	1	0
NZ_LR134378.1	5p	-	48	1647	2762	2872	1524	8805	33	335	26	22	4	1	11	7	6	3	8	5	2	0	1	0	0	0	2	0	0
NZ_LR134378.1	5p	-	49	1608	2605	2477	1535	8225	22	300	21	20	1	1	13	8	3	2	9	4	1	0	0	1	0	1	0	0	0
NZ_LR134378.1	5p	-	50	1287	2579	2534	1295	7695	35	295	23	14	2	2	7	5	3	2	7	7	0	0	1	0	0	0	0	1	0
NZ_LR134378.1	5p	-	51	1283	2267	2376	1312	7238	24	273	26	15	2	1	11	2	2	0	12	8	0	1	0	0	0	0	0	0	0
NZ_LR134378.1	5p	-	52	1274	2107	2103	1290	6774	29	263	18	20	1	3	4	6	2	2	9	4	0	0	0	0	0	0	0	1	0
NZ_LR134378.1	5p	-	53	1058	2062	2095	1127	6342	23	218	26	16	0	1	10	8	2	2	11	4	0	1	0	1	0	0	0	1	0
NZ_LR134378.1	5p	-	54	1097	1848	1946	1090	5981	24	197	19	12	5	2	6	4	1	4	10	2	0	0	0	1	0	0	0	0	0
NZ_LR134378.1	5p	-	55	1116	1700	1680	1137	5633	16	216	12	6	1	2	1	2	5	2	7	5	0	0	0	0	0	1	0	0	0
NZ_LR134378.1	5p	-	56	922	1760	1719	921	5322	24	212	15	20	3	3	3	9	5	1	5	2	0	0	0	1	0	0	0	0	0
NZ_LR134378.1	5p	-	57	964	1522	1640	894	5020	18	166	17	16	3	1	7	4	3	2	4	6	0	1	0	1	0	0	0	0	0
NZ_LR134378.1	5p	-	58	896	1458	1487	918	4759	17	178	14	10	2	1	3	2	3	1	4	2	0	1	0	0	0	0	0	0	0
NZ_LR134378.1	5p	-	59	728	1517	1458	755	4458	14	172	12	12	4	1	2	4	2	2	5	3	0	0	0	0	0	0	0	0	0
NZ_LR134378.1	5p	-	60	833	1250	1340	745	4168	10	122	13	12	2	5	3	4	2	0	3	4	1	0	0	0	0	0	0	0	0
NZ_LR134378.1	5p	-	61	784	1229	1178	731	3922	11	127	8	12	1	0	2	2	2	1	5	1	0	0	0	0	0	0	0	0	0
NZ_LR134378.1	5p	-	62	669	1181	1204	641	3695	16	129	13	10	1	2	6	3	2	0	3	3	1	0	0	0	0	0	0	0	0
NZ_LR134378.1	5p	-	63	643	1060	1128	664	3495	18	159	7	7	1	0	2	3	2	2	5	1	0	0	0	0	0	0	0	0	0
NZ_LR134378.1	5p	-	64	590	1048	1049	613	3300	13	133	11	6	1	3	4	2	1	0	5	5	0	0	0	1	0	0	0	0	0
NZ_LR134378.1	5p	-	65	514	974	1083	533	3104	12	135	14	9	3	1	4	0	1	2	2	5	0	1	1	1	0	0	1	0	0
NZ_LR134378.1	5p	-	66	564	941	913	486	2904	13	117	9	6	1	1	4	2	1	4	4	5	0	0	0	1	0	0	0	0	0
NZ_LR134378.1	5p	-	67	493	886	839	489	2707	12	103	11	6	1	2	4	4	1	3	5	2	0	0	1	0	0	0	0	0	0
NZ_LR134378.1	5p	-	68	432	821	818	464	2535	8	102	4	14	2	0	3	0	2	0	3	1	0	0	0	0	0	0	0	0	0
NZ_LR134378.1	5p	-	69	470	738	713	445	2366	5	87	10	8	2	0	3	1	0	0	3	1	0	0	0	0	0	0	0	0	0
NZ_LR134378.1	5p	-	70	423	686	687	414	2210	12	88	8	6	2	0	2	0	3	0	0	2	0	1	0	0	0	0	0	0	0
