# table produced by mapDamage version 2.2.3
# using mapped file /mnt/archgen/microbiome_calculus/library_ds_vs_ss/04-analysis/normalize_kraken/mapping/neisseria_elongata/out/GOY006.A0101.SG1.2_5M.mapped_n_elongata_q25l30_rmdup.bam and /mnt/archgen/microbiome_calculus/library_ds_vs_ss/04-analysis/normalize_kraken/mapping/neisseria_elongata/input/GCF_900453895.1_42925_E01_genomic.fna as reference file
# Chr: reference from sam/bam header, End: from which termini of DNA sequences, Std: strand of reads
Chr	End	Std	Pos	A	C	G	T	Total	G>A	C>T	A>G	T>C	A>C	A>T	C>G	C>A	T>G	T>A	G>C	G>T	A>-	T>-	C>-	G>-	->A	->T	->C	->G	S
NZ_UGQW01000001.1	3p	+	1	107	103	159	109	478	31	4	5	3	3	0	1	2	0	1	1	1	0	0	0	0	0	0	0	0	0
NZ_UGQW01000001.1	3p	+	2	112	135	133	98	478	16	3	3	4	1	1	0	1	0	0	1	1	0	0	0	0	0	0	0	0	0
NZ_UGQW01000001.1	3p	+	3	95	137	151	95	478	19	7	3	4	0	0	1	0	0	1	2	0	0	0	0	0	0	0	0	0	0
NZ_UGQW01000001.1	3p	+	4	102	101	154	121	478	17	5	1	3	1	0	3	0	0	1	2	0	0	0	0	0	0	0	0	0	0
NZ_UGQW01000001.1	3p	+	5	106	131	141	100	478	14	3	3	2	0	0	0	0	0	0	0	0	0	0	0	0	0	0	0	0	0
NZ_UGQW01000001.1	3p	+	6	98	139	147	94	478	8	3	2	5	0	0	0	2	0	0	2	1	0	0	0	0	0	0	0	0	0
NZ_UGQW01000001.1	3p	+	7	94	123	149	112	478	9	4	2	3	2	1	1	1	2	0	1	1	0	0	0	0	0	0	0	0	0
NZ_UGQW01000001.1	3p	+	8	104	128	147	99	478	6	1	4	5	0	1	2	0	0	0	2	0	0	0	0	0	0	0	0	0	0
NZ_UGQW01000001.1	3p	+	9	94	132	152	100	478	5	2	3	3	0	0	0	1	0	0	1	0	0	0	0	0	0	0	0	0	0
NZ_UGQW01000001.1	3p	+	10	95	135	145	103	478	4	3	1	1	0	0	1	1	0	0	0	1	0	0	0	0	0	0	0	0	0
NZ_UGQW01000001.1	3p	+	11	99	129	148	101	477	6	4	3	8	0	0	1	1	0	0	2	0	0	0	0	0	1	0	0	0	0
NZ_UGQW01000001.1	3p	+	12	105	134	140	99	478	8	5	2	3	0	1	3	1	2	1	1	1	0	0	0	0	0	0	0	0	0
NZ_UGQW01000001.1	3p	+	13	98	138	146	96	478	6	3	6	2	0	1	0	0	0	0	0	1	0	0	0	0	0	0	0	0	0
NZ_UGQW01000001.1	3p	+	14	94	127	160	97	478	5	6	1	6	1	1	1	0	0	0	1	1	0	0	0	0	0	0	0	0	0
NZ_UGQW01000001.1	3p	+	15	90	126	153	109	478	8	3	2	5	1	0	1	0	0	0	3	0	0	0	0	0	0	0	0	0	0
NZ_UGQW01000001.1	3p	+	16	101	143	136	98	478	3	1	5	3	1	0	2	2	1	1	0	0	1	0	0	0	0	0	0	0	0
NZ_UGQW01000001.1	3p	+	17	99	128	158	93	478	3	3	4	5	1	1	0	0	2	0	3	1	0	0	0	0	0	0	0	0	0
NZ_UGQW01000001.1	3p	+	18	91	152	133	102	478	3	4	2	6	2	0	1	0	1	0	1	0	0	0	0	0	0	0	0	0	0
NZ_UGQW01000001.1	3p	+	19	94	134	151	99	478	6	1	1	1	0	0	1	0	2	0	0	1	0	0	0	0	0	0	0	0	0
NZ_UGQW01000001.1	3p	+	20	96	134	149	99	478	3	5	3	3	2	0	2	0	0	0	2	0	0	0	0	0	0	0	0	0	0
NZ_UGQW01000001.1	3p	+	21	93	132	152	101	478	4	4	5	7	1	0	0	1	0	1	2	1	0	0	0	0	0	0	0	0	0
NZ_UGQW01000001.1	3p	+	22	98	141	141	98	478	6	1	2	4	0	1	1	0	0	0	0	1	0	0	0	0	0	0	0	0	0
NZ_UGQW01000001.1	3p	+	23	62	146	145	125	478	6	3	2	5	0	0	1	1	1	0	0	2	0	0	0	0	0	0	0	0	0
NZ_UGQW01000001.1	3p	+	24	105	130	150	93	478	4	6	1	3	0	0	1	0	2	0	1	1	0	0	0	0	0	0	0	0	0
NZ_UGQW01000001.1	3p	+	25	100	140	136	102	478	0	3	0	2	2	0	0	1	1	0	1	0	0	0	0	0	0	0	0	0	0
NZ_UGQW01000001.1	3p	+	26	100	129	144	105	478	3	4	4	5	1	0	1	0	1	0	0	1	0	0	0	0	0	0	0	0	0
NZ_UGQW01000001.1	3p	+	27	103	122	142	111	478	5	4	3	5	1	0	1	0	1	0	1	1	0	0	0	0	0	0	0	0	0
NZ_UGQW01000001.1	3p	+	28	105	115	150	108	478	6	4	1	7	1	0	0	0	1	0	0	0	0	0	1	0	0	0	0	0	0
NZ_UGQW01000001.1	3p	+	29	73	148	142	115	478	2	8	2	3	0	0	0	1	0	0	2	2	0	0	0	0	0	0	0	0	0
NZ_UGQW01000001.1	3p	+	30	87	126	150	115	478	6	5	2	6	3	0	1	0	1	0	2	0	0	0	0	0	0	0	0	0	0
NZ_UGQW01000001.1	3p	+	31	106	117	111	122	456	1	6	1	1	2	1	1	0	0	0	2	0	0	0	0	0	0	0	0	0	0
NZ_UGQW01000001.1	3p	+	32	87	109	143	93	432	4	5	3	3	0	0	1	0	0	0	3	2	0	0	0	0	0	0	0	0	0
NZ_UGQW01000001.1	3p	+	33	69	117	119	99	404	2	12	4	1	0	1	2	3	0	1	1	3	0	0	0	0	0	0	0	0	0
NZ_UGQW01000001.1	3p	+	34	79	107	107	90	383	1	4	4	0	0	1	0	0	0	0	0	1	0	0	0	0	0	0	0	0	0
NZ_UGQW01000001.1	3p	+	35	67	100	109	76	352	2	5	2	1	0	0	0	0	1	0	2	1	0	0	0	0	0	0	0	0	0
NZ_UGQW01000001.1	3p	+	36	67	91	94	76	328	1	7	0	3	0	1	1	0	0	0	1	0	0	0	0	0	0	0	0	0	0
NZ_UGQW01000001.1	3p	+	37	70	78	91	71	310	0	9	2	2	0	0	0	0	0	0	0	0	0	0	0	0	0	0	0	0	0
NZ_UGQW01000001.1	3p	+	38	61	71	84	73	289	3	2	4	3	1	0	0	0	0	0	1	0	0	0	0	0	0	0	0	0	0
NZ_UGQW01000001.1	3p	+	39	56	84	76	57	273	2	10	1	2	0	0	0	0	0	0	0	0	0	0	0	0	0	0	0	0	0
NZ_UGQW01000001.1	3p	+	40	53	61	76	66	256	0	2	0	3	0	1	1	1	0	0	0	0	0	0	0	0	0	0	0	0	0
NZ_UGQW01000001.1	3p	+	41	47	68	69	56	240	1	4	1	0	0	0	0	1	1	0	1	0	0	0	0	0	0	0	0	0	0
NZ_UGQW01000001.1	3p	+	42	40	72	62	50	224	2	7	2	3	0	0	0	1	0	0	0	0	0	0	0	0	0	0	0	0	0
NZ_UGQW01000001.1	3p	+	43	49	54	63	47	213	1	3	2	0	0	2	0	0	0	0	0	0	0	0	0	0	0	0	0	0	0
NZ_UGQW01000001.1	3p	+	44	46	58	51	48	203	2	6	0	2	2	0	0	0	0	0	0	0	0	0	0	0	0	0	0	0	0
NZ_UGQW01000001.1	3p	+	45	53	51	37	45	186	1	4	1	0	1	0	1	1	0	1	0	0	0	0	0	0	0	0	0	0	0
NZ_UGQW01000001.1	3p	+	46	46	49	46	34	175	2	3	0	0	0	0	0	0	0	0	0	1	0	0	0	0	0	0	0	0	0
NZ_UGQW01000001.1	3p	+	47	39	41	41	34	155	2	2	1	5	0	0	0	0	0	0	1	0	0	0	0	0	0	0	1	0	0
NZ_UGQW01000001.1	3p	+	48	31	29	44	34	138	1	5	2	1	1	0	1	0	0	0	1	0	0	0	0	0	0	0	0	0	0
NZ_UGQW01000001.1	3p	+	49	26	31	38	30	125	0	2	0	0	0	0	0	0	0	0	1	0	0	0	0	0	0	0	0	0	0
NZ_UGQW01000001.1	3p	+	50	21	36	32	30	119	2	4	0	1	0	0	0	0	0	0	0	0	0	0	0	0	0	0	0	0	0
NZ_UGQW01000001.1	3p	+	51	23	32	33	22	110	2	3	1	2	0	0	0	1	0	0	1	0	0	0	0	0	0	0	0	0	0
NZ_UGQW01000001.1	3p	+	52	19	24	22	38	103	1	2	0	3	0	0	0	1	0	0	0	0	0	0	0	0	0	0	0	0	0
NZ_UGQW01000001.1	3p	+	53	19	26	28	23	96	0	2	1	0	0	0	0	0	0	0	0	0	0	0	0	0	0	0	0	0	0
NZ_UGQW01000001.1	3p	+	54	16	25	31	17	89	0	3	0	1	0	0	0	0	0	0	0	0	0	0	0	0	0	0	0	0	0
NZ_UGQW01000001.1	3p	+	55	26	20	23	15	84	1	0	0	0	0	0	0	0	0	0	0	0	0	0	0	0	0	0	0	0	0
NZ_UGQW01000001.1	3p	+	56	19	19	24	17	79	0	1	0	0	0	0	0	1	0	0	0	0	0	0	0	0	0	0	0	0	0
NZ_UGQW01000001.1	3p	+	57	16	22	19	16	73	1	3	0	1	0	0	0	0	0	0	0	0	0	0	0	0	0	0	0	0	0
NZ_UGQW01000001.1	3p	+	58	14	19	13	21	67	2	0	0	0	0	0	0	0	0	0	0	0	0	0	0	0	0	0	0	0	0
NZ_UGQW01000001.1	3p	+	59	16	15	18	17	66	1	0	1	0	0	0	1	0	0	0	0	0	0	0	0	0	0	0	0	0	0
NZ_UGQW01000001.1	3p	+	60	15	16	16	16	63	0	2	0	0	0	0	0	0	0	0	0	0	0	0	0	0	0	0	0	0	0
NZ_UGQW01000001.1	3p	+	61	19	17	14	12	62	1	2	0	2	0	1	0	0	0	0	0	0	0	0	0	0	0	0	0	0	0
NZ_UGQW01000001.1	3p	+	62	13	17	19	9	58	1	2	0	0	0	0	0	0	0	0	1	0	0	0	0	0	0	0	0	0	0
NZ_UGQW01000001.1	3p	+	63	11	16	19	11	57	1	1	0	1	0	0	0	0	0	0	0	0	0	0	0	0	0	0	0	0	0
NZ_UGQW01000001.1	3p	+	64	10	15	19	11	55	0	3	0	0	0	0	0	0	0	0	0	0	0	0	0	0	0	0	0	0	0
NZ_UGQW01000001.1	3p	+	65	5	14	17	15	51	0	2	1	0	0	0	0	0	0	0	0	0	0	0	0	0	0	0	0	0	0
NZ_UGQW01000001.1	3p	+	66	9	11	10	15	45	0	1	0	0	0	0	0	0	0	0	0	0	0	0	0	0	0	0	0	0	0
NZ_UGQW01000001.1	3p	+	67	12	9	13	7	41	0	0	0	1	0	0	0	0	0	0	0	0	0	0	0	0	0	0	0	0	0
NZ_UGQW01000001.1	3p	+	68	6	6	16	11	39	0	0	0	0	0	0	0	0	0	0	0	0	0	0	0	0	0	0	0	0	0
NZ_UGQW01000001.1	3p	+	69	4	12	8	14	38	0	1	0	2	0	0	0	0	0	0	0	0	0	0	0	0	0	0	0	0	0
NZ_UGQW01000001.1	3p	+	70	11	8	6	13	38	0	2	0	1	0	0	0	0	0	0	1	0	0	0	0	0	0	0	0	0	0
NZ_UGQW01000001.1	3p	-	1	133	101	156	94	484	32	2	3	0	0	0	3	1	1	1	2	1	0	0	0	0	0	0	0	0	0
NZ_UGQW01000001.1	3p	-	2	111	144	123	106	484	23	2	6	2	0	0	1	0	0	1	3	1	0	0	0	0	0	0	0	0	0
NZ_UGQW01000001.1	3p	-	3	119	142	110	113	484	17	4	4	4	0	0	2	1	1	0	1	1	0	0	0	0	0	0	0	0	0
NZ_UGQW01000001.1	3p	-	4	123	117	135	109	484	11	3	2	2	1	1	0	1	1	0	0	3	0	0	0	0	0	0	0	0	0
NZ_UGQW01000001.1	3p	-	5	127	130	133	94	484	10	4	3	1	1	0	1	1	2	0	2	0	0	0	0	0	0	0	0	0	0
NZ_UGQW01000001.1	3p	-	6	108	145	132	99	484	13	5	5	2	1	0	6	0	2	0	0	1	0	0	0	0	0	0	0	0	0
NZ_UGQW01000001.1	3p	-	7	116	119	143	106	484	18	1	2	3	0	0	0	0	1	1	0	0	0	0	0	0	0	0	0	0	0
NZ_UGQW01000001.1	3p	-	8	111	148	131	94	484	8	4	2	2	1	1	3	1	0	0	1	1	0	0	0	0	0	0	0	0	0
NZ_UGQW01000001.1	3p	-	9	107	143	136	98	484	10	4	6	1	0	0	1	1	2	1	0	0	0	0	0	0	0	0	0	0	0
NZ_UGQW01000001.1	3p	-	10	112	131	139	102	484	8	3	5	4	1	2	0	0	1	0	1	1	0	0	0	0	0	0	0	0	0
NZ_UGQW01000001.1	3p	-	11	117	151	131	85	484	4	1	9	1	0	0	3	0	0	0	1	2	0	0	0	0	0	0	0	0	0
NZ_UGQW01000001.1	3p	-	12	95	158	139	92	484	7	5	7	2	0	0	2	0	1	1	0	0	0	0	0	0	0	0	0	0	0
NZ_UGQW01000001.1	3p	-	13	116	122	147	99	484	2	3	3	1	1	1	1	1	0	0	1	1	0	0	0	0	0	0	0	0	0
NZ_UGQW01000001.1	3p	-	14	96	141	140	107	484	7	1	4	5	0	0	1	1	1	0	1	2	0	0	0	0	0	0	0	0	0
NZ_UGQW01000001.1	3p	-	15	94	167	122	101	484	3	4	2	3	1	0	4	0	0	0	0	1	0	0	0	0	0	0	0	0	0
NZ_UGQW01000001.1	3p	-	16	97	129	158	100	484	8	3	2	2	1	0	0	0	1	0	0	0	0	0	0	0	0	0	0	0	0
NZ_UGQW01000001.1	3p	-	17	102	137	156	89	484	3	4	3	5	0	0	0	1	0	1	1	2	0	0	0	0	0	0	0	0	0
NZ_UGQW01000001.1	3p	-	18	76	160	152	96	484	5	5	3	4	2	0	4	2	2	0	0	1	0	0	0	0	0	0	0	0	0
NZ_UGQW01000001.1	3p	-	19	98	149	131	106	484	6	5	3	4	0	0	1	1	0	0	2	1	0	0	0	0	0	0	0	0	0
NZ_UGQW01000001.1	3p	-	20	104	135	150	95	484	2	4	3	3	1	0	0	3	1	0	1	0	0	0	0	0	0	0	0	0	0
NZ_UGQW01000001.1	3p	-	21	114	138	132	100	484	3	4	4	3	2	0	3	3	0	1	0	1	0	0	0	0	0	0	0	0	0
NZ_UGQW01000001.1	3p	-	22	109	140	124	111	484	3	1	4	6	0	1	0	1	0	0	1	0	0	0	0	0	0	0	0	0	0
NZ_UGQW01000001.1	3p	-	23	92	145	157	90	484	7	5	2	2	0	0	2	1	0	0	0	1	0	0	0	0	0	0	0	0	0
NZ_UGQW01000001.1	3p	-	24	93	147	139	105	484	4	8	3	5	0	0	0	1	0	0	2	0	0	0	0	0	0	0	0	0	0
NZ_UGQW01000001.1	3p	-	25	103	136	127	118	484	4	6	4	4	0	0	0	2	0	0	2	1	0	1	0	0	0	0	0	0	0
NZ_UGQW01000001.1	3p	-	26	84	142	148	109	483	6	4	1	5	0	0	1	0	0	0	1	1	0	0	0	0	0	0	0	1	0
NZ_UGQW01000001.1	3p	-	27	92	150	137	105	484	3	3	4	4	1	0	0	2	0	1	1	0	0	0	0	0	0	0	0	0	0
NZ_UGQW01000001.1	3p	-	28	108	135	131	109	483	4	4	4	5	1	0	0	0	0	1	0	1	0	0	0	0	0	0	1	0	0
NZ_UGQW01000001.1	3p	-	29	99	138	142	104	483	5	5	6	4	1	0	2	1	2	0	0	0	0	0	0	1	0	0	0	1	0
NZ_UGQW01000001.1	3p	-	30	90	144	138	112	484	10	3	1	4	0	0	2	1	1	0	1	0	0	0	0	0	0	0	0	0	0
NZ_UGQW01000001.1	3p	-	31	105	139	107	104	455	0	6	4	4	0	0	0	0	0	1	0	0	0	0	0	0	0	0	0	0	0
NZ_UGQW01000001.1	3p	-	32	96	129	125	82	432	2	9	7	2	0	0	3	0	0	0	1	1	0	0	0	0	0	0	0	0	0
NZ_UGQW01000001.1	3p	-	33	64	123	125	88	400	3	6	4	1	0	0	2	1	2	1	1	0	0	0	0	0	0	0	0	0	0
NZ_UGQW01000001.1	3p	-	34	70	126	92	84	372	3	1	2	2	0	0	2	1	1	0	1	1	0	0	0	0	0	0	0	0	0
NZ_UGQW01000001.1	3p	-	35	68	112	89	75	344	2	8	4	1	0	0	3	1	0	0	0	1	0	0	0	0	0	0	0	0	0
NZ_UGQW01000001.1	3p	-	36	76	97	83	69	325	3	9	3	1	0	0	2	1	1	1	0	0	0	0	0	0	0	0	0	0	0
NZ_UGQW01000001.1	3p	-	37	71	75	81	73	300	2	5	1	3	0	0	0	0	0	0	1	0	0	0	0	0	0	0	0	0	0
NZ_UGQW01000001.1	3p	-	38	59	76	85	65	285	4	9	3	3	1	0	0	0	0	0	0	0	0	0	0	0	0	0	0	0	0
NZ_UGQW01000001.1	3p	-	39	60	82	69	55	266	1	7	2	2	1	0	1	1	1	0	0	2	0	0	0	0	0	0	0	0	0
NZ_UGQW01000001.1	3p	-	40	57	71	65	61	254	2	6	0	2	0	0	1	0	0	0	0	0	0	0	0	0	0	0	0	0	0
NZ_UGQW01000001.1	3p	-	41	39	60	78	58	235	4	4	0	2	1	0	1	0	0	0	0	0	0	0	0	0	0	0	0	0	0
NZ_UGQW01000001.1	3p	-	42	44	75	51	49	219	4	7	1	2	0	0	0	1	1	0	1	0	0	0	0	0	0	0	0	0	0
NZ_UGQW01000001.1	3p	-	43	59	47	44	52	202	1	7	3	0	0	0	1	0	0	0	0	0	0	0	0	0	0	0	0	0	0
NZ_UGQW01000001.1	3p	-	44	37	58	50	41	186	1	4	3	1	0	0	0	0	0	0	0	0	0	0	0	0	0	0	0	0	0
NZ_UGQW01000001.1	3p	-	45	28	63	45	35	171	2	2	4	1	0	0	0	0	0	0	1	0	0	0	0	0	0	0	0	0	0
NZ_UGQW01000001.1	3p	-	46	31	39	44	37	151	0	5	1	0	0	0	0	0	0	0	0	1	0	0	0	0	0	0	0	0	0
NZ_UGQW01000001.1	3p	-	47	29	45	38	29	141	0	5	1	1	0	0	0	0	0	0	0	0	0	0	0	0	0	0	0	0	0
NZ_UGQW01000001.1	3p	-	48	23	32	38	29	122	1	1	0	3	0	0	0	0	0	0	0	0	0	0	0	0	0	0	0	0	0
NZ_UGQW01000001.1	3p	-	49	30	39	28	22	119	0	3	1	1	0	0	0	0	0	0	0	1	0	0	1	0	0	0	0	0	0
NZ_UGQW01000001.1	3p	-	50	28	33	23	25	109	0	0	0	0	0	0	0	0	0	0	0	0	0	0	0	0	0	0	0	0	0
NZ_UGQW01000001.1	3p	-	51	25	18	29	25	97	0	2	2	1	0	0	0	0	0	0	0	1	0	0	0	0	0	0	0	0	0
NZ_UGQW01000001.1	3p	-	52	22	26	20	21	89	0	0	1	0	0	0	0	0	1	0	2	0	0	0	0	0	0	0	0	0	0
NZ_UGQW01000001.1	3p	-	53	17	17	23	22	79	0	4	1	1	0	0	0	0	0	0	0	0	0	0	0	0	0	0	0	0	0
NZ_UGQW01000001.1	3p	-	54	14	22	18	12	66	1	2	1	0	0	0	0	0	0	0	0	1	0	0	0	0	0	0	0	0	0
NZ_UGQW01000001.1	3p	-	55	17	17	16	14	64	1	0	0	0	0	0	0	0	0	0	0	0	0	0	0	0	0	0	0	0	0
NZ_UGQW01000001.1	3p	-	56	12	22	8	18	60	0	0	0	1	0	0	0	0	0	1	0	0	0	0	0	0	0	0	0	0	0
NZ_UGQW01000001.1	3p	-	57	14	26	14	3	57	0	2	0	1	0	0	0	0	0	0	0	0	0	0	0	0	0	0	0	0	0
NZ_UGQW01000001.1	3p	-	58	8	17	17	13	55	1	0	0	1	0	0	0	1	0	0	0	0	0	0	0	0	0	0	0	0	0
NZ_UGQW01000001.1	3p	-	59	10	13	13	15	51	0	1	0	0	0	0	0	0	0	0	0	0	0	0	0	0	0	0	0	0	0
NZ_UGQW01000001.1	3p	-	60	14	10	11	10	45	0	0	1	0	1	0	0	0	0	0	0	0	0	0	0	0	0	0	0	0	0
NZ_UGQW01000001.1	3p	-	61	12	16	8	7	43	0	0	0	0	0	0	0	0	0	0	0	0	0	0	0	0	0	0	0	0	0
NZ_UGQW01000001.1	3p	-	62	12	10	9	5	36	0	1	1	0	0	0	0	0	0	0	0	1	0	0	0	0	0	0	0	0	0
NZ_UGQW01000001.1	3p	-	63	8	10	8	10	36	0	0	1	0	0	0	0	0	0	0	0	0	0	0	0	0	0	0	0	0	0
NZ_UGQW01000001.1	3p	-	64	6	10	7	8	31	0	1	0	1	0	0	0	0	0	0	0	0	0	0	0	0	0	0	0	0	0
NZ_UGQW01000001.1	3p	-	65	4	6	9	11	30	0	0	0	0	0	0	0	0	1	0	0	0	0	0	0	0	0	0	0	0	0
NZ_UGQW01000001.1	3p	-	66	1	8	7	8	24	0	1	0	0	0	0	0	0	0	0	0	0	0	0	0	0	0	0	0	0	0
NZ_UGQW01000001.1	3p	-	67	2	3	9	9	23	0	0	0	0	0	0	0	1	0	0	0	0	0	0	0	0	0	0	0	0	0
NZ_UGQW01000001.1	3p	-	68	4	3	9	4	20	0	0	0	0	0	0	0	0	0	0	0	0	0	0	0	0	0	0	0	0	0
NZ_UGQW01000001.1	3p	-	69	4	6	7	2	19	0	1	0	0	0	0	0	0	0	0	0	0	0	0	0	0	0	0	0	0	0
NZ_UGQW01000001.1	3p	-	70	6	2	4	6	18	0	0	0	0	0	0	0	0	0	0	0	0	0	0	0	0	0	0	0	0	0
NZ_UGQW01000001.1	5p	+	1	99	156	107	116	478	4	32	1	6	1	0	0	0	0	1	3	3	0	0	0	0	0	0	0	0	0
NZ_UGQW01000001.1	5p	+	2	109	126	127	116	478	3	18	3	3	1	1	0	1	0	0	4	0	0	0	0	0	0	0	0	0	0
NZ_UGQW01000001.1	5p	+	3	97	128	145	108	478	2	10	2	3	3	4	1	0	0	0	0	1	0	0	0	0	0	0	0	0	0
NZ_UGQW01000001.1	5p	+	4	98	128	125	126	477	2	16	4	7	0	0	1	0	1	0	1	0	0	0	0	0	0	0	1	0	0
NZ_UGQW01000001.1	5p	+	5	103	134	132	109	478	1	16	4	4	2	0	1	1	1	0	3	1	0	0	0	0	0	0	0	0	0
NZ_UGQW01000001.1	5p	+	6	92	128	142	116	478	3	10	2	1	1	0	0	0	0	0	4	1	0	0	0	0	0	0	0	0	0
NZ_UGQW01000001.1	5p	+	7	110	125	138	105	478	1	7	3	3	0	0	2	1	0	0	0	0	0	0	0	0	0	0	0	0	0
NZ_UGQW01000001.1	5p	+	8	89	118	135	136	478	3	3	2	3	0	1	2	0	1	0	0	1	0	0	0	0	0	0	0	0	0
NZ_UGQW01000001.1	5p	+	9	86	128	136	128	478	2	9	5	1	1	1	0	1	1	0	1	0	0	0	0	0	0	0	0	0	0
NZ_UGQW01000001.1	5p	+	10	83	136	147	112	478	4	4	3	3	1	0	0	0	0	0	2	0	0	0	0	0	0	0	0	0	0
NZ_UGQW01000001.1	5p	+	11	98	122	153	105	478	6	5	2	5	1	1	0	2	0	0	1	1	0	0	0	0	0	0	0	0	0
NZ_UGQW01000001.1	5p	+	12	93	122	163	100	478	4	6	5	3	1	1	1	0	0	1	0	0	0	0	0	0	0	0	0	0	0
NZ_UGQW01000001.1	5p	+	13	91	135	145	107	478	3	2	1	5	1	0	4	0	0	0	1	1	0	0	0	0	0	0	0	0	0
NZ_UGQW01000001.1	5p	+	14	88	144	147	99	478	3	9	2	1	1	0	0	0	1	0	1	1	0	0	0	0	0	0	0	0	0
NZ_UGQW01000001.1	5p	+	15	93	136	159	90	478	4	6	3	4	1	0	1	2	2	0	1	0	0	0	0	0	0	0	0	0	0
NZ_UGQW01000001.1	5p	+	16	95	140	144	99	478	6	2	3	2	1	0	4	1	3	0	2	0	0	0	0	0	0	0	0	0	0
NZ_UGQW01000001.1	5p	+	17	88	148	140	102	478	5	5	2	7	1	0	1	2	0	0	1	1	0	0	0	0	0	0	0	0	0
NZ_UGQW01000001.1	5p	+	18	91	127	145	115	478	3	2	4	7	0	0	1	0	0	2	2	0	0	0	0	0	0	0	0	0	0
NZ_UGQW01000001.1	5p	+	19	103	120	142	113	478	2	1	2	6	1	0	1	0	2	0	1	2	0	0	0	0	0	0	0	0	0
NZ_UGQW01000001.1	5p	+	20	108	154	126	90	478	3	2	3	3	1	1	1	0	1	0	1	1	0	0	0	0	0	0	0	0	0
NZ_UGQW01000001.1	5p	+	21	97	124	149	108	478	3	5	2	9	0	0	0	1	0	0	2	0	0	0	0	0	0	0	0	0	0
NZ_UGQW01000001.1	5p	+	22	87	131	154	106	478	7	3	1	7	0	0	0	0	0	0	1	0	0	0	0	0	0	0	0	0	0
NZ_UGQW01000001.1	5p	+	23	92	143	139	104	478	6	6	1	5	1	1	1	1	1	0	0	2	0	0	0	0	0	0	0	0	0
NZ_UGQW01000001.1	5p	+	24	89	133	160	96	478	1	2	1	3	0	1	3	0	1	0	1	0	0	0	0	0	0	0	0	0	0
NZ_UGQW01000001.1	5p	+	25	92	131	149	106	478	4	5	1	3	0	1	0	0	1	0	0	0	0	0	0	0	0	0	0	0	0
NZ_UGQW01000001.1	5p	+	26	109	135	145	89	478	6	4	4	4	2	1	1	1	1	0	2	0	0	0	0	0	0	0	0	0	0
NZ_UGQW01000001.1	5p	+	27	102	124	133	119	478	5	2	5	3	0	0	0	0	0	0	2	1	0	0	0	0	0	0	0	0	0
NZ_UGQW01000001.1	5p	+	28	91	147	139	101	478	3	1	3	1	0	0	1	0	1	0	1	1	0	0	0	0	0	0	0	0	0
NZ_UGQW01000001.1	5p	+	29	96	138	142	102	478	6	4	2	3	1	0	0	2	0	0	2	0	0	0	0	0	0	0	0	0	0
NZ_UGQW01000001.1	5p	+	30	107	129	136	106	478	7	3	2	3	0	0	1	0	0	0	0	1	0	0	0	0	0	0	0	0	0
NZ_UGQW01000001.1	5p	+	31	100	113	143	100	456	7	2	6	5	0	0	0	2	1	0	2	2	0	0	0	0	0	0	0	0	0
NZ_UGQW01000001.1	5p	+	32	86	118	134	94	432	9	2	2	2	0	0	1	0	0	0	0	0	0	0	0	0	0	0	0	0	0
NZ_UGQW01000001.1	5p	+	33	92	113	126	73	404	10	8	2	1	2	0	1	1	0	0	1	0	0	0	0	0	0	0	0	0	0
NZ_UGQW01000001.1	5p	+	34	91	101	116	75	383	7	4	4	3	1	0	0	0	0	0	0	2	0	0	0	0	0	0	0	0	0
NZ_UGQW01000001.1	5p	+	35	78	99	103	72	352	11	2	3	5	0	1	1	1	0	1	0	0	0	0	0	0	0	0	0	0	0
NZ_UGQW01000001.1	5p	+	36	60	93	101	74	328	11	2	2	3	1	0	0	0	0	0	1	0	0	0	0	0	0	0	0	0	0
NZ_UGQW01000001.1	5p	+	37	72	67	100	71	310	9	2	3	2	0	0	0	0	0	1	0	1	0	0	0	0	0	0	0	0	0
NZ_UGQW01000001.1	5p	+	38	49	84	96	60	289	7	1	1	2	0	0	0	0	0	0	2	0	0	0	0	0	0	0	0	0	0
NZ_UGQW01000001.1	5p	+	39	56	67	89	61	273	8	0	2	2	1	0	1	1	0	0	0	0	0	0	0	0	0	0	0	0	0
NZ_UGQW01000001.1	5p	+	40	48	71	79	58	256	3	4	0	1	0	0	1	0	0	0	0	0	0	0	0	0	0	0	0	0	0
NZ_UGQW01000001.1	5p	+	41	56	52	73	59	240	3	3	2	4	0	0	0	0	1	0	1	0	1	0	0	0	0	0	0	0	0
NZ_UGQW01000001.1	5p	+	42	48	74	56	46	224	4	0	1	1	0	0	0	0	0	0	0	0	0	0	0	0	0	0	0	0	0
NZ_UGQW01000001.1	5p	+	43	54	45	62	52	213	1	3	1	3	1	1	0	0	0	0	0	0	0	0	0	0	0	0	0	0	0
NZ_UGQW01000001.1	5p	+	44	37	47	67	52	203	5	2	0	2	0	0	0	0	0	0	0	0	0	0	0	0	0	0	0	0	0
NZ_UGQW01000001.1	5p	+	45	40	51	53	42	186	6	0	0	3	0	0	1	0	0	1	1	0	0	0	0	0	0	0	0	0	0
NZ_UGQW01000001.1	5p	+	46	46	48	45	35	174	4	2	1	0	0	0	0	1	0	0	0	0	0	0	0	0	1	0	0	0	0
NZ_UGQW01000001.1	5p	+	47	31	45	55	25	156	4	0	0	1	0	0	0	0	0	0	0	0	0	0	0	0	0	0	0	0	0
NZ_UGQW01000001.1	5p	+	48	25	40	52	21	138	10	1	0	1	0	0	1	1	0	0	1	0	0	0	0	0	0	0	0	0	0
NZ_UGQW01000001.1	5p	+	49	31	28	36	30	125	3	0	1	0	0	0	0	0	0	1	0	1	0	0	0	0	0	0	0	0	0
NZ_UGQW01000001.1	5p	+	50	19	25	39	36	119	1	0	0	1	2	0	0	1	0	0	0	1	0	0	0	0	0	0	0	0	0
NZ_UGQW01000001.1	5p	+	51	22	21	41	26	110	2	0	0	2	0	0	0	0	0	0	0	0	0	0	0	0	0	0	0	0	0
NZ_UGQW01000001.1	5p	+	52	15	34	31	23	103	1	1	0	2	0	0	0	0	0	0	0	0	0	0	0	0	0	0	0	0	0
NZ_UGQW01000001.1	5p	+	53	22	26	25	23	96	2	1	1	1	0	0	1	0	0	0	0	0	0	0	0	0	0	0	0	0	0
NZ_UGQW01000001.1	5p	+	54	12	20	39	18	89	6	0	0	1	0	0	0	0	0	0	0	0	0	0	0	0	0	0	0	0	0
NZ_UGQW01000001.1	5p	+	55	16	25	27	16	84	1	2	1	0	0	0	0	0	0	0	0	0	0	0	0	0	0	0	0	0	0
NZ_UGQW01000001.1	5p	+	56	18	20	20	21	79	1	1	2	2	0	0	0	0	0	0	0	0	0	0	0	0	0	0	0	0	0
NZ_UGQW01000001.1	5p	+	57	19	15	20	19	73	2	2	0	0	0	0	0	0	0	0	0	0	0	0	0	0	0	0	0	0	0
NZ_UGQW01000001.1	5p	+	58	19	10	22	16	67	3	1	0	0	0	0	0	0	0	0	0	0	0	0	0	0	0	0	0	0	0
NZ_UGQW01000001.1	5p	+	59	24	15	15	12	66	0	0	1	0	0	0	0	0	0	0	0	0	0	0	0	0	0	0	0	0	0
NZ_UGQW01000001.1	5p	+	60	22	14	13	14	63	0	1	0	0	0	0	0	0	0	0	0	1	0	0	0	0	0	0	0	0	0
NZ_UGQW01000001.1	5p	+	61	11	16	18	17	62	1	1	0	1	0	0	0	0	0	0	1	0	0	0	0	0	0	0	0	0	0
NZ_UGQW01000001.1	5p	+	62	14	16	17	11	58	1	0	0	0	0	0	0	0	0	0	0	0	0	0	0	0	0	0	0	0	0
NZ_UGQW01000001.1	5p	+	63	13	16	21	7	57	1	2	0	0	0	0	0	1	0	0	0	0	0	0	0	0	0	0	0	0	0
NZ_UGQW01000001.1	5p	+	64	18	10	14	13	55	1	0	0	0	0	0	0	0	0	0	0	0	0	0	0	0	0	0	0	0	0
NZ_UGQW01000001.1	5p	+	65	10	17	14	10	51	0	0	1	1	0	0	0	0	0	0	0	0	0	0	1	0	0	0	0	0	0
NZ_UGQW01000001.1	5p	+	66	6	13	15	11	45	1	0	0	1	0	0	0	1	0	0	0	0	0	0	0	0	0	0	0	0	0
NZ_UGQW01000001.1	5p	+	67	8	14	13	6	41	1	0	0	0	0	0	0	0	0	0	0	0	0	0	0	0	0	0	0	0	0
NZ_UGQW01000001.1	5p	+	68	9	14	10	6	39	1	3	0	0	0	0	0	0	0	0	1	0	0	0	0	0	0	0	0	0	0
NZ_UGQW01000001.1	5p	+	69	9	9	13	7	38	1	0	0	0	0	0	0	0	0	0	0	0	0	0	0	0	0	0	0	0	0
NZ_UGQW01000001.1	5p	+	70	7	14	9	8	38	1	1	0	0	0	0	0	0	0	0	0	0	0	0	0	0	0	0	0	0	0
NZ_UGQW01000001.1	5p	-	1	104	160	109	111	484	2	35	3	2	1	0	1	2	2	0	1	1	0	0	0	0	0	0	0	0	0
NZ_UGQW01000001.1	5p	-	2	105	156	104	119	484	1	19	7	2	0	0	1	0	0	0	1	0	0	0	0	0	0	0	0	0	0
NZ_UGQW01000001.1	5p	-	3	115	124	141	104	484	3	11	6	5	1	0	2	0	1	1	0	1	0	0	0	0	0	0	0	0	0
NZ_UGQW01000001.1	5p	-	4	123	123	125	112	483	5	5	2	7	0	0	0	1	2	0	0	0	0	0	0	0	0	0	0	1	0
NZ_UGQW01000001.1	5p	-	5	101	137	127	117	482	4	9	4	3	0	0	0	1	1	0	0	2	0	0	1	0	0	0	1	1	0
NZ_UGQW01000001.1	5p	-	6	101	137	118	128	484	5	7	5	4	0	0	1	3	2	1	1	1	0	0	0	1	0	0	0	0	0
NZ_UGQW01000001.1	5p	-	7	95	141	130	118	484	4	4	2	3	0	0	3	3	1	0	0	0	0	0	0	0	0	0	0	0	0
NZ_UGQW01000001.1	5p	-	8	81	148	145	110	484	5	8	5	3	1	0	1	0	0	0	1	2	0	1	0	0	0	0	0	0	0
NZ_UGQW01000001.1	5p	-	9	106	141	139	98	484	4	10	7	2	0	0	1	1	0	0	0	1	0	0	0	0	0	0	0	0	0
NZ_UGQW01000001.1	5p	-	10	96	140	132	116	484	4	4	1	3	1	0	0	2	0	2	1	0	0	0	0	0	0	0	0	0	0
NZ_UGQW01000001.1	5p	-	11	86	147	140	111	484	4	7	3	3	0	0	0	1	1	0	2	0	0	0	0	0	0	0	0	0	0
NZ_UGQW01000001.1	5p	-	12	100	131	154	99	484	9	5	3	4	0	0	1	1	0	0	0	1	0	0	0	0	0	0	0	0	0
NZ_UGQW01000001.1	5p	-	13	108	153	127	96	484	3	5	2	3	1	0	2	0	0	0	0	0	0	0	0	0	0	0	0	0	0
NZ_UGQW01000001.1	5p	-	14	105	153	136	90	484	5	3	2	5	1	1	3	1	0	0	1	0	0	0	0	0	0	0	0	0	0
NZ_UGQW01000001.1	5p	-	15	85	140	161	98	484	4	3	2	3	0	0	1	0	0	0	0	1	0	0	0	0	0	0	0	0	0
NZ_UGQW01000001.1	5p	-	16	96	154	147	87	484	4	9	3	4	1	0	1	0	1	1	1	2	0	0	0	0	0	0	0	0	0
NZ_UGQW01000001.1	5p	-	17	84	155	128	117	484	7	3	3	5	0	0	2	1	0	0	1	0	0	0	0	0	0	0	0	0	0
NZ_UGQW01000001.1	5p	-	18	90	134	147	113	484	7	2	4	4	1	0	2	1	0	1	3	0	0	0	0	0	0	0	0	0	0
NZ_UGQW01000001.1	5p	-	19	99	154	140	91	484	1	4	4	0	0	0	2	1	0	1	2	0	0	0	0	0	0	0	0	0	0
NZ_UGQW01000001.1	5p	-	20	95	167	120	102	484	2	4	5	7	2	0	2	0	0	0	0	0	0	0	0	0	0	0	0	0	0
NZ_UGQW01000001.1	5p	-	21	109	130	154	91	484	3	5	1	2	1	0	1	1	1	1	1	0	0	0	0	0	0	0	0	0	0
NZ_UGQW01000001.1	5p	-	22	91	137	132	124	484	5	3	3	8	0	2	0	0	0	0	1	0	0	0	0	0	0	0	0	0	0
NZ_UGQW01000001.1	5p	-	23	99	170	127	88	484	1	7	6	2	0	1	4	4	0	0	2	1	0	0	0	0	0	0	0	0	0
NZ_UGQW01000001.1	5p	-	24	116	138	137	93	484	7	5	1	2	0	0	0	1	0	0	0	2	0	0	0	0	0	0	0	0	0
NZ_UGQW01000001.1	5p	-	25	107	125	146	106	484	4	2	1	4	0	0	1	0	1	0	0	1	0	0	0	0	0	0	0	0	0
NZ_UGQW01000001.1	5p	-	26	111	159	132	82	484	8	4	6	0	0	0	3	0	1	0	2	1	0	0	0	0	0	0	0	0	0
NZ_UGQW01000001.1	5p	-	27	125	113	137	109	484	4	0	6	3	1	1	1	0	1	0	0	0	0	0	0	0	0	0	0	0	0
NZ_UGQW01000001.1	5p	-	28	108	125	132	119	484	8	5	2	6	1	0	2	0	0	1	0	1	0	0	0	0	0	0	0	0	0
NZ_UGQW01000001.1	5p	-	29	97	151	133	103	484	7	4	3	4	0	0	1	0	0	0	1	2	0	0	0	0	0	0	0	0	0
NZ_UGQW01000001.1	5p	-	30	117	140	140	87	484	8	2	5	4	3	0	3	2	1	0	0	0	0	0	0	0	0	0	0	0	0
NZ_UGQW01000001.1	5p	-	31	115	138	113	89	455	7	1	4	3	0	0	2	0	0	0	0	1	0	0	0	0	0	0	0	0	0
NZ_UGQW01000001.1	5p	-	32	108	129	122	73	432	9	3	6	2	0	0	1	1	0	0	2	1	0	0	0	0	0	0	0	0	0
NZ_UGQW01000001.1	5p	-	33	94	102	128	76	400	8	2	5	1	0	0	1	0	0	1	3	2	0	0	0	0	0	0	0	0	0
NZ_UGQW01000001.1	5p	-	34	80	108	95	89	372	10	2	2	1	0	0	0	0	2	1	0	0	0	0	0	0	0	0	0	0	0
NZ_UGQW01000001.1	5p	-	35	75	106	95	68	344	9	2	2	1	1	0	1	0	2	0	2	0	0	0	0	0	0	0	0	0	0
NZ_UGQW01000001.1	5p	-	36	72	89	110	54	325	6	4	6	1	1	0	0	1	0	0	1	1	0	0	0	0	0	0	0	0	0
NZ_UGQW01000001.1	5p	-	37	80	80	84	56	300	6	1	4	2	0	0	1	1	1	0	0	0	0	0	0	0	0	0	0	0	0
NZ_UGQW01000001.1	5p	-	38	65	93	74	53	285	10	3	0	1	0	0	0	2	2	0	0	1	0	0	0	0	0	0	0	0	0
NZ_UGQW01000001.1	5p	-	39	64	73	68	61	266	4	2	3	2	0	0	1	0	0	1	1	0	0	0	0	0	0	0	0	0	0
NZ_UGQW01000001.1	5p	-	40	58	64	75	57	254	6	2	1	1	0	0	1	1	1	0	0	1	0	0	0	0	0	0	0	0	0
NZ_UGQW01000001.1	5p	-	41	46	60	77	52	235	8	0	5	1	0	0	3	1	0	0	0	0	0	0	0	0	0	0	0	0	0
NZ_UGQW01000001.1	5p	-	42	42	68	68	41	219	7	1	1	1	0	0	1	1	0	0	0	1	0	0	0	0	0	0	0	0	0
NZ_UGQW01000001.1	5p	-	43	44	57	43	58	202	5	2	4	1	0	0	0	0	0	0	0	1	0	0	0	0	0	0	0	0	0
NZ_UGQW01000001.1	5p	-	44	38	52	49	47	186	6	1	2	1	0	0	0	0	0	0	0	0	0	0	0	0	0	0	0	0	0
NZ_UGQW01000001.1	5p	-	45	39	41	51	40	171	6	0	3	0	0	0	1	0	0	0	0	1	0	0	0	0	0	0	0	0	0
NZ_UGQW01000001.1	5p	-	46	37	36	38	40	151	6	0	0	1	0	0	0	0	1	0	0	0	0	0	0	0	0	0	0	0	0
NZ_UGQW01000001.1	5p	-	47	26	40	36	39	141	3	0	0	0	0	0	1	0	1	0	0	0	0	0	0	0	0	0	0	0	0
NZ_UGQW01000001.1	5p	-	48	27	36	35	24	122	4	2	0	1	0	0	0	0	0	0	0	1	0	0	0	0	0	0	0	0	0
NZ_UGQW01000001.1	5p	-	49	30	28	34	27	119	3	2	0	0	0	0	0	0	0	0	0	1	0	0	0	0	0	0	0	0	0
NZ_UGQW01000001.1	5p	-	50	23	37	32	17	109	0	0	0	0	0	0	0	0	0	0	0	0	0	0	0	0	0	0	0	0	0
NZ_UGQW01000001.1	5p	-	51	19	32	28	18	97	6	0	1	1	0	0	0	0	0	0	0	0	0	0	0	0	0	0	0	0	0
NZ_UGQW01000001.1	5p	-	52	21	23	28	17	89	1	1	1	0	0	0	0	0	0	0	0	0	0	0	0	0	0	0	0	0	0
NZ_UGQW01000001.1	5p	-	53	21	22	21	15	79	1	0	1	0	0	0	1	0	0	1	0	0	0	0	0	0	0	0	0	0	0
NZ_UGQW01000001.1	5p	-	54	20	19	15	12	66	2	0	1	0	0	0	1	0	0	0	0	0	0	0	0	0	0	0	0	0	0
NZ_UGQW01000001.1	5p	-	55	15	13	21	15	64	0	0	0	0	0	0	0	0	0	0	0	0	0	0	0	0	0	0	0	0	0
NZ_UGQW01000001.1	5p	-	56	12	19	14	15	60	2	1	0	0	0	0	0	0	0	0	0	0	0	0	0	0	0	0	0	0	0
NZ_UGQW01000001.1	5p	-	57	19	9	15	14	57	0	1	0	0	0	0	0	0	0	0	0	0	0	0	0	0	0	0	0	0	0
NZ_UGQW01000001.1	5p	-	58	22	17	8	8	55	1	1	1	0	1	0	0	0	0	0	0	0	0	0	0	0	0	0	0	0	0
NZ_UGQW01000001.1	5p	-	59	12	14	16	9	51	1	0	0	0	0	0	0	0	0	0	0	0	0	0	0	0	0	0	0	0	0
NZ_UGQW01000001.1	5p	-	60	11	9	16	9	45	1	0	0	0	0	0	1	0	0	0	0	1	0	0	0	0	0	0	0	0	0
NZ_UGQW01000001.1	5p	-	61	9	15	13	6	43	3	0	0	0	0	0	0	0	0	0	1	0	0	0	0	0	0	0	0	0	0
NZ_UGQW01000001.1	5p	-	62	2	12	12	10	36	1	0	0	0	0	0	0	0	0	0	0	0	0	0	0	0	0	0	0	0	0
NZ_UGQW01000001.1	5p	-	63	10	10	9	7	36	1	0	0	0	0	1	0	0	0	0	0	0	0	0	0	0	0	0	0	0	0
NZ_UGQW01000001.1	5p	-	64	8	8	7	8	31	1	0	1	0	0	0	0	0	0	0	0	0	0	0	0	0	0	0	0	0	0
NZ_UGQW01000001.1	5p	-	65	7	4	11	8	30	2	1	0	0	0	0	0	0	0	0	0	0	0	0	0	0	0	0	0	0	0
NZ_UGQW01000001.1	5p	-	66	5	8	6	5	24	1	0	0	0	0	0	0	0	0	0	0	0	0	0	0	0	0	0	0	0	0
NZ_UGQW01000001.1	5p	-	67	4	5	11	3	23	0	0	0	0	0	0	0	0	0	0	0	0	0	0	0	0	0	0	0	0	0
NZ_UGQW01000001.1	5p	-	68	5	6	6	3	20	0	0	0	0	0	0	0	0	0	0	0	0	0	0	0	0	0	0	0	0	0
NZ_UGQW01000001.1	5p	-	69	2	4	5	8	19	0	0	0	0	0	0	0	0	0	0	0	0	0	0	0	0	0	0	0	0	0
NZ_UGQW01000001.1	5p	-	70	1	4	4	9	18	0	0	0	0	0	0	0	0	0	0	0	0	0	0	0	0	0	0	0	0	0
NZ_UGQW01000002.1	3p	+	1	1033	896	1333	927	4189	280	19	27	25	7	4	11	11	11	6	5	8	0	0	0	0	0	0	0	0	0
NZ_UGQW01000002.1	3p	+	2	1039	1108	1075	967	4189	180	37	24	28	9	5	13	8	7	6	12	5	0	0	0	0	0	0	0	0	0
NZ_UGQW01000002.1	3p	+	3	996	1180	1100	913	4189	117	26	17	32	4	4	13	10	5	2	9	7	0	0	0	0	0	0	0	0	0
NZ_UGQW01000002.1	3p	+	4	1005	1037	1192	955	4189	111	17	16	24	5	2	9	10	6	3	9	5	0	0	0	0	0	0	0	0	0
NZ_UGQW01000002.1	3p	+	5	933	1142	1205	909	4189	109	25	21	34	4	1	8	10	9	2	9	5	0	0	0	0	0	0	0	0	0
NZ_UGQW01000002.1	3p	+	6	910	1234	1197	848	4189	105	36	32	35	6	2	13	10	4	1	4	9	0	0	0	0	0	0	0	0	0
NZ_UGQW01000002.1	3p	+	7	979	1149	1164	897	4189	72	23	20	29	6	2	10	14	5	2	4	4	0	0	0	0	0	0	0	0	0
NZ_UGQW01000002.1	3p	+	8	929	1169	1267	823	4188	82	22	21	19	12	3	7	10	4	1	1	7	0	1	1	0	0	1	0	0	0
NZ_UGQW01000002.1	3p	+	9	952	1237	1166	834	4189	61	24	33	30	2	3	7	5	5	1	4	6	0	0	0	0	0	0	0	0	0
NZ_UGQW01000002.1	3p	+	10	965	1140	1206	876	4187	61	15	23	30	5	3	7	9	4	1	7	7	0	0	0	0	0	1	0	1	0
NZ_UGQW01000002.1	3p	+	11	914	1139	1337	797	4187	59	26	28	26	7	0	9	5	6	2	6	5	0	1	1	0	0	0	1	1	0
NZ_UGQW01000002.1	3p	+	12	893	1268	1194	834	4189	45	40	19	30	12	1	17	14	6	6	7	7	0	0	0	1	0	0	0	0	0
NZ_UGQW01000002.1	3p	+	13	918	1192	1222	857	4189	63	27	22	24	4	3	5	1	6	2	7	5	0	0	1	0	0	0	0	0	0
NZ_UGQW01000002.1	3p	+	14	896	1227	1277	788	4188	53	30	29	28	5	2	9	9	4	0	3	4	1	0	0	0	0	1	0	0	0
NZ_UGQW01000002.1	3p	+	15	877	1256	1234	820	4187	39	39	26	35	3	8	10	7	4	5	7	8	0	1	0	0	1	1	0	0	0
NZ_UGQW01000002.1	3p	+	16	971	1156	1239	823	4189	36	22	26	24	2	3	11	8	1	2	3	5	0	1	0	0	0	0	0	0	0
NZ_UGQW01000002.1	3p	+	17	879	1229	1332	748	4188	49	31	25	29	5	2	10	7	6	1	4	4	0	1	1	0	0	0	0	1	0
NZ_UGQW01000002.1	3p	+	18	844	1322	1214	809	4189	43	32	20	28	5	2	12	8	5	3	15	7	0	1	2	0	0	0	0	0	0
NZ_UGQW01000002.1	3p	+	19	896	1245	1161	887	4189	34	27	14	23	5	2	11	4	7	0	7	2	0	1	0	0	0	0	0	0	0
NZ_UGQW01000002.1	3p	+	20	844	1237	1326	781	4188	31	26	27	21	3	0	5	5	7	2	10	9	0	0	0	0	0	0	0	1	0
NZ_UGQW01000002.1	3p	+	21	872	1321	1165	829	4187	30	24	26	26	7	2	6	9	5	1	8	7	0	0	0	0	0	2	0	0	0
NZ_UGQW01000002.1	3p	+	22	909	1196	1209	874	4188	35	35	26	19	6	1	10	6	5	5	9	3	0	0	0	0	1	0	0	0	0
NZ_UGQW01000002.1	3p	+	23	828	1252	1286	823	4189	35	32	34	35	7	4	11	11	4	2	8	5	0	1	0	0	0	0	0	0	0
NZ_UGQW01000002.1	3p	+	24	853	1320	1195	821	4189	41	37	32	21	1	3	7	6	4	2	9	3	2	0	0	0	0	0	0	0	0
NZ_UGQW01000002.1	3p	+	25	834	1221	1265	868	4188	19	31	21	24	6	2	6	6	8	4	7	5	0	0	0	0	1	0	0	0	0
NZ_UGQW01000002.1	3p	+	26	868	1261	1253	807	4189	39	41	30	26	4	2	10	1	8	4	8	10	0	1	1	0	0	0	0	0	0
NZ_UGQW01000002.1	3p	+	27	861	1341	1129	856	4187	34	51	25	24	6	5	14	11	8	4	4	12	0	0	0	0	0	1	1	0	0
NZ_UGQW01000002.1	3p	+	28	904	1208	1167	910	4189	40	41	23	29	2	1	10	7	4	1	11	2	1	0	0	0	0	0	0	0	0
NZ_UGQW01000002.1	3p	+	29	912	1251	1215	811	4189	31	61	24	24	7	4	7	2	4	4	10	4	1	1	0	0	0	0	0	0	0
NZ_UGQW01000002.1	3p	+	30	900	1287	1070	931	4188	24	67	29	24	5	1	7	5	3	0	9	7	1	0	0	0	0	0	1	0	0
NZ_UGQW01000002.1	3p	+	31	906	1116	1080	870	3972	26	73	25	23	9	2	9	5	3	2	9	6	0	0	0	0	0	0	1	0	0
NZ_UGQW01000002.1	3p	+	32	850	1146	1068	695	3759	24	74	23	20	6	2	4	6	2	0	7	10	0	0	0	0	0	0	0	0	0
NZ_UGQW01000002.1	3p	+	33	763	1122	892	745	3522	18	79	22	28	4	4	6	5	6	2	9	3	0	0	0	0	0	0	1	0	0
NZ_UGQW01000002.1	3p	+	34	786	982	830	723	3321	22	66	20	23	3	3	4	8	2	1	8	8	0	0	0	0	0	0	1	0	0
NZ_UGQW01000002.1	3p	+	35	690	923	864	644	3121	29	63	21	13	2	3	5	8	3	1	7	3	0	0	0	0	0	0	1	0	0
NZ_UGQW01000002.1	3p	+	36	653	891	742	646	2932	17	66	17	18	4	4	1	2	0	0	4	3	0	0	0	0	0	0	0	0	0
NZ_UGQW01000002.1	3p	+	37	718	748	708	590	2764	14	44	22	20	6	4	7	3	2	1	2	4	1	0	0	1	0	0	0	0	0
NZ_UGQW01000002.1	3p	+	38	587	760	712	519	2578	7	62	16	17	1	4	4	3	3	1	3	7	0	0	0	0	0	0	0	0	0
NZ_UGQW01000002.1	3p	+	39	532	792	584	512	2420	20	55	20	16	0	3	1	6	1	1	1	2	0	0	0	0	0	0	0	0	0
NZ_UGQW01000002.1	3p	+	40	563	618	563	514	2258	14	52	14	15	7	0	2	3	7	0	4	2	0	0	0	0	0	1	0	0	0
NZ_UGQW01000002.1	3p	+	41	482	642	584	422	2130	16	62	15	19	1	1	5	4	2	2	4	2	1	0	0	0	0	0	0	0	0
NZ_UGQW01000002.1	3p	+	42	464	626	475	430	1995	12	55	12	15	6	3	1	3	1	0	4	4	0	0	0	0	0	0	1	0	0
NZ_UGQW01000002.1	3p	+	43	416	517	446	460	1839	10	45	8	8	0	1	2	1	1	1	3	4	0	0	0	0	0	0	0	0	0
NZ_UGQW01000002.1	3p	+	44	396	487	444	355	1682	11	52	11	7	1	0	4	4	2	1	4	4	0	0	1	0	0	0	0	0	0
NZ_UGQW01000002.1	3p	+	45	351	482	380	334	1547	8	45	10	10	1	2	3	2	1	1	5	5	0	0	0	0	0	0	0	0	0
NZ_UGQW01000002.1	3p	+	46	349	382	356	338	1425	10	25	3	6	1	0	2	3	2	1	1	1	0	0	0	0	0	0	0	0	0
NZ_UGQW01000002.1	3p	+	47	288	374	352	298	1312	5	23	5	10	0	0	2	0	1	0	1	2	0	0	0	1	0	0	0	0	0
NZ_UGQW01000002.1	3p	+	48	290	368	302	262	1222	7	30	5	8	0	2	1	0	1	0	2	0	0	0	1	0	0	0	0	0	0
NZ_UGQW01000002.1	3p	+	49	269	332	284	242	1127	7	27	3	4	2	1	0	3	0	0	1	0	0	0	0	0	0	1	0	0	0
NZ_UGQW01000002.1	3p	+	50	219	310	291	227	1047	8	24	8	5	0	1	0	0	1	1	1	2	0	0	0	0	0	0	0	0	0
NZ_UGQW01000002.1	3p	+	51	233	325	234	185	977	3	22	1	4	0	1	0	1	0	1	2	0	0	0	0	0	0	0	0	0	0
NZ_UGQW01000002.1	3p	+	52	193	250	237	221	901	3	21	3	12	1	0	0	3	2	0	1	0	0	0	0	0	0	0	0	0	0
NZ_UGQW01000002.1	3p	+	53	179	246	220	185	830	4	19	2	5	0	0	1	0	0	0	2	1	0	0	0	0	0	0	0	0	0
NZ_UGQW01000002.1	3p	+	54	187	238	190	169	784	4	19	1	6	0	0	2	1	2	0	2	1	0	0	0	0	0	0	0	0	0
NZ_UGQW01000002.1	3p	+	55	188	195	190	165	738	3	18	2	3	2	2	2	0	0	0	0	2	0	0	0	0	0	0	0	0	0
NZ_UGQW01000002.1	3p	+	56	176	195	187	142	700	3	15	2	4	0	0	0	2	1	0	0	5	0	0	0	0	0	0	0	0	0
NZ_UGQW01000002.1	3p	+	57	169	211	157	118	655	2	20	5	3	0	0	0	1	0	1	1	0	0	0	0	0	0	0	0	0	0
NZ_UGQW01000002.1	3p	+	58	122	165	171	155	613	2	8	2	10	0	2	0	0	4	1	0	0	0	0	0	1	0	0	0	0	0
NZ_UGQW01000002.1	3p	+	59	147	148	148	133	576	3	10	0	5	1	1	0	2	0	0	1	1	0	0	0	0	0	0	0	0	0
NZ_UGQW01000002.1	3p	+	60	125	187	118	107	537	1	13	4	0	1	2	3	3	1	0	2	0	0	0	0	0	0	0	0	0	0
NZ_UGQW01000002.1	3p	+	61	117	138	132	118	505	4	10	2	4	1	0	1	0	0	0	1	0	0	0	0	0	0	0	0	0	0
NZ_UGQW01000002.1	3p	+	62	95	145	144	99	483	3	17	1	3	0	0	1	0	0	1	0	0	0	0	0	0	0	0	0	0	0
NZ_UGQW01000002.1	3p	+	63	107	145	98	108	458	4	8	2	3	1	2	2	2	1	0	0	0	0	0	0	0	0	0	0	0	0
NZ_UGQW01000002.1	3p	+	64	87	128	108	108	431	3	9	3	4	1	0	0	1	0	1	0	1	0	0	0	0	0	0	0	0	0
NZ_UGQW01000002.1	3p	+	65	96	116	109	80	401	3	11	1	1	0	1	0	0	1	0	0	0	0	0	0	0	0	0	0	0	0
NZ_UGQW01000002.1	3p	+	66	86	117	91	84	378	5	9	1	4	0	0	0	0	0	0	1	0	0	0	0	0	0	0	0	0	0
NZ_UGQW01000002.1	3p	+	67	94	100	79	85	358	0	10	4	1	0	1	0	0	0	0	0	2	0	0	0	0	0	0	0	0	0
NZ_UGQW01000002.1	3p	+	68	86	91	71	69	317	2	8	0	4	1	1	0	0	1	1	0	1	0	0	0	0	0	0	0	0	0
NZ_UGQW01000002.1	3p	+	69	76	98	62	59	295	1	1	1	2	0	0	0	1	0	0	0	0	0	0	0	0	0	0	0	0	0
NZ_UGQW01000002.1	3p	+	70	78	68	73	58	277	0	6	3	0	0	1	0	0	0	0	0	0	0	0	0	0	0	0	0	0	0
NZ_UGQW01000002.1	3p	-	1	934	938	1331	945	4148	271	25	26	14	3	4	10	5	6	4	10	9	0	0	0	0	0	0	0	0	0
NZ_UGQW01000002.1	3p	-	2	1034	1037	1145	932	4148	165	33	25	27	4	1	10	10	12	6	8	14	0	0	0	0	0	0	0	0	0
NZ_UGQW01000002.1	3p	-	3	989	1155	1120	884	4148	130	26	24	24	6	4	14	8	9	3	8	7	0	0	0	0	0	0	0	0	0
NZ_UGQW01000002.1	3p	-	4	978	999	1178	993	4148	131	18	27	19	2	3	3	2	5	4	15	5	0	0	0	0	0	0	0	0	0
NZ_UGQW01000002.1	3p	-	5	897	1070	1247	933	4147	121	34	29	29	5	1	14	9	9	4	6	7	0	0	0	0	0	0	0	1	0
NZ_UGQW01000002.1	3p	-	6	906	1140	1160	939	4145	93	24	26	24	6	2	9	9	6	5	6	11	0	0	0	1	1	0	1	1	0
NZ_UGQW01000002.1	3p	-	7	915	1098	1216	919	4148	70	23	28	21	4	3	8	7	5	2	3	8	0	0	0	0	0	0	0	0	0
NZ_UGQW01000002.1	3p	-	8	919	1054	1283	892	4148	85	29	32	31	7	4	12	6	7	2	9	11	0	0	0	0	0	0	0	0	0
NZ_UGQW01000002.1	3p	-	9	869	1148	1251	880	4148	74	28	20	29	8	2	12	6	7	0	9	8	0	0	0	1	0	0	0	0	0
NZ_UGQW01000002.1	3p	-	10	843	1123	1271	911	4148	68	27	16	21	4	2	9	7	5	2	6	7	0	0	0	0	0	0	0	0	0
NZ_UGQW01000002.1	3p	-	11	829	1145	1301	871	4146	53	21	42	26	6	4	11	4	4	5	10	9	2	0	0	0	0	1	0	1	0
NZ_UGQW01000002.1	3p	-	12	758	1262	1264	863	4147	57	29	25	31	6	1	14	7	3	2	2	7	0	0	0	0	0	1	0	0	0
NZ_UGQW01000002.1	3p	-	13	843	1129	1297	878	4147	49	27	18	15	3	0	7	3	2	0	8	3	0	0	0	0	0	1	0	0	0
NZ_UGQW01000002.1	3p	-	14	846	1171	1315	816	4148	37	23	31	18	0	1	4	5	5	4	11	6	0	1	0	1	0	0	0	0	0
NZ_UGQW01000002.1	3p	-	15	815	1239	1214	879	4147	36	30	24	32	7	2	8	17	4	1	7	6	0	1	1	0	1	0	0	0	0
NZ_UGQW01000002.1	3p	-	16	836	1189	1273	850	4148	47	25	19	21	3	3	6	4	4	1	9	3	0	0	0	0	0	0	0	0	0
NZ_UGQW01000002.1	3p	-	17	812	1212	1315	809	4148	43	40	26	20	2	1	7	6	3	3	8	6	0	0	0	0	0	0	0	0	0
NZ_UGQW01000002.1	3p	-	18	785	1183	1314	866	4148	33	26	18	29	7	1	7	10	4	5	8	8	0	0	0	1	0	0	0	0	0
NZ_UGQW01000002.1	3p	-	19	769	1214	1235	930	4148	29	29	19	26	4	2	6	5	8	2	10	6	0	0	0	0	0	0	0	0	0
NZ_UGQW01000002.1	3p	-	20	785	1166	1361	836	4148	47	33	23	31	9	0	11	3	6	3	10	3	0	0	0	0	0	0	0	0	0
NZ_UGQW01000002.1	3p	-	21	776	1299	1244	828	4147	37	30	20	31	5	1	11	4	4	1	13	5	0	1	0	0	0	1	0	0	0
NZ_UGQW01000002.1	3p	-	22	813	1178	1244	911	4146	33	28	20	27	2	2	8	8	7	1	6	8	0	0	0	1	2	0	0	0	0
NZ_UGQW01000002.1	3p	-	23	794	1208	1261	884	4147	34	34	24	28	2	2	3	7	2	1	9	7	0	0	0	0	0	0	0	1	0
NZ_UGQW01000002.1	3p	-	24	806	1251	1202	888	4147	28	40	30	19	5	4	6	5	6	2	6	10	0	0	0	0	1	0	0	0	0
NZ_UGQW01000002.1	3p	-	25	783	1135	1293	936	4147	31	37	19	25	5	5	7	6	9	3	12	9	0	0	0	0	0	0	0	1	0
NZ_UGQW01000002.1	3p	-	26	843	1200	1286	818	4147	38	45	25	30	4	2	8	8	3	1	7	2	0	0	0	0	1	0	0	0	0
NZ_UGQW01000002.1	3p	-	27	829	1256	1175	885	4145	42	47	22	24	4	3	9	5	2	5	8	6	0	0	0	0	0	0	1	2	0
NZ_UGQW01000002.1	3p	-	28	912	1116	1207	911	4146	38	51	22	18	6	2	9	3	1	4	4	7	0	0	0	0	0	1	1	0	0
NZ_UGQW01000002.1	3p	-	29	845	1174	1183	946	4148	37	55	27	44	8	2	7	5	5	4	11	4	0	0	0	0	0	0	0	0	0
NZ_UGQW01000002.1	3p	-	30	886	1221	1161	879	4147	38	72	25	25	13	3	6	7	5	9	15	9	0	0	1	0	0	0	0	1	0
NZ_UGQW01000002.1	3p	-	31	885	1059	1097	875	3916	31	81	14	22	3	5	8	6	11	4	10	3	0	0	0	0	0	0	0	0	0
NZ_UGQW01000002.1	3p	-	32	738	1029	1116	819	3702	27	59	24	19	2	3	6	4	4	2	7	7	0	0	1	0	0	0	0	0	0
NZ_UGQW01000002.1	3p	-	33	692	1024	979	805	3500	23	69	20	22	8	2	5	3	4	4	9	7	0	0	0	0	0	1	0	0	0
NZ_UGQW01000002.1	3p	-	34	685	919	950	689	3243	22	78	19	15	7	3	4	5	4	2	8	4	0	0	0	0	1	0	0	0	0
NZ_UGQW01000002.1	3p	-	35	631	847	902	664	3044	25	60	21	22	3	1	7	4	4	2	5	5	0	0	0	0	0	0	0	0	0
NZ_UGQW01000002.1	3p	-	36	626	862	804	603	2895	25	62	17	15	2	6	4	8	1	1	4	2	0	0	1	0	0	0	0	0	0
NZ_UGQW01000002.1	3p	-	37	679	746	744	575	2744	16	56	11	7	3	3	2	7	3	1	7	7	0	0	0	0	0	0	0	0	0
NZ_UGQW01000002.1	3p	-	38	538	754	699	571	2562	16	67	21	15	2	2	0	2	5	1	3	4	0	0	0	0	0	0	0	1	0
NZ_UGQW01000002.1	3p	-	39	571	694	635	514	2414	21	60	13	9	2	1	6	3	3	1	6	4	0	0	0	0	0	0	0	0	0
NZ_UGQW01000002.1	3p	-	40	514	588	632	533	2267	16	46	14	8	1	0	7	3	2	1	4	3	1	0	0	0	0	0	0	0	0
NZ_UGQW01000002.1	3p	-	41	462	598	606	455	2121	14	58	6	7	2	2	6	4	1	1	5	5	0	0	0	0	0	0	0	0	0
NZ_UGQW01000002.1	3p	-	42	445	580	536	436	1997	12	40	11	14	3	0	5	2	3	0	7	1	0	0	0	0	0	0	0	0	0
NZ_UGQW01000002.1	3p	-	43	415	517	511	421	1864	11	41	12	9	3	0	2	5	1	0	2	0	0	0	0	0	2	0	0	0	0
NZ_UGQW01000002.1	3p	-	44	390	474	493	364	1721	17	29	13	4	0	1	2	3	0	1	3	6	0	0	0	0	0	0	0	0	0
NZ_UGQW01000002.1	3p	-	45	347	459	434	376	1616	13	38	6	8	2	0	1	4	1	0	2	5	0	0	0	0	0	0	0	0	0
NZ_UGQW01000002.1	3p	-	46	368	398	416	314	1496	14	28	9	16	2	4	1	2	0	1	4	4	0	0	0	0	0	0	0	0	0
NZ_UGQW01000002.1	3p	-	47	287	422	364	300	1373	11	34	10	6	1	0	0	2	1	1	2	3	0	0	0	0	0	0	0	0	0
NZ_UGQW01000002.1	3p	-	48	287	359	329	285	1260	4	39	6	5	0	0	3	1	2	1	2	1	0	0	0	0	0	0	0	0	0
NZ_UGQW01000002.1	3p	-	49	268	333	297	277	1175	12	29	7	5	2	1	1	0	1	0	2	1	0	0	0	0	0	0	0	0	0
NZ_UGQW01000002.1	3p	-	50	252	292	296	250	1090	6	24	9	5	4	1	1	0	1	0	1	1	0	0	0	0	0	0	0	0	0
NZ_UGQW01000002.1	3p	-	51	220	299	260	244	1023	3	31	3	5	1	2	2	1	0	1	1	1	0	0	0	0	0	0	0	0	0
NZ_UGQW01000002.1	3p	-	52	207	285	255	220	967	3	21	1	5	0	1	1	0	0	1	3	1	0	0	0	0	0	0	0	0	0
NZ_UGQW01000002.1	3p	-	53	200	254	245	194	893	5	16	4	3	1	1	1	1	1	0	1	1	0	0	0	0	0	0	0	0	0
NZ_UGQW01000002.1	3p	-	54	179	227	234	200	840	9	15	6	6	0	0	1	0	1	0	3	0	0	0	0	0	0	0	0	0	0
NZ_UGQW01000002.1	3p	-	55	171	212	208	185	776	1	16	2	4	2	1	1	3	0	1	0	1	0	0	0	0	0	0	0	0	0
NZ_UGQW01000002.1	3p	-	56	125	203	225	176	729	7	16	4	7	2	0	0	2	0	0	2	2	0	0	0	0	0	0	0	0	0
NZ_UGQW01000002.1	3p	-	57	147	201	178	146	672	0	14	5	3	0	1	0	0	0	1	0	0	0	0	0	0	0	0	0	0	0
NZ_UGQW01000002.1	3p	-	58	145	170	164	153	632	4	10	5	2	1	0	0	1	1	0	0	0	0	0	0	0	0	0	0	0	0
NZ_UGQW01000002.1	3p	-	59	134	153	173	138	598	5	11	6	2	0	0	1	1	0	0	0	2	0	0	0	0	0	0	0	0	0
NZ_UGQW01000002.1	3p	-	60	127	153	149	127	556	4	11	1	7	1	0	0	0	0	0	1	1	0	0	0	0	0	0	0	0	0
NZ_UGQW01000002.1	3p	-	61	113	140	144	108	505	7	7	3	2	0	0	0	0	0	0	1	3	0	0	0	0	0	0	0	0	0
NZ_UGQW01000002.1	3p	-	62	99	132	130	109	470	1	7	4	4	0	1	1	1	1	0	0	0	0	0	0	0	0	0	0	0	0
NZ_UGQW01000002.1	3p	-	63	98	126	112	104	440	1	5	2	0	0	0	1	0	1	0	0	2	0	0	0	0	0	0	0	0	0
NZ_UGQW01000002.1	3p	-	64	90	117	117	86	410	6	9	3	1	0	0	0	1	1	0	0	0	0	0	0	0	0	0	0	0	0
NZ_UGQW01000002.1	3p	-	65	76	112	98	89	375	1	12	1	3	0	0	0	1	0	0	0	0	0	0	0	0	0	0	0	0	0
NZ_UGQW01000002.1	3p	-	66	86	102	91	77	356	3	9	1	2	0	0	0	3	0	1	0	0	0	0	0	0	0	0	0	0	0
NZ_UGQW01000002.1	3p	-	67	77	93	87	75	332	0	7	5	2	0	0	0	0	1	0	0	1	0	0	0	0	0	0	0	0	0
NZ_UGQW01000002.1	3p	-	68	53	97	95	63	308	1	10	1	3	0	0	1	1	0	0	0	0	1	0	0	0	0	0	0	0	0
NZ_UGQW01000002.1	3p	-	69	57	91	80	61	289	2	10	2	1	0	0	0	1	1	1	0	0	0	0	0	0	0	0	0	0	0
NZ_UGQW01000002.1	3p	-	70	56	79	80	61	276	2	6	2	1	0	0	0	0	0	0	0	0	0	0	0	0	0	0	0	0	0
NZ_UGQW01000002.1	5p	+	1	989	1395	815	990	4189	18	310	20	26	9	3	9	8	5	3	14	13	0	0	0	0	0	0	0	0	0
NZ_UGQW01000002.1	5p	+	2	1011	1192	1075	911	4189	30	156	26	33	7	12	5	13	5	5	18	13	0	0	0	0	0	0	0	0	0
NZ_UGQW01000002.1	5p	+	3	983	1197	1152	857	4189	26	119	29	29	5	2	10	8	4	5	17	10	0	0	0	0	0	0	0	0	0
NZ_UGQW01000002.1	5p	+	4	970	1258	1028	932	4188	27	131	26	23	4	6	5	8	3	3	8	5	0	0	0	0	0	0	1	0	0
NZ_UGQW01000002.1	5p	+	5	1009	1221	1060	896	4186	33	88	36	28	4	3	4	5	7	4	12	8	0	0	0	0	0	0	3	0	0
NZ_UGQW01000002.1	5p	+	6	945	1187	1147	910	4189	23	85	34	27	5	3	14	10	8	3	11	4	1	1	0	0	0	0	0	0	0
NZ_UGQW01000002.1	5p	+	7	952	1239	1088	909	4188	21	80	33	28	6	5	6	6	4	1	10	13	1	0	1	0	1	0	0	0	0
NZ_UGQW01000002.1	5p	+	8	863	1325	1118	883	4189	19	82	29	34	3	6	6	5	8	1	7	2	1	0	0	0	0	0	0	0	0
NZ_UGQW01000002.1	5p	+	9	901	1294	1171	823	4189	32	53	30	18	5	4	11	11	3	4	6	6	1	0	0	0	0	0	0	0	0
NZ_UGQW01000002.1	5p	+	10	933	1217	1161	877	4188	31	51	32	28	10	2	11	6	5	3	8	6	0	0	1	0	0	1	0	0	0
NZ_UGQW01000002.1	5p	+	11	910	1270	1184	823	4187	24	47	28	23	6	4	12	5	5	2	9	6	0	0	0	0	0	1	1	0	0
NZ_UGQW01000002.1	5p	+	12	854	1259	1214	859	4186	31	46	32	38	7	4	2	3	11	3	6	5	0	0	0	0	0	1	1	1	0
NZ_UGQW01000002.1	5p	+	13	893	1252	1179	865	4189	25	35	21	28	7	3	5	8	7	4	11	4	0	0	0	0	0	0	0	0	0
NZ_UGQW01000002.1	5p	+	14	859	1285	1235	810	4189	32	39	28	29	8	1	5	4	3	2	5	8	1	0	0	0	0	0	0	0	0
NZ_UGQW01000002.1	5p	+	15	910	1256	1197	826	4189	25	44	30	25	3	1	11	5	6	1	5	9	0	0	0	0	0	0	0	0	0
NZ_UGQW01000002.1	5p	+	16	895	1245	1160	889	4189	15	42	19	29	4	0	9	7	6	2	7	5	1	0	0	0	0	0	0	0	0
NZ_UGQW01000002.1	5p	+	17	835	1297	1241	815	4188	30	32	14	30	2	5	11	2	4	0	4	4	0	1	0	0	0	1	0	0	0
NZ_UGQW01000002.1	5p	+	18	867	1232	1284	804	4187	36	40	22	20	3	2	13	7	5	0	5	8	0	0	1	0	2	0	0	0	0
NZ_UGQW01000002.1	5p	+	19	844	1289	1175	881	4189	24	34	17	20	5	4	5	4	6	2	6	4	0	0	0	0	0	0	0	0	0
NZ_UGQW01000002.1	5p	+	20	852	1306	1244	787	4189	28	35	31	39	13	2	7	6	3	1	11	3	0	0	0	0	0	0	0	0	0
NZ_UGQW01000002.1	5p	+	21	857	1249	1303	779	4188	27	37	24	24	7	3	9	8	3	1	8	3	1	1	0	1	0	0	1	0	0
NZ_UGQW01000002.1	5p	+	22	855	1316	1190	828	4189	36	34	25	24	4	2	10	6	6	3	6	5	1	0	0	0	0	0	0	0	0
NZ_UGQW01000002.1	5p	+	23	874	1277	1218	820	4189	33	47	25	26	11	2	7	5	2	0	5	2	0	0	0	0	0	0	0	0	0
NZ_UGQW01000002.1	5p	+	24	901	1247	1253	788	4189	36	33	23	17	5	3	9	9	3	2	6	7	0	0	0	0	0	0	0	0	0
NZ_UGQW01000002.1	5p	+	25	936	1251	1174	827	4188	44	25	25	24	3	2	8	10	3	1	3	6	0	0	0	0	0	0	1	0	0
NZ_UGQW01000002.1	5p	+	26	879	1273	1217	818	4187	55	33	23	28	8	2	9	7	3	3	8	5	0	0	2	0	0	2	0	0	0
NZ_UGQW01000002.1	5p	+	27	935	1158	1244	852	4189	39	33	27	24	6	5	12	7	6	0	6	8	0	0	0	0	0	0	0	0	0
NZ_UGQW01000002.1	5p	+	28	916	1173	1166	934	4189	43	27	20	21	3	1	9	3	6	2	5	6	0	0	0	0	0	0	0	0	0
NZ_UGQW01000002.1	5p	+	29	903	1228	1187	871	4189	63	32	23	22	7	2	12	6	5	4	11	7	0	1	0	0	0	0	0	0	0
NZ_UGQW01000002.1	5p	+	30	990	1184	1153	862	4189	88	37	24	33	2	4	12	11	7	1	5	2	0	0	0	0	0	0	0	0	0
NZ_UGQW01000002.1	5p	+	31	912	1084	1079	898	3973	63	28	20	27	6	4	10	7	4	4	6	10	0	0	0	0	0	0	0	0	0
NZ_UGQW01000002.1	5p	+	32	876	1055	1120	707	3758	83	28	20	27	7	3	4	9	5	4	10	6	0	1	0	0	0	1	0	0	0
NZ_UGQW01000002.1	5p	+	33	777	980	1043	723	3523	86	23	25	22	3	1	3	6	10	1	6	7	0	2	0	0	0	0	0	0	0
NZ_UGQW01000002.1	5p	+	34	732	913	954	722	3321	69	17	20	27	2	2	7	11	4	2	5	4	0	1	0	0	0	0	0	1	0
NZ_UGQW01000002.1	5p	+	35	691	905	874	650	3120	78	25	20	26	2	1	4	9	0	2	2	4	0	0	2	0	0	1	0	1	0
NZ_UGQW01000002.1	5p	+	36	649	793	862	628	2932	61	14	13	25	2	0	5	9	3	1	4	5	0	0	1	1	0	0	0	0	0
NZ_UGQW01000002.1	5p	+	37	628	756	760	620	2764	59	11	18	22	1	1	6	4	4	3	3	6	0	0	0	0	0	0	0	0	0
NZ_UGQW01000002.1	5p	+	38	600	738	699	541	2578	60	13	18	19	4	2	7	5	2	2	7	2	0	0	0	0	0	0	0	0	0
NZ_UGQW01000002.1	5p	+	39	598	621	675	526	2420	54	13	14	11	3	0	3	4	0	0	4	3	0	0	0	0	0	0	0	0	0
NZ_UGQW01000002.1	5p	+	40	518	598	655	488	2259	49	16	5	9	2	3	4	3	5	0	3	3	0	1	0	0	0	0	0	0	0
NZ_UGQW01000002.1	5p	+	41	500	575	610	445	2130	59	18	10	14	0	1	7	1	1	1	0	2	0	0	1	1	0	0	0	0	0
NZ_UGQW01000002.1	5p	+	42	461	537	563	435	1996	47	15	7	14	1	0	4	5	1	1	1	4	0	0	0	0	0	0	0	0	0
NZ_UGQW01000002.1	5p	+	43	441	518	484	396	1839	43	18	7	17	3	1	2	3	0	1	2	3	0	0	0	0	0	0	0	0	0
NZ_UGQW01000002.1	5p	+	44	390	443	486	363	1682	46	10	6	3	1	1	3	3	2	3	0	0	0	0	0	0	0	0	0	0	0
NZ_UGQW01000002.1	5p	+	45	369	410	450	318	1547	38	10	10	8	1	0	6	2	3	0	0	1	0	0	0	0	0	0	0	0	0
NZ_UGQW01000002.1	5p	+	46	346	419	345	315	1425	31	12	6	10	0	0	1	3	1	0	1	2	0	0	0	1	0	0	0	0	0
NZ_UGQW01000002.1	5p	+	47	322	373	371	246	1312	36	11	3	4	2	1	3	3	1	0	1	1	0	0	0	0	0	0	0	0	0
NZ_UGQW01000002.1	5p	+	48	288	319	372	243	1222	36	7	6	3	2	0	2	1	0	2	1	1	0	0	0	0	0	0	0	0	0
NZ_UGQW01000002.1	5p	+	49	267	291	302	268	1128	25	9	3	7	2	2	1	0	0	0	1	2	0	1	0	0	0	0	0	0	0
NZ_UGQW01000002.1	5p	+	50	210	303	294	240	1047	22	6	3	6	1	1	2	2	2	1	2	0	0	0	0	0	0	0	0	0	0
NZ_UGQW01000002.1	5p	+	51	240	253	290	194	977	19	7	8	8	2	1	1	2	1	0	0	1	0	0	0	0	0	0	0	0	0
NZ_UGQW01000002.1	5p	+	52	196	249	238	218	901	16	7	5	8	1	0	3	3	1	0	1	1	0	0	0	0	0	0	0	0	0
NZ_UGQW01000002.1	5p	+	53	202	226	220	182	830	13	11	5	6	1	1	1	2	0	0	0	2	0	0	0	0	0	0	0	0	0
NZ_UGQW01000002.1	5p	+	54	177	217	241	149	784	17	6	4	4	1	0	1	1	3	0	2	1	0	0	0	0	0	0	0	0	0
NZ_UGQW01000002.1	5p	+	55	199	204	177	158	738	8	6	4	3	0	2	2	1	0	1	1	0	0	0	0	0	0	0	0	0	0
NZ_UGQW01000002.1	5p	+	56	166	168	210	156	700	15	6	3	12	0	0	3	1	1	0	0	1	0	0	0	0	0	0	0	0	0
NZ_UGQW01000002.1	5p	+	57	164	166	182	143	655	16	7	3	3	1	0	1	2	1	0	0	1	0	0	0	0	0	0	0	0	0
NZ_UGQW01000002.1	5p	+	58	152	172	156	133	613	12	6	2	1	0	1	0	1	2	1	2	0	0	0	0	0	0	0	0	0	0
NZ_UGQW01000002.1	5p	+	59	132	164	159	121	576	10	4	4	1	1	0	0	2	2	0	0	0	0	0	0	0	0	0	0	0	0
NZ_UGQW01000002.1	5p	+	60	114	152	160	111	537	5	3	1	3	0	0	1	1	0	0	0	0	0	0	0	0	0	0	0	0	0
NZ_UGQW01000002.1	5p	+	61	126	126	143	110	505	6	5	0	4	1	2	0	0	2	0	0	0	0	0	0	0	0	0	0	0	0
NZ_UGQW01000002.1	5p	+	62	104	141	135	103	483	12	1	3	3	0	0	1	3	1	1	0	0	0	0	0	0	0	0	0	0	0
NZ_UGQW01000002.1	5p	+	63	107	123	123	105	458	6	4	1	1	0	0	0	0	0	0	0	0	0	0	0	0	0	0	0	0	0
NZ_UGQW01000002.1	5p	+	64	97	116	109	109	431	11	3	0	4	0	0	0	1	1	0	0	0	0	0	0	0	0	0	0	0	0
NZ_UGQW01000002.1	5p	+	65	98	124	101	78	401	5	3	1	0	0	0	0	0	0	0	0	1	0	0	0	0	0	0	0	0	0
NZ_UGQW01000002.1	5p	+	66	85	87	123	83	378	9	2	0	5	0	0	0	1	0	0	0	1	0	0	0	0	0	0	0	0	0
NZ_UGQW01000002.1	5p	+	67	84	100	106	68	358	8	2	1	1	1	0	1	1	1	0	0	1	0	0	0	0	0	0	0	0	0
NZ_UGQW01000002.1	5p	+	68	78	88	100	51	317	5	2	0	2	0	0	0	0	0	0	0	0	0	0	0	0	0	0	0	0	0
NZ_UGQW01000002.1	5p	+	69	78	71	87	59	295	5	3	8	0	1	0	1	0	1	0	0	1	0	0	0	0	0	0	0	0	0
NZ_UGQW01000002.1	5p	+	70	75	83	63	56	277	8	1	2	1	0	0	0	0	0	0	0	0	0	0	0	0	0	0	0	0	0
NZ_UGQW01000002.1	5p	-	1	902	1344	815	1087	4148	23	317	25	31	7	2	8	11	5	1	15	7	0	0	0	0	0	0	0	0	0
NZ_UGQW01000002.1	5p	-	2	1011	1110	1105	921	4147	30	165	26	27	4	7	9	10	9	9	14	10	0	0	0	0	1	0	0	0	0
NZ_UGQW01000002.1	5p	-	3	997	1102	1189	860	4148	17	115	18	23	8	5	10	7	7	3	8	8	0	0	0	0	0	0	0	0	0
NZ_UGQW01000002.1	5p	-	4	1012	1189	1034	913	4148	19	109	25	28	6	4	5	8	5	4	8	5	0	0	0	0	0	0	0	0	0
NZ_UGQW01000002.1	5p	-	5	916	1216	1082	932	4146	23	98	32	22	3	3	4	5	3	0	11	9	0	0	1	0	1	0	1	0	0
NZ_UGQW01000002.1	5p	-	6	911	1113	1210	912	4146	29	84	21	23	5	5	8	9	1	3	8	7	1	0	0	0	0	0	1	1	0
NZ_UGQW01000002.1	5p	-	7	915	1129	1137	967	4148	24	69	23	18	8	2	7	4	3	5	9	5	0	0	0	0	0	0	0	0	0
NZ_UGQW01000002.1	5p	-	8	807	1266	1180	895	4148	27	81	22	21	6	2	11	5	2	5	9	8	0	0	0	0	0	0	0	0	0
NZ_UGQW01000002.1	5p	-	9	866	1209	1213	859	4147	25	70	41	18	5	5	4	6	6	2	11	8	0	0	0	0	1	0	0	0	0
NZ_UGQW01000002.1	5p	-	10	809	1179	1221	939	4148	26	39	18	23	9	2	8	5	0	2	5	10	0	0	1	0	0	0	0	0	0
NZ_UGQW01000002.1	5p	-	11	829	1241	1228	850	4148	28	52	20	28	6	1	6	7	6	1	7	3	0	0	0	0	0	0	0	0	0
NZ_UGQW01000002.1	5p	-	12	843	1181	1265	859	4148	32	50	25	36	9	3	7	1	5	1	10	5	1	0	0	0	0	0	0	0	0
NZ_UGQW01000002.1	5p	-	13	877	1174	1174	922	4147	26	36	28	24	5	4	8	2	10	3	11	6	0	0	1	0	0	1	0	0	0
NZ_UGQW01000002.1	5p	-	14	831	1211	1202	904	4148	28	34	21	25	3	3	11	5	5	2	9	7	0	0	0	0	0	0	0	0	0
NZ_UGQW01000002.1	5p	-	15	804	1136	1329	878	4147	35	35	21	30	1	2	5	1	8	1	15	7	0	0	0	0	0	0	0	1	0
NZ_UGQW01000002.1	5p	-	16	841	1205	1211	891	4148	26	34	28	23	7	1	6	8	5	1	8	4	0	0	0	0	0	0	0	0	0
NZ_UGQW01000002.1	5p	-	17	801	1257	1237	853	4148	24	49	29	32	6	4	10	4	4	7	11	5	0	0	0	0	0	0	0	0	0
NZ_UGQW01000002.1	5p	-	18	811	1174	1314	847	4146	39	30	14	29	7	4	10	7	8	4	16	6	0	0	1	1	0	1	0	1	0
NZ_UGQW01000002.1	5p	-	19	802	1203	1255	888	4148	37	33	22	25	9	1	8	7	7	4	14	4	0	0	0	0	0	0	0	0	0
NZ_UGQW01000002.1	5p	-	20	760	1314	1232	841	4147	33	36	37	37	3	1	12	4	4	1	5	8	0	0	0	0	0	0	0	1	0
NZ_UGQW01000002.1	5p	-	21	790	1196	1314	847	4147	39	37	41	25	6	3	12	6	3	3	6	3	1	1	0	0	0	1	0	0	0
NZ_UGQW01000002.1	5p	-	22	880	1201	1215	852	4148	38	31	22	25	4	3	6	6	6	0	10	2	0	0	0	0	0	0	0	0	0
NZ_UGQW01000002.1	5p	-	23	823	1239	1281	805	4148	33	34	20	30	4	0	7	6	5	5	11	10	0	0	0	0	0	0	0	0	0
NZ_UGQW01000002.1	5p	-	24	815	1204	1299	830	4148	40	29	26	23	3	1	11	9	4	2	6	8	0	0	0	1	0	0	0	0	0
NZ_UGQW01000002.1	5p	-	25	869	1140	1238	900	4147	46	29	26	20	3	0	8	5	6	3	4	5	0	0	0	0	1	0	0	0	0
NZ_UGQW01000002.1	5p	-	26	814	1241	1244	848	4147	59	45	25	19	3	3	9	7	5	2	8	13	0	0	0	0	0	0	1	0	0
NZ_UGQW01000002.1	5p	-	27	847	1167	1273	861	4148	68	41	14	19	6	2	9	8	4	3	7	5	0	0	0	0	0	0	0	0	0
NZ_UGQW01000002.1	5p	-	28	915	1122	1187	924	4148	53	27	19	18	5	1	8	8	3	2	9	3	1	0	0	0	0	0	0	0	0
NZ_UGQW01000002.1	5p	-	29	876	1141	1228	901	4146	69	36	29	23	7	3	7	5	7	3	8	5	0	0	0	0	1	0	0	1	0
NZ_UGQW01000002.1	5p	-	30	866	1096	1321	865	4148	88	24	18	28	6	3	10	8	6	2	16	6	0	0	0	1	0	0	0	0	0
NZ_UGQW01000002.1	5p	-	31	843	1071	1169	832	3915	66	36	18	10	3	0	7	6	6	1	6	8	0	0	0	0	1	0	0	0	0
NZ_UGQW01000002.1	5p	-	32	771	1043	1121	766	3701	69	42	33	21	0	1	6	5	6	3	8	7	0	0	0	0	0	0	0	1	0
NZ_UGQW01000002.1	5p	-	33	735	937	1059	770	3501	78	32	23	21	2	1	5	6	6	5	7	8	0	0	0	0	0	0	0	0	0
NZ_UGQW01000002.1	5p	-	34	683	858	940	763	3244	66	32	6	16	4	1	5	4	1	5	6	9	0	0	0	0	0	0	0	0	0
NZ_UGQW01000002.1	5p	-	35	636	835	898	673	3042	65	14	18	13	4	6	5	3	2	0	5	4	0	0	0	0	2	0	0	0	0
NZ_UGQW01000002.1	5p	-	36	624	776	860	634	2894	54	15	12	18	2	1	7	6	2	2	6	9	0	0	0	0	0	1	0	0	0
NZ_UGQW01000002.1	5p	-	37	572	753	776	643	2744	63	26	15	14	4	0	5	2	4	0	2	6	0	0	0	0	0	0	0	0	0
NZ_UGQW01000002.1	5p	-	38	522	704	782	553	2561	52	17	11	13	1	0	1	5	9	3	1	8	0	1	0	0	0	1	0	1	0
NZ_UGQW01000002.1	5p	-	39	506	661	712	534	2413	51	16	8	22	2	0	5	5	2	2	7	4	0	0	0	1	1	0	0	0	0
NZ_UGQW01000002.1	5p	-	40	486	589	657	534	2266	50	9	13	20	6	3	4	2	3	1	0	1	0	0	0	0	0	0	0	1	0
NZ_UGQW01000002.1	5p	-	41	454	537	638	492	2121	50	19	11	18	2	0	2	2	1	2	1	4	0	0	0	1	0	0	0	0	0
NZ_UGQW01000002.1	5p	-	42	415	508	620	453	1996	59	15	10	11	3	0	3	1	0	0	2	3	0	0	0	0	0	1	0	0	0
NZ_UGQW01000002.1	5p	-	43	427	501	541	397	1866	56	12	7	6	2	2	4	6	4	0	1	1	0	0	0	0	0	0	0	0	0
NZ_UGQW01000002.1	5p	-	44	376	455	511	379	1721	39	7	8	19	1	1	4	3	3	0	4	3	0	0	0	0	0	0	0	0	0
NZ_UGQW01000002.1	5p	-	45	369	405	483	359	1616	37	9	10	3	2	3	3	2	1	1	2	3	0	0	0	0	0	0	0	0	0
NZ_UGQW01000002.1	5p	-	46	319	368	444	365	1496	46	11	7	15	2	2	0	0	1	0	3	2	0	0	0	0	0	0	0	0	0
NZ_UGQW01000002.1	5p	-	47	300	344	414	315	1373	40	9	7	7	1	2	0	2	1	0	1	2	0	0	0	0	0	0	0	0	0
NZ_UGQW01000002.1	5p	-	48	290	320	345	305	1260	31	7	11	8	1	1	3	0	1	2	1	2	0	1	0	0	0	0	0	0	0
NZ_UGQW01000002.1	5p	-	49	274	315	314	272	1175	27	8	8	8	2	0	4	2	0	0	1	2	0	0	0	0	0	0	0	0	0
NZ_UGQW01000002.1	5p	-	50	257	299	318	216	1090	20	10	8	4	1	0	4	2	2	1	0	2	0	0	0	0	0	0	0	0	0
NZ_UGQW01000002.1	5p	-	51	221	285	300	217	1023	31	9	4	7	0	0	2	4	1	1	0	1	0	0	0	0	0	0	0	0	0
NZ_UGQW01000002.1	5p	-	52	217	242	275	233	967	19	13	5	4	1	0	0	0	0	0	3	0	0	0	0	0	0	0	0	0	0
NZ_UGQW01000002.1	5p	-	53	210	246	236	201	893	21	3	8	7	0	1	1	1	1	1	0	1	0	0	0	0	0	0	0	0	0
NZ_UGQW01000002.1	5p	-	54	178	203	260	198	839	17	4	5	3	0	0	0	1	1	0	0	1	0	0	0	0	0	0	0	1	0
NZ_UGQW01000002.1	5p	-	55	151	195	233	197	776	22	5	3	3	0	0	1	4	4	1	1	1	0	0	0	0	0	0	0	0	0
NZ_UGQW01000002.1	5p	-	56	144	226	195	164	729	13	3	3	1	2	0	2	2	0	0	2	0	0	0	0	0	0	0	0	0	0
NZ_UGQW01000002.1	5p	-	57	133	168	233	138	672	21	6	6	1	0	0	2	1	0	1	1	0	0	0	0	0	0	0	0	0	0
NZ_UGQW01000002.1	5p	-	58	132	151	199	150	632	18	4	6	2	0	0	1	1	0	0	0	1	0	0	0	0	0	0	0	0	0
NZ_UGQW01000002.1	5p	-	59	131	155	180	132	598	14	2	0	2	0	0	1	2	2	1	0	0	0	0	0	0	0	0	0	0	0
NZ_UGQW01000002.1	5p	-	60	118	145	173	120	556	10	2	5	3	1	0	2	2	0	0	1	1	0	0	0	0	0	0	0	0	0
NZ_UGQW01000002.1	5p	-	61	107	139	145	114	505	13	1	9	1	0	0	0	0	0	1	1	0	0	0	0	0	0	0	0	0	0
NZ_UGQW01000002.1	5p	-	62	114	126	126	104	470	5	4	7	4	0	1	0	1	0	1	1	0	0	0	0	0	0	0	0	0	0
NZ_UGQW01000002.1	5p	-	63	107	108	132	93	440	7	2	2	0	0	0	0	1	1	0	0	1	0	0	0	0	0	0	0	0	0
NZ_UGQW01000002.1	5p	-	64	88	108	113	101	410	12	4	0	3	0	0	0	0	1	0	1	1	0	0	0	0	0	0	0	0	0
NZ_UGQW01000002.1	5p	-	65	69	111	116	79	375	7	2	1	0	0	2	1	2	0	0	2	0	0	0	0	0	0	0	0	0	0
NZ_UGQW01000002.1	5p	-	66	84	92	109	71	356	6	4	3	0	0	0	1	1	1	0	1	1	0	0	0	0	0	0	0	0	0
NZ_UGQW01000002.1	5p	-	67	91	85	89	67	332	7	3	3	1	0	0	0	0	0	0	0	1	0	0	0	0	0	0	0	0	0
NZ_UGQW01000002.1	5p	-	68	72	75	102	59	308	7	2	3	3	0	1	0	0	0	0	1	1	0	0	0	0	0	0	0	0	0
NZ_UGQW01000002.1	5p	-	69	69	80	86	54	289	9	3	4	0	0	0	0	0	0	0	0	1	0	0	0	0	0	0	0	0	0
NZ_UGQW01000002.1	5p	-	70	61	62	71	82	276	4	2	1	2	0	0	1	2	1	0	0	0	0	0	0	0	0	0	0	0	0
