# table produced by mapDamage version 2.2.3
# using mapped file /mnt/archgen/microbiome_calculus/library_ds_vs_ss/04-analysis/normalize_kraken/mapping/lautropia_mirabilis/out/FUM002.A0101.SG1.1_5M.mapped_l_mirabilis_q25l30_rmdup.bam and /mnt/archgen/microbiome_calculus/library_ds_vs_ss/04-analysis/normalize_kraken/mapping/lautropia_mirabilis/input/GCF_900637555.1_51726_E01_genomic.fna as reference file
# Chr: reference from sam/bam header, End: from which termini of DNA sequences, Std: strand of reads
Chr	End	Std	Pos	A	C	G	T	Total	G>A	C>T	A>G	T>C	A>C	A>T	C>G	C>A	T>G	T>A	G>C	G>T	A>-	T>-	C>-	G>-	->A	->T	->C	->G	S
NZ_LR134378.1	3p	+	1	788	779	1016	471	3054	403	18	23	18	5	4	12	20	3	4	11	4	0	0	0	0	0	0	0	0	0
NZ_LR134378.1	3p	+	2	643	984	960	467	3054	232	19	14	13	4	1	18	10	3	5	8	9	0	0	0	0	0	0	0	0	0
NZ_LR134378.1	3p	+	3	494	1013	966	581	3054	174	20	16	21	7	5	10	12	6	5	17	5	0	0	0	0	0	0	0	0	0
NZ_LR134378.1	3p	+	4	633	875	964	582	3054	130	17	9	12	6	3	8	5	2	2	11	10	0	0	0	0	0	0	0	0	0
NZ_LR134378.1	3p	+	5	601	968	1027	458	3054	89	16	15	12	5	1	13	8	2	3	13	7	0	0	0	0	0	0	0	0	0
NZ_LR134378.1	3p	+	6	538	1045	975	496	3054	64	16	11	25	4	3	12	12	5	6	11	2	0	0	0	0	0	0	0	0	0
NZ_LR134378.1	3p	+	7	633	935	939	546	3053	49	12	21	11	5	0	8	4	3	0	13	3	0	0	0	0	1	0	0	0	0
NZ_LR134378.1	3p	+	8	548	1013	1000	492	3053	39	19	17	15	4	2	17	10	2	4	4	7	0	1	0	0	0	0	1	0	0
NZ_LR134378.1	3p	+	9	539	977	1050	488	3054	46	17	10	15	4	2	6	11	6	0	28	4	0	1	1	0	0	0	0	0	0
NZ_LR134378.1	3p	+	10	613	911	1004	526	3054	44	10	19	7	6	3	12	4	6	3	10	3	1	1	0	1	0	0	0	0	0
NZ_LR134378.1	3p	+	11	516	999	1046	492	3053	39	14	15	14	4	2	16	16	3	4	7	4	0	2	0	0	1	0	0	0	0
NZ_LR134378.1	3p	+	12	505	1051	977	520	3053	33	14	18	19	3	2	10	12	1	1	16	8	0	0	0	1	1	0	0	0	0
NZ_LR134378.1	3p	+	13	564	993	983	511	3051	33	16	15	16	3	0	11	4	4	4	11	5	0	0	0	0	0	3	0	0	0
NZ_LR134378.1	3p	+	14	517	1026	1053	457	3053	48	22	20	23	1	1	10	11	4	4	12	9	0	0	0	0	1	0	0	0	0
NZ_LR134378.1	3p	+	15	456	1048	1032	516	3052	34	17	11	16	2	0	17	8	3	4	25	4	0	0	0	0	1	0	0	1	0
NZ_LR134378.1	3p	+	16	572	972	982	528	3054	29	9	15	9	4	2	6	7	4	4	11	6	0	0	0	1	0	0	0	0	0
NZ_LR134378.1	3p	+	17	518	1029	1065	441	3053	33	16	19	19	5	3	16	4	3	1	14	9	0	0	0	0	0	0	1	0	0
NZ_LR134378.1	3p	+	18	457	1075	1035	486	3053	34	19	14	13	3	4	14	7	1	1	12	6	0	0	0	0	0	0	1	0	0
NZ_LR134378.1	3p	+	19	558	936	998	562	3054	28	18	19	9	3	2	10	5	6	2	15	10	0	1	0	0	0	0	0	0	0
NZ_LR134378.1	3p	+	20	511	1047	1000	496	3054	26	24	21	18	4	2	9	6	6	1	10	8	1	0	0	0	0	0	0	0	0
NZ_LR134378.1	3p	+	21	511	1049	1024	470	3054	24	25	11	17	3	1	14	4	2	1	19	7	1	1	0	0	0	0	0	0	0
NZ_LR134378.1	3p	+	22	572	977	954	549	3052	20	17	20	13	1	5	14	7	7	2	15	3	0	0	0	0	1	1	0	0	0
NZ_LR134378.1	3p	+	23	538	1020	1028	468	3054	21	25	21	17	7	4	18	10	8	4	12	5	0	1	0	0	0	0	0	0	0
NZ_LR134378.1	3p	+	24	483	1059	1006	505	3053	26	30	19	19	8	1	10	4	2	1	21	12	0	0	0	0	0	0	1	0	0
NZ_LR134378.1	3p	+	25	582	956	991	524	3053	28	29	16	11	4	0	9	5	3	2	10	5	0	0	0	0	0	0	1	0	0
NZ_LR134378.1	3p	+	26	547	1011	1033	463	3054	29	47	15	16	5	1	15	10	4	1	21	7	0	2	0	0	0	0	0	0	0
NZ_LR134378.1	3p	+	27	529	1007	961	554	3051	22	53	15	16	5	4	19	5	4	0	14	4	0	1	0	1	1	0	2	0	0
NZ_LR134378.1	3p	+	28	566	1001	910	574	3051	18	58	13	11	2	0	11	5	3	0	14	7	0	0	2	0	0	1	0	2	0
NZ_LR134378.1	3p	+	29	487	1006	1090	469	3052	17	71	17	8	2	2	14	8	4	1	15	6	0	0	0	0	0	1	1	0	0
NZ_LR134378.1	3p	+	30	519	1029	960	542	3050	16	101	16	18	6	2	13	5	5	1	20	9	0	0	0	0	1	0	2	1	0
NZ_LR134378.1	3p	+	31	555	839	873	537	2804	10	63	11	11	2	7	8	4	4	1	9	8	0	0	1	0	0	1	1	1	0
NZ_LR134378.1	3p	+	32	452	829	826	434	2541	17	83	15	13	3	1	7	8	3	2	12	6	0	0	0	0	0	1	0	1	0
NZ_LR134378.1	3p	+	33	400	765	729	416	2310	7	81	12	15	2	1	5	0	3	2	13	6	1	0	0	0	0	0	0	0	0
NZ_LR134378.1	3p	+	34	381	625	640	436	2082	15	63	6	5	1	2	8	3	4	3	9	4	0	0	0	0	0	0	0	0	0
NZ_LR134378.1	3p	+	35	300	602	611	337	1850	11	64	8	14	2	2	5	4	2	0	9	4	0	0	0	0	0	0	0	0	0
NZ_LR134378.1	3p	+	36	313	544	526	314	1697	8	72	5	8	4	0	10	2	1	1	4	2	0	0	0	0	0	0	0	0	0
NZ_LR134378.1	3p	+	37	282	492	461	297	1532	7	51	10	6	1	0	3	2	1	0	4	2	1	0	0	0	0	0	0	0	0
NZ_LR134378.1	3p	+	38	239	451	455	249	1394	8	38	7	6	0	0	9	2	3	1	2	6	0	0	0	0	0	1	0	0	0
NZ_LR134378.1	3p	+	39	225	440	396	222	1283	11	44	4	2	2	1	1	1	1	0	6	2	0	0	0	0	0	0	0	0	0
NZ_LR134378.1	3p	+	40	214	351	376	235	1176	9	36	6	9	1	3	3	1	1	0	1	1	0	0	0	0	0	0	0	0	0
NZ_LR134378.1	3p	+	41	186	324	364	197	1071	13	25	2	2	0	1	4	1	2	1	3	7	0	1	0	0	0	0	0	0	0
NZ_LR134378.1	3p	+	42	160	350	299	194	1003	9	44	5	7	1	2	6	2	2	0	1	1	0	0	0	0	0	0	0	0	0
NZ_LR134378.1	3p	+	43	153	295	248	196	892	1	34	0	4	1	2	4	1	0	0	2	1	0	0	1	0	0	0	0	0	0
NZ_LR134378.1	3p	+	44	143	242	263	130	778	3	34	5	2	2	0	4	2	0	0	2	2	1	1	0	0	0	0	0	0	0
NZ_LR134378.1	3p	+	45	114	258	201	125	698	2	42	2	4	1	0	4	1	0	0	3	1	0	0	0	1	0	0	0	0	0
NZ_LR134378.1	3p	+	46	116	211	178	119	624	0	39	4	2	1	0	3	2	1	0	1	2	0	0	0	0	0	0	0	0	0
NZ_LR134378.1	3p	+	47	86	187	171	98	542	5	23	1	1	1	0	3	1	0	2	1	1	0	0	0	0	0	0	0	0	0
NZ_LR134378.1	3p	+	48	75	177	150	87	489	3	25	2	2	0	0	2	2	0	0	1	1	0	0	0	0	0	0	0	0	0
NZ_LR134378.1	3p	+	49	76	140	137	88	441	3	16	2	4	1	0	1	0	1	0	0	1	0	0	0	0	0	0	0	0	0
NZ_LR134378.1	3p	+	50	66	120	145	63	394	3	13	1	5	2	0	0	0	0	0	3	1	0	0	0	0	0	0	0	0	0
NZ_LR134378.1	3p	+	51	58	135	100	65	358	1	13	1	3	0	0	0	0	1	1	2	1	0	0	0	0	0	0	0	0	0
NZ_LR134378.1	3p	+	52	63	114	91	61	329	1	7	1	1	0	0	1	0	0	1	1	1	0	0	0	0	0	0	0	0	0
NZ_LR134378.1	3p	+	53	50	98	96	52	296	4	14	0	2	0	0	0	1	1	0	4	1	0	0	0	0	0	0	0	0	0
NZ_LR134378.1	3p	+	54	53	76	93	52	274	5	7	0	0	0	0	0	0	0	0	0	2	0	0	0	0	0	0	0	0	0
NZ_LR134378.1	3p	+	55	56	80	62	57	255	1	13	1	2	0	0	1	0	0	0	1	1	0	0	0	0	0	0	0	0	0
NZ_LR134378.1	3p	+	56	38	72	78	50	238	1	8	1	1	0	0	1	1	0	0	0	2	0	0	0	0	0	0	0	0	0
NZ_LR134378.1	3p	+	57	36	66	71	39	212	2	7	1	1	0	0	0	1	0	0	1	0	0	0	0	0	0	0	0	0	0
NZ_LR134378.1	3p	+	58	31	57	66	41	195	2	7	0	1	0	0	0	0	0	0	0	0	0	0	0	0	0	0	0	0	0
NZ_LR134378.1	3p	+	59	38	57	60	22	177	0	7	1	1	1	0	1	0	0	0	1	0	0	0	0	0	0	0	0	0	0
NZ_LR134378.1	3p	+	60	23	53	53	34	163	1	5	0	0	0	0	1	0	0	0	0	0	0	0	0	0	0	0	0	0	0
NZ_LR134378.1	3p	+	61	32	43	38	34	147	0	1	1	1	0	0	0	0	0	0	0	0	0	0	0	0	0	0	0	0	0
NZ_LR134378.1	3p	+	62	21	54	39	25	139	0	6	1	2	0	0	0	0	0	0	1	0	0	0	0	0	0	0	0	0	0
NZ_LR134378.1	3p	+	63	24	49	44	14	131	0	4	1	0	0	0	1	0	0	0	0	0	0	0	0	0	0	0	0	0	0
NZ_LR134378.1	3p	+	64	19	41	40	24	124	1	4	2	0	0	0	0	0	0	0	0	0	0	0	0	0	0	0	0	0	0
NZ_LR134378.1	3p	+	65	24	37	37	16	114	2	1	0	0	0	0	0	1	0	0	0	0	0	0	0	0	0	0	0	0	0
NZ_LR134378.1	3p	+	66	18	32	36	20	106	0	4	0	0	0	0	0	0	0	0	0	0	0	0	0	0	0	0	0	0	0
NZ_LR134378.1	3p	+	67	16	32	30	21	99	1	3	0	0	0	0	0	0	0	0	0	1	0	0	0	0	0	0	0	0	0
NZ_LR134378.1	3p	+	68	12	27	26	18	83	0	0	0	1	0	0	0	0	0	0	0	0	0	0	0	0	0	0	0	0	0
NZ_LR134378.1	3p	+	69	9	23	30	13	75	1	3	0	0	0	0	0	0	0	0	0	0	0	0	0	0	0	0	0	0	0
NZ_LR134378.1	3p	+	70	17	28	13	13	71	0	1	0	0	0	0	0	0	0	0	0	0	0	0	0	0	0	0	0	0	0
NZ_LR134378.1	3p	-	1	838	771	1051	433	3093	427	12	16	13	6	1	9	18	3	9	13	2	0	0	0	0	0	0	0	0	0
NZ_LR134378.1	3p	-	2	615	1043	939	496	3093	226	20	14	10	0	9	21	12	3	1	14	4	0	0	0	0	0	0	0	0	0
NZ_LR134378.1	3p	-	3	529	1009	952	603	3093	142	20	16	21	2	3	17	6	6	1	15	3	0	0	0	0	0	0	0	0	0
NZ_LR134378.1	3p	-	4	621	921	1002	549	3093	132	19	15	15	3	1	8	4	2	0	6	3	0	0	0	0	0	0	0	0	0
NZ_LR134378.1	3p	-	5	558	999	1055	480	3092	92	15	20	21	3	2	15	17	1	0	10	6	0	0	0	0	0	1	0	0	0
NZ_LR134378.1	3p	-	6	504	1032	1047	510	3093	78	28	14	12	2	2	15	13	0	1	11	4	0	0	0	1	0	0	0	0	0
NZ_LR134378.1	3p	-	7	546	996	963	586	3091	52	15	16	10	2	3	20	8	5	2	8	1	0	0	0	0	0	1	1	0	0
NZ_LR134378.1	3p	-	8	525	995	1025	548	3093	46	20	12	16	0	4	23	5	4	5	15	5	0	0	0	0	0	0	0	0	0
NZ_LR134378.1	3p	-	9	526	1017	1027	522	3092	54	19	16	16	4	2	16	7	5	2	13	5	0	0	0	1	1	0	0	0	0
NZ_LR134378.1	3p	-	10	568	948	1034	542	3092	50	21	15	14	3	1	12	3	1	3	6	8	0	0	1	0	0	0	0	1	0
NZ_LR134378.1	3p	-	11	470	1014	1092	516	3092	34	13	13	14	5	2	16	11	5	1	12	4	0	0	0	2	0	0	0	1	0
NZ_LR134378.1	3p	-	12	484	1072	1020	517	3093	43	15	10	6	2	2	16	11	6	7	8	4	0	0	0	0	0	0	0	0	0
NZ_LR134378.1	3p	-	13	557	980	1020	536	3093	33	14	9	15	4	1	10	4	3	3	12	4	0	0	0	0	0	0	0	0	0
NZ_LR134378.1	3p	-	14	519	990	1080	501	3090	24	23	20	15	4	0	11	7	7	2	4	10	0	0	0	0	0	1	1	1	0
NZ_LR134378.1	3p	-	15	493	1020	1050	528	3091	29	27	12	20	3	0	13	7	3	4	8	5	1	1	0	0	1	0	0	1	0
NZ_LR134378.1	3p	-	16	544	995	988	565	3092	28	16	11	22	1	3	16	7	5	1	12	2	0	0	0	1	0	0	0	1	0
NZ_LR134378.1	3p	-	17	477	1070	1061	485	3093	27	22	17	13	7	3	11	8	3	2	10	6	0	1	2	0	0	0	0	0	0
NZ_LR134378.1	3p	-	18	523	1034	1005	531	3093	24	18	18	20	4	1	17	8	2	4	5	6	1	0	0	0	0	0	0	0	0
NZ_LR134378.1	3p	-	19	525	1010	1014	544	3093	15	21	12	16	1	3	13	10	4	3	8	5	0	0	0	0	0	0	0	0	0
NZ_LR134378.1	3p	-	20	482	1077	1044	488	3091	24	14	18	18	1	1	19	3	5	0	13	8	0	0	0	0	1	0	0	1	0
NZ_LR134378.1	3p	-	21	479	1049	996	568	3092	16	24	11	15	1	1	9	7	5	1	12	2	0	0	2	0	0	0	0	1	0
NZ_LR134378.1	3p	-	22	563	977	1016	537	3093	27	16	16	15	0	4	13	4	6	5	12	7	0	0	0	0	0	0	0	0	0
NZ_LR134378.1	3p	-	23	523	1021	1038	511	3093	26	30	15	18	3	2	13	8	6	1	20	6	0	0	0	0	0	0	0	0	0
NZ_LR134378.1	3p	-	24	534	1013	1002	542	3091	21	24	23	19	3	2	10	7	1	4	14	7	0	0	1	0	0	0	2	0	0
NZ_LR134378.1	3p	-	25	576	956	1009	551	3092	21	26	17	11	1	1	12	5	4	0	12	6	1	0	0	1	0	1	0	0	0
NZ_LR134378.1	3p	-	26	503	1058	1019	512	3092	19	41	16	15	1	1	16	11	3	3	13	7	0	0	0	0	0	0	1	0	0
NZ_LR134378.1	3p	-	27	479	1071	964	579	3093	14	42	9	7	2	3	11	9	2	2	9	5	0	0	0	1	0	0	0	0	0
NZ_LR134378.1	3p	-	28	549	958	1037	547	3091	24	43	12	19	1	4	12	5	0	2	8	10	0	1	0	0	0	0	1	1	0
NZ_LR134378.1	3p	-	29	542	981	1052	518	3093	24	74	17	17	4	0	9	8	4	2	14	6	0	0	0	0	0	0	0	0	0
NZ_LR134378.1	3p	-	30	498	1034	966	593	3091	13	97	19	18	2	6	14	3	5	1	10	13	0	0	0	1	0	1	0	1	0
NZ_LR134378.1	3p	-	31	512	870	891	560	2833	16	115	12	6	2	1	9	2	1	3	15	8	0	0	0	1	0	0	1	0	0
NZ_LR134378.1	3p	-	32	417	907	790	447	2561	23	112	13	10	5	4	13	8	5	1	12	6	0	0	1	0	0	0	0	1	0
NZ_LR134378.1	3p	-	33	408	729	752	422	2311	11	77	12	7	0	0	16	6	4	2	7	7	0	0	0	1	0	0	0	0	0
NZ_LR134378.1	3p	-	34	429	662	631	384	2106	11	73	11	7	2	4	6	5	1	0	7	9	1	0	0	0	0	0	0	0	0
NZ_LR134378.1	3p	-	35	338	591	641	316	1886	13	59	10	5	0	3	4	7	0	0	11	5	0	0	0	0	0	0	0	0	0
NZ_LR134378.1	3p	-	36	289	574	513	339	1715	10	68	7	8	1	2	13	1	4	0	6	6	1	0	0	0	0	1	0	0	0
NZ_LR134378.1	3p	-	37	298	484	431	332	1545	10	49	10	8	1	1	6	3	2	2	0	6	0	0	0	0	0	0	0	0	0
NZ_LR134378.1	3p	-	38	255	447	452	268	1422	14	57	7	6	2	0	3	3	1	2	5	3	0	0	0	0	0	0	0	0	0
NZ_LR134378.1	3p	-	39	192	438	436	243	1309	5	43	6	2	2	2	8	4	1	0	5	0	0	0	0	0	0	0	0	0	0
NZ_LR134378.1	3p	-	40	212	375	379	239	1205	7	35	5	5	2	1	5	3	0	1	1	4	0	0	1	0	0	0	0	0	0
NZ_LR134378.1	3p	-	41	156	405	367	186	1114	8	66	4	7	0	2	2	0	0	0	2	2	0	0	0	0	0	0	0	0	0
NZ_LR134378.1	3p	-	42	153	355	323	202	1033	3	54	6	2	0	0	2	2	1	0	1	2	0	0	0	0	0	0	0	0	0
NZ_LR134378.1	3p	-	43	178	274	286	180	918	7	42	3	4	1	1	4	2	1	0	3	3	0	0	0	0	0	0	0	0	0
NZ_LR134378.1	3p	-	44	153	253	260	148	814	7	40	7	1	3	1	1	0	0	0	1	3	0	0	0	0	0	0	0	0	0
NZ_LR134378.1	3p	-	45	117	259	228	127	731	6	40	3	6	0	0	1	1	0	0	1	5	0	0	0	0	0	0	0	0	0
NZ_LR134378.1	3p	-	46	128	193	190	143	654	5	21	3	4	0	0	5	0	3	0	0	0	0	0	0	0	0	0	0	0	0
NZ_LR134378.1	3p	-	47	96	191	205	103	595	2	28	2	2	1	2	2	1	0	0	0	1	0	0	0	0	0	0	0	0	0
NZ_LR134378.1	3p	-	48	87	179	157	108	531	3	17	1	2	0	0	2	0	0	0	0	4	0	0	0	0	0	0	0	0	0
NZ_LR134378.1	3p	-	49	76	151	164	88	479	4	23	0	0	0	0	0	0	2	0	1	2	0	0	0	0	0	0	0	0	0
NZ_LR134378.1	3p	-	50	67	136	150	74	427	3	23	0	1	1	0	3	0	0	0	1	2	0	0	0	0	0	0	0	0	0
NZ_LR134378.1	3p	-	51	65	124	123	72	384	5	21	4	1	1	0	2	0	0	0	1	1	0	0	0	0	0	0	0	0	0
NZ_LR134378.1	3p	-	52	60	107	108	66	341	5	15	3	1	0	0	2	1	1	0	0	2	0	0	0	0	0	0	0	0	0
NZ_LR134378.1	3p	-	53	48	86	112	64	310	5	7	1	3	0	0	1	1	1	0	0	2	0	0	0	0	0	0	0	1	0
NZ_LR134378.1	3p	-	54	52	94	79	54	279	1	10	0	1	0	0	3	1	0	1	0	0	0	0	0	0	0	0	0	0	0
NZ_LR134378.1	3p	-	55	42	79	78	54	253	2	4	0	1	0	0	1	1	1	0	1	1	0	0	0	0	0	0	0	0	0
NZ_LR134378.1	3p	-	56	46	64	81	47	238	3	4	0	1	0	0	2	0	1	1	0	0	0	0	0	0	0	0	0	0	0
NZ_LR134378.1	3p	-	57	41	75	64	37	217	5	4	0	3	0	0	0	2	0	1	0	0	0	0	0	0	0	0	0	0	0
NZ_LR134378.1	3p	-	58	41	67	62	36	206	0	7	0	2	0	0	0	0	0	0	0	0	0	0	0	0	0	0	0	0	0
NZ_LR134378.1	3p	-	59	34	51	61	46	192	3	4	1	0	0	0	2	0	2	0	0	1	0	0	0	0	0	0	0	0	0
NZ_LR134378.1	3p	-	60	36	63	51	33	183	0	6	1	0	0	0	0	0	0	1	1	0	0	0	0	0	0	0	0	0	0
NZ_LR134378.1	3p	-	61	40	59	43	27	169	2	5	1	0	0	0	1	0	0	0	0	0	0	0	0	0	0	0	0	0	0
NZ_LR134378.1	3p	-	62	19	55	48	32	154	0	3	1	1	0	0	1	1	0	0	0	0	0	0	0	0	0	0	0	0	0
NZ_LR134378.1	3p	-	63	24	51	33	37	145	0	7	1	2	0	0	1	0	0	0	0	1	0	0	0	0	0	0	0	0	0
NZ_LR134378.1	3p	-	64	13	46	41	32	132	1	7	0	1	0	0	0	0	0	0	0	0	0	0	0	0	0	0	0	0	0
NZ_LR134378.1	3p	-	65	24	34	33	27	118	0	1	0	3	0	0	0	0	0	0	0	0	0	1	0	0	0	0	0	0	0
NZ_LR134378.1	3p	-	66	22	36	30	23	111	0	1	1	0	0	0	0	0	0	0	1	0	1	0	0	0	0	0	0	0	0
NZ_LR134378.1	3p	-	67	19	29	33	21	102	1	3	2	1	0	0	0	1	0	0	0	1	0	0	0	0	0	0	0	0	0
NZ_LR134378.1	3p	-	68	28	29	24	11	92	0	2	0	0	0	0	0	0	0	0	1	0	0	0	0	0	0	0	0	0	0
NZ_LR134378.1	3p	-	69	15	24	24	23	86	1	3	2	2	0	0	0	0	0	0	0	1	0	0	0	0	0	0	0	0	0
NZ_LR134378.1	3p	-	70	12	32	26	7	77	0	4	0	0	0	0	0	1	0	0	0	0	0	0	0	0	0	0	0	0	0
NZ_LR134378.1	5p	+	1	443	1076	736	799	3054	12	430	17	13	1	6	13	4	3	3	9	15	0	0	0	0	0	0	0	0	1
NZ_LR134378.1	5p	+	2	535	906	992	619	3052	23	217	8	12	1	6	14	5	5	2	13	15	0	1	0	0	0	1	0	1	0
NZ_LR134378.1	5p	+	3	587	915	1044	507	3053	19	106	15	8	5	2	13	7	3	1	9	7	0	0	1	0	0	0	1	0	0
NZ_LR134378.1	5p	+	4	582	960	917	589	3048	12	99	10	16	7	1	10	3	4	3	17	8	0	0	1	0	1	2	3	0	0
NZ_LR134378.1	5p	+	5	535	1020	950	544	3049	13	90	13	16	3	3	12	2	7	0	13	8	0	0	0	1	0	2	1	2	0
NZ_LR134378.1	5p	+	6	534	977	1044	498	3053	13	68	17	14	4	2	25	9	2	0	16	5	0	1	1	0	1	0	0	0	0
NZ_LR134378.1	5p	+	7	589	944	951	569	3053	25	53	13	9	3	2	8	4	5	0	12	5	0	1	0	0	0	0	1	0	0
NZ_LR134378.1	5p	+	8	511	1028	1008	507	3054	16	42	13	9	6	1	10	12	5	1	8	8	0	1	0	0	0	0	0	0	0
NZ_LR134378.1	5p	+	9	539	1027	964	524	3054	22	36	20	15	3	2	21	5	3	1	13	8	0	1	0	0	0	0	0	0	0
NZ_LR134378.1	5p	+	10	570	990	957	535	3052	17	40	14	20	7	3	9	7	3	3	15	8	0	1	0	0	1	1	0	0	0
NZ_LR134378.1	5p	+	11	520	1038	1015	481	3054	14	38	11	13	3	0	16	4	7	0	16	9	0	0	0	0	0	0	0	0	0
NZ_LR134378.1	5p	+	12	541	998	1027	488	3054	23	36	18	13	2	1	10	5	4	1	12	6	2	0	0	0	0	0	0	0	0
NZ_LR134378.1	5p	+	13	534	1002	977	538	3051	19	30	23	20	2	1	4	8	4	5	16	3	0	1	0	0	1	0	1	1	0
NZ_LR134378.1	5p	+	14	502	1069	997	486	3054	17	29	13	13	5	3	11	3	2	0	11	6	1	0	0	1	0	0	0	0	0
NZ_LR134378.1	5p	+	15	512	1021	1044	476	3053	18	25	20	13	5	1	11	6	5	2	12	8	2	0	1	0	0	0	0	1	0
NZ_LR134378.1	5p	+	16	534	1006	982	531	3053	15	18	10	17	5	2	11	7	4	2	18	12	0	1	0	0	0	0	0	1	0
NZ_LR134378.1	5p	+	17	516	1003	1042	493	3054	35	27	9	24	1	1	11	5	4	3	17	5	0	0	0	0	0	0	0	0	0
NZ_LR134378.1	5p	+	18	502	1019	1046	486	3053	23	26	16	26	3	5	10	6	5	3	14	2	0	0	0	0	0	0	1	0	0
NZ_LR134378.1	5p	+	19	546	1003	985	519	3053	21	26	20	22	2	2	11	1	5	0	20	2	0	0	0	0	0	1	0	0	0
NZ_LR134378.1	5p	+	20	503	1035	1010	504	3052	25	23	20	15	6	1	13	8	5	3	18	10	0	0	0	0	1	1	0	0	0
NZ_LR134378.1	5p	+	21	535	982	1060	477	3054	42	22	21	14	6	2	18	9	3	4	10	7	0	0	0	0	0	0	0	0	0
NZ_LR134378.1	5p	+	22	535	977	985	556	3053	17	15	14	12	4	1	8	7	6	2	12	8	0	0	0	2	1	0	0	0	0
NZ_LR134378.1	5p	+	23	519	1035	983	514	3051	28	27	15	18	7	5	15	10	6	2	13	11	0	0	0	0	1	0	2	0	0
NZ_LR134378.1	5p	+	24	542	1029	996	487	3054	38	24	21	15	7	3	12	12	2	3	10	4	0	0	1	0	0	0	0	0	0
NZ_LR134378.1	5p	+	25	556	1025	924	548	3053	31	23	14	13	2	1	12	11	2	5	16	2	0	0	0	0	0	1	0	0	0
NZ_LR134378.1	5p	+	26	504	1032	989	529	3054	34	19	17	15	4	2	9	9	7	5	12	7	0	1	0	0	0	0	0	0	0
NZ_LR134378.1	5p	+	27	542	1000	1037	475	3054	43	12	17	12	4	1	14	4	1	3	13	6	0	1	0	1	0	0	0	0	0
NZ_LR134378.1	5p	+	28	589	934	989	541	3053	60	18	9	12	6	3	12	4	5	4	14	6	0	2	0	0	0	0	1	0	0
NZ_LR134378.1	5p	+	29	504	1047	963	540	3054	83	13	15	18	3	2	12	6	9	2	14	10	1	0	0	0	0	0	0	0	0
NZ_LR134378.1	5p	+	30	554	969	1008	523	3054	121	19	13	19	2	2	15	10	3	1	14	3	0	0	0	0	0	0	0	0	0
NZ_LR134378.1	5p	+	31	559	860	919	469	2807	107	14	15	12	3	3	13	9	0	2	14	1	0	0	0	0	0	0	0	0	0
NZ_LR134378.1	5p	+	32	461	844	820	417	2542	70	19	14	16	3	3	10	13	2	3	5	3	0	0	0	0	1	0	0	0	0
NZ_LR134378.1	5p	+	33	448	718	786	358	2310	101	13	8	8	2	0	13	5	0	4	16	3	0	0	0	0	0	0	0	0	0
NZ_LR134378.1	5p	+	34	443	633	661	345	2082	73	6	8	7	5	2	8	4	1	2	12	3	0	0	0	0	0	0	0	0	0
NZ_LR134378.1	5p	+	35	352	589	588	320	1849	61	10	7	10	2	0	6	8	4	0	4	5	0	0	0	0	1	0	0	0	0
NZ_LR134378.1	5p	+	36	319	515	574	289	1697	58	13	9	10	2	2	4	2	0	0	10	6	0	1	0	0	0	0	0	0	0
NZ_LR134378.1	5p	+	37	294	472	509	257	1532	62	7	8	5	2	0	4	5	1	2	7	2	0	0	0	0	0	0	0	0	0
NZ_LR134378.1	5p	+	38	266	443	477	209	1395	44	7	12	8	1	0	1	3	1	0	9	3	0	0	0	0	0	0	0	0	0
NZ_LR134378.1	5p	+	39	253	386	422	222	1283	48	8	15	3	0	0	7	1	0	0	3	1	0	0	0	0	0	0	0	0	0
NZ_LR134378.1	5p	+	40	226	391	366	193	1176	37	6	3	4	2	1	2	2	1	1	6	1	0	0	0	0	0	0	0	0	0
NZ_LR134378.1	5p	+	41	183	373	329	186	1071	45	10	5	3	0	1	8	4	0	1	4	2	0	0	0	0	0	0	0	0	0
NZ_LR134378.1	5p	+	42	184	316	343	160	1003	48	9	5	7	1	0	2	4	0	1	1	0	0	0	0	0	0	0	0	0	0
NZ_LR134378.1	5p	+	43	203	265	259	165	892	37	4	3	5	2	0	2	3	0	2	2	0	0	0	0	0	0	0	0	0	0
NZ_LR134378.1	5p	+	44	134	226	287	131	778	41	5	0	7	2	0	0	3	1	2	5	3	0	1	0	0	0	0	0	0	0
NZ_LR134378.1	5p	+	45	140	218	235	105	698	39	1	3	1	1	0	1	3	1	0	0	0	0	0	0	0	0	0	0	0	0
NZ_LR134378.1	5p	+	46	135	191	183	115	624	37	3	3	2	0	2	2	1	1	0	0	2	0	0	0	0	0	0	0	0	0
NZ_LR134378.1	5p	+	47	103	151	190	98	542	23	1	2	1	2	0	1	1	0	1	1	3	0	0	0	0	0	0	0	0	0
NZ_LR134378.1	5p	+	48	100	152	172	65	489	22	3	4	1	2	0	2	2	0	0	2	0	0	0	0	0	0	0	0	0	0
NZ_LR134378.1	5p	+	49	89	130	139	83	441	22	2	4	6	1	0	0	2	0	0	0	0	0	0	0	0	0	0	0	0	0
NZ_LR134378.1	5p	+	50	67	128	132	67	394	13	2	1	3	0	0	1	2	2	0	1	1	0	0	0	0	0	0	0	0	0
NZ_LR134378.1	5p	+	51	69	104	131	54	358	17	2	0	1	1	0	2	1	0	0	1	0	0	0	0	0	0	0	0	0	0
NZ_LR134378.1	5p	+	52	82	101	93	53	329	9	1	2	0	0	0	0	3	0	0	0	0	0	0	0	0	0	0	0	0	0
NZ_LR134378.1	5p	+	53	55	101	90	50	296	5	4	1	1	0	0	1	0	0	0	0	1	0	0	0	0	0	0	0	0	0
NZ_LR134378.1	5p	+	54	47	89	89	49	274	6	1	2	2	0	0	1	0	0	0	0	0	0	0	0	0	0	0	0	0	0
NZ_LR134378.1	5p	+	55	47	76	87	45	255	6	1	0	1	0	0	2	3	0	0	2	1	0	0	0	0	0	0	0	0	0
NZ_LR134378.1	5p	+	56	47	77	69	45	238	8	1	0	3	0	0	2	0	0	0	0	0	0	0	0	0	0	0	0	0	0
NZ_LR134378.1	5p	+	57	43	60	77	32	212	8	4	3	0	1	1	0	2	0	0	0	0	0	0	0	0	0	0	0	0	0
NZ_LR134378.1	5p	+	58	37	65	54	39	195	5	4	2	3	0	1	1	0	0	0	1	0	0	0	0	0	0	0	0	0	0
NZ_LR134378.1	5p	+	59	35	63	52	27	177	3	1	1	0	0	0	0	1	1	0	0	0	0	0	0	0	0	0	0	0	0
NZ_LR134378.1	5p	+	60	30	53	58	22	163	8	0	2	1	0	0	0	0	0	0	1	0	0	0	0	0	0	0	0	0	0
NZ_LR134378.1	5p	+	61	31	45	58	13	147	5	0	0	2	0	0	0	2	0	0	1	0	0	0	0	0	0	0	0	0	0
NZ_LR134378.1	5p	+	62	23	47	44	25	139	2	0	0	0	0	0	1	0	0	0	0	0	0	0	0	0	0	0	0	0	0
NZ_LR134378.1	5p	+	63	33	38	42	18	131	4	1	0	1	0	0	0	0	0	0	0	0	0	0	0	0	0	0	0	0	0
NZ_LR134378.1	5p	+	64	24	30	43	27	124	7	0	1	0	0	0	0	0	1	0	2	1	0	0	0	0	0	0	0	0	0
NZ_LR134378.1	5p	+	65	22	36	38	18	114	6	0	0	0	0	0	0	0	0	0	0	0	0	0	0	0	0	0	0	0	0
NZ_LR134378.1	5p	+	66	12	37	45	12	106	4	1	1	0	0	0	1	0	0	0	0	0	0	0	0	0	0	0	0	0	0
NZ_LR134378.1	5p	+	67	22	34	23	20	99	4	1	0	0	0	0	0	0	0	1	0	0	0	0	0	0	0	0	0	0	0
NZ_LR134378.1	5p	+	68	16	30	21	16	83	2	0	1	0	0	0	1	0	0	0	0	1	0	0	0	0	0	0	0	0	0
NZ_LR134378.1	5p	+	69	17	27	24	7	75	3	0	1	0	0	0	0	0	0	0	0	0	0	0	0	0	0	0	0	0	0
NZ_LR134378.1	5p	+	70	10	26	23	12	71	4	0	0	0	0	0	0	0	0	0	0	0	0	0	0	0	0	0	0	0	0
NZ_LR134378.1	5p	-	1	467	1026	741	859	3093	14	472	17	11	4	6	16	1	4	1	10	15	0	0	0	0	0	0	0	0	0
NZ_LR134378.1	5p	-	2	539	1005	934	615	3093	17	240	25	6	1	6	11	7	7	2	13	21	0	0	0	0	0	0	0	0	0
NZ_LR134378.1	5p	-	3	541	950	1090	512	3093	27	118	16	17	3	4	8	3	2	2	14	13	1	0	0	0	0	0	0	0	0
NZ_LR134378.1	5p	-	4	616	990	913	574	3093	12	124	13	11	5	3	10	8	5	3	15	11	0	0	1	1	0	0	0	0	0
NZ_LR134378.1	5p	-	5	551	1035	940	566	3092	9	106	16	16	4	3	17	10	5	2	16	1	0	0	0	2	0	0	0	1	0
NZ_LR134378.1	5p	-	6	484	980	1042	584	3090	17	69	13	20	4	2	20	6	4	1	11	6	0	0	1	1	0	1	2	0	0
NZ_LR134378.1	5p	-	7	593	1001	954	543	3091	11	49	15	15	4	2	16	9	0	4	9	2	0	0	1	1	0	1	1	0	0
NZ_LR134378.1	5p	-	8	500	995	1003	594	3092	16	58	20	18	3	1	19	7	5	3	13	9	0	0	0	0	0	0	1	0	0
NZ_LR134378.1	5p	-	9	543	970	1073	507	3093	29	37	25	12	1	2	19	10	6	2	14	10	0	0	0	0	0	0	0	0	0
NZ_LR134378.1	5p	-	10	529	1031	963	570	3093	18	30	11	21	0	1	10	8	5	2	13	3	1	0	0	0	0	0	0	0	0
NZ_LR134378.1	5p	-	11	493	1045	997	557	3092	12	31	13	17	5	1	12	8	3	2	14	10	0	1	2	0	0	1	0	0	0
NZ_LR134378.1	5p	-	12	494	1015	1062	521	3092	24	29	14	20	1	4	22	8	5	4	10	11	0	0	0	0	0	0	1	0	0
NZ_LR134378.1	5p	-	13	530	1044	970	549	3093	18	28	9	9	2	3	8	3	4	0	7	6	0	0	0	0	0	0	0	0	0
NZ_LR134378.1	5p	-	14	495	1058	983	557	3093	15	38	12	16	5	0	14	4	3	2	8	5	0	0	0	0	0	0	0	0	0
NZ_LR134378.1	5p	-	15	498	996	1100	496	3090	14	30	15	19	4	2	14	9	2	1	11	5	0	0	1	0	0	0	0	3	0
NZ_LR134378.1	5p	-	16	552	1026	1002	512	3092	15	20	11	14	3	5	16	6	3	3	11	3	0	0	0	0	1	0	0	0	0
NZ_LR134378.1	5p	-	17	517	1067	979	529	3092	22	28	23	18	3	1	10	6	2	2	13	4	0	0	0	0	0	0	1	0	0
NZ_LR134378.1	5p	-	18	475	1042	1073	499	3089	25	24	13	16	1	0	14	7	6	2	8	7	0	2	0	1	0	0	0	4	0
NZ_LR134378.1	5p	-	19	521	1016	997	559	3093	25	21	11	12	3	2	12	4	2	1	5	6	0	0	0	0	0	0	0	0	0
NZ_LR134378.1	5p	-	20	523	1060	990	519	3092	32	18	11	15	2	1	17	11	5	2	12	3	0	0	1	0	0	0	0	1	0
NZ_LR134378.1	5p	-	21	548	971	1080	494	3093	32	23	22	12	0	1	12	1	1	0	9	6	1	0	0	0	0	0	0	0	0
NZ_LR134378.1	5p	-	22	579	984	991	539	3093	22	21	6	17	4	1	10	6	5	1	15	8	0	0	0	1	0	0	0	0	0
NZ_LR134378.1	5p	-	23	473	1032	1064	523	3092	36	19	21	17	1	4	9	7	3	6	8	7	0	0	0	0	0	1	0	0	0
NZ_LR134378.1	5p	-	24	497	1018	1058	518	3091	35	12	20	16	2	6	23	8	3	3	6	5	0	0	0	2	1	1	0	0	0
NZ_LR134378.1	5p	-	25	555	1005	982	548	3090	22	16	17	10	0	1	9	8	6	3	5	6	0	0	0	0	1	0	0	2	0
NZ_LR134378.1	5p	-	26	519	1042	1026	506	3093	38	29	9	15	5	1	12	13	2	2	18	6	0	0	0	0	0	0	0	0	0
NZ_LR134378.1	5p	-	27	494	1025	1068	506	3093	48	32	7	17	2	6	20	8	1	0	10	5	0	1	0	1	0	0	0	0	0
NZ_LR134378.1	5p	-	28	571	998	954	570	3093	56	30	11	17	0	2	16	5	8	3	7	6	0	0	0	0	0	0	0	0	0
NZ_LR134378.1	5p	-	29	524	1020	1007	541	3092	80	28	14	16	6	1	15	7	4	0	8	5	0	0	0	0	0	1	0	0	0
NZ_LR134378.1	5p	-	30	549	988	1032	524	3093	106	24	14	19	3	4	21	8	2	2	10	5	1	0	0	0	0	0	0	0	0
NZ_LR134378.1	5p	-	31	591	843	898	502	2834	100	21	15	14	2	1	10	10	5	6	10	4	0	0	0	0	0	0	0	0	0
NZ_LR134378.1	5p	-	32	463	820	842	437	2562	78	19	17	11	3	3	14	6	1	3	10	3	0	0	0	0	0	0	0	0	0
NZ_LR134378.1	5p	-	33	420	735	780	376	2311	88	21	11	10	0	1	12	9	5	3	8	6	0	0	0	0	0	0	0	0	0
NZ_LR134378.1	5p	-	34	434	660	660	352	2106	74	13	9	8	0	3	5	3	0	1	6	1	0	0	0	0	0	0	0	0	0
NZ_LR134378.1	5p	-	35	311	613	646	316	1886	68	12	11	8	3	1	8	7	3	1	5	1	1	0	1	0	0	0	0	0	0
NZ_LR134378.1	5p	-	36	302	557	577	280	1716	53	8	5	8	1	1	11	4	2	2	3	5	0	0	1	0	0	0	0	0	0
NZ_LR134378.1	5p	-	37	302	441	495	307	1545	61	3	7	4	1	2	7	2	0	1	7	1	0	0	0	0	0	0	0	0	0
NZ_LR134378.1	5p	-	38	258	438	482	243	1421	55	5	9	2	0	0	9	2	2	1	5	3	0	0	0	0	0	0	1	0	0
NZ_LR134378.1	5p	-	39	208	450	460	191	1309	46	7	11	5	3	0	3	5	1	2	5	3	0	0	0	0	0	0	0	0	0
NZ_LR134378.1	5p	-	40	256	381	350	218	1205	35	5	4	3	0	0	5	5	1	0	4	1	0	0	0	0	0	0	0	0	0
NZ_LR134378.1	5p	-	41	199	333	374	208	1114	44	5	7	7	0	0	4	2	2	1	1	0	1	0	0	0	0	0	0	0	0
NZ_LR134378.1	5p	-	42	181	345	354	153	1033	51	4	3	2	1	0	6	6	0	1	5	2	0	0	0	0	0	0	0	0	0
NZ_LR134378.1	5p	-	43	185	277	285	171	918	44	1	1	4	1	1	0	5	1	1	6	2	0	0	0	0	0	0	0	0	0
NZ_LR134378.1	5p	-	44	154	265	268	127	814	35	5	2	5	2	1	1	5	0	0	3	0	0	0	0	0	0	0	0	0	0
NZ_LR134378.1	5p	-	45	135	241	237	118	731	35	5	4	1	0	0	5	2	1	0	1	3	0	0	0	0	0	0	0	0	0
NZ_LR134378.1	5p	-	46	113	202	214	125	654	32	4	3	1	0	0	0	2	1	1	0	1	0	0	0	0	0	0	0	0	0
NZ_LR134378.1	5p	-	47	116	183	203	93	595	26	1	3	1	1	0	1	1	0	0	2	2	0	0	0	0	0	0	0	0	0
NZ_LR134378.1	5p	-	48	81	164	196	90	531	33	3	3	2	0	0	1	5	0	0	1	1	0	0	0	0	0	0	0	0	0
NZ_LR134378.1	5p	-	49	99	149	146	85	479	19	3	1	6	0	0	2	1	0	0	0	0	0	0	0	0	0	0	0	0	0
NZ_LR134378.1	5p	-	50	76	122	154	75	427	13	1	3	2	0	2	0	1	1	1	0	0	0	0	0	0	0	0	0	0	0
NZ_LR134378.1	5p	-	51	76	123	130	55	384	18	4	5	6	1	0	1	1	0	0	1	1	0	0	0	0	0	0	0	0	0
NZ_LR134378.1	5p	-	52	72	126	89	54	341	11	1	1	0	0	0	0	2	0	1	0	0	0	0	0	0	0	0	0	0	0
NZ_LR134378.1	5p	-	53	57	98	98	58	311	12	1	2	4	1	0	0	0	0	0	1	1	0	0	0	0	0	0	0	0	0
NZ_LR134378.1	5p	-	54	53	81	99	46	279	12	0	1	0	0	0	1	1	0	0	2	1	0	0	0	0	0	0	0	0	0
NZ_LR134378.1	5p	-	55	46	70	91	46	253	8	1	2	0	0	0	0	1	0	0	0	1	0	0	0	0	0	0	0	0	0
NZ_LR134378.1	5p	-	56	36	72	82	48	238	9	0	0	2	1	0	0	0	1	0	0	0	0	0	0	0	0	0	0	0	0
NZ_LR134378.1	5p	-	57	40	82	63	32	217	7	1	3	2	0	0	0	0	0	0	0	0	0	0	0	0	0	0	0	0	0
NZ_LR134378.1	5p	-	58	43	63	66	34	206	4	1	1	0	0	0	1	0	0	0	0	0	0	0	0	0	0	0	0	0	0
NZ_LR134378.1	5p	-	59	33	59	64	36	192	4	0	1	2	0	1	0	2	0	0	1	0	0	0	0	0	0	0	0	0	0
NZ_LR134378.1	5p	-	60	23	53	67	40	183	7	0	1	1	0	0	1	1	0	0	0	0	0	0	0	0	0	0	0	0	0
NZ_LR134378.1	5p	-	61	38	49	56	26	169	4	1	0	0	0	0	0	0	0	0	1	0	0	0	0	0	0	0	0	0	0
NZ_LR134378.1	5p	-	62	26	47	56	25	154	6	1	0	1	0	1	0	0	0	0	1	0	0	0	0	0	0	0	0	0	0
NZ_LR134378.1	5p	-	63	26	48	47	24	145	4	2	0	0	0	0	1	0	0	0	0	0	0	0	0	0	0	0	0	0	0
NZ_LR134378.1	5p	-	64	30	39	40	23	132	5	0	0	1	0	0	0	0	0	0	0	0	0	0	0	0	0	0	0	0	0
NZ_LR134378.1	5p	-	65	23	39	37	19	118	7	1	0	0	0	0	1	0	0	0	0	1	0	0	0	0	0	0	0	0	0
NZ_LR134378.1	5p	-	66	22	34	37	18	111	7	0	1	0	0	0	1	0	0	0	0	0	0	0	0	0	0	0	0	0	0
NZ_LR134378.1	5p	-	67	19	34	35	14	102	3	1	0	0	0	0	0	0	0	0	0	0	0	0	0	0	0	0	0	0	0
NZ_LR134378.1	5p	-	68	18	34	22	18	92	2	1	1	0	0	0	0	1	0	0	0	0	0	0	0	0	0	0	0	0	0
NZ_LR134378.1	5p	-	69	19	25	23	19	86	2	0	0	0	0	0	0	0	0	0	0	0	0	0	0	0	0	0	0	0	0
NZ_LR134378.1	5p	-	70	10	22	29	16	77	3	1	0	1	0	0	0	0	0	0	0	0	0	0	0	0	0	0	0	0	0
