# table produced by mapDamage version 2.2.3
# using mapped file /mnt/archgen/microbiome_calculus/library_ds_vs_ss/04-analysis/normalize_kraken/mapping/flexilinea_sp001717545/mapDamage2_dsLibs/input/GOY006.A0101.SG1.2_5M.mapped_f_sp001717545_q25l30_rmdup.bam and /mnt/archgen/microbiome_calculus/library_ds_vs_ss/04-analysis/normalize_kraken/mapping/flexilinea_sp001717545/input/GCA_001717545.1_ASM171754v1_genomic.fna as reference file
# Chr: reference from sam/bam header, End: from which termini of DNA sequences, Std: strand of reads
Chr	End	Std	Pos	A	C	G	T	Total	G>A	C>T	A>G	T>C	A>C	A>T	C>G	C>A	T>G	T>A	G>C	G>T	A>-	T>-	C>-	G>-	->A	->T	->C	->G	S
CP017039.1	3p	+	1	5754	4949	7006	5591	23300	712	76	50	62	10	13	24	41	26	18	13	15	0	0	0	0	0	0	0	0	0
CP017039.1	3p	+	2	6247	5928	6186	4939	23300	446	72	61	68	11	7	27	30	23	18	16	25	0	0	0	0	0	0	0	0	0
CP017039.1	3p	+	3	5140	6354	6645	5161	23300	308	66	79	76	8	11	22	19	12	10	26	25	0	0	0	0	0	0	0	0	0
CP017039.1	3p	+	4	5481	5689	6789	5341	23300	274	66	57	59	8	15	19	26	12	10	12	25	0	0	0	0	0	0	0	0	0
CP017039.1	3p	+	5	5460	6371	6658	4811	23300	278	78	63	58	17	14	27	38	10	10	13	25	0	0	0	0	0	0	0	0	0
CP017039.1	3p	+	6	5177	6583	6667	4870	23297	239	68	59	68	10	11	29	38	12	7	18	22	0	0	0	0	1	0	1	1	0
CP017039.1	3p	+	7	5471	6240	6677	4912	23300	225	66	56	54	16	9	30	36	14	9	17	22	0	0	0	0	0	0	0	0	0
CP017039.1	3p	+	8	5192	6504	6999	4603	23298	197	79	59	72	9	7	29	30	8	5	17	24	0	0	0	1	2	0	0	0	0
CP017039.1	3p	+	9	4964	6694	6826	4813	23297	173	95	59	48	10	9	18	25	13	10	15	16	1	0	0	2	2	0	0	1	0
CP017039.1	3p	+	10	5155	6440	6787	4916	23298	172	76	70	63	10	9	30	20	7	7	13	13	0	2	0	0	0	1	1	0	0
CP017039.1	3p	+	11	4968	6548	7158	4626	23300	183	84	71	57	18	14	21	23	18	6	13	25	1	1	1	1	0	0	0	0	0
CP017039.1	3p	+	12	4930	6857	6848	4663	23298	205	96	46	62	19	6	22	32	10	14	15	16	1	0	0	0	2	0	0	0	0
CP017039.1	3p	+	13	5168	6554	6892	4682	23296	159	59	58	53	16	9	12	39	10	11	14	17	0	1	2	0	0	0	4	0	0
CP017039.1	3p	+	14	4865	6788	7176	4470	23299	176	89	61	61	8	10	20	45	14	4	12	25	1	0	0	2	0	0	1	0	0
CP017039.1	3p	+	15	4646	7044	6865	4744	23299	155	79	57	70	16	11	18	23	11	10	16	29	0	1	0	0	0	0	1	0	0
CP017039.1	3p	+	16	4965	6644	6874	4816	23299	140	59	59	37	14	9	17	13	13	2	14	25	1	0	0	0	0	1	0	0	0
CP017039.1	3p	+	17	4816	6916	7039	4524	23295	157	74	55	67	15	6	21	33	11	5	17	28	0	1	1	1	3	1	0	1	0
CP017039.1	3p	+	18	4658	6986	6897	4758	23299	131	95	61	71	14	12	19	30	10	7	17	23	0	1	1	0	0	0	0	1	0
CP017039.1	3p	+	19	4904	6951	6759	4684	23298	106	77	49	38	13	9	19	28	9	6	20	18	0	0	0	0	2	0	0	0	0
CP017039.1	3p	+	20	4740	6874	7270	4415	23299	136	96	74	71	17	8	28	34	18	6	17	27	0	0	1	1	1	0	0	0	0
CP017039.1	3p	+	21	4780	7130	6780	4609	23299	145	102	54	68	21	14	16	30	13	10	10	22	4	0	1	2	0	0	1	0	0
CP017039.1	3p	+	22	4900	6619	6966	4814	23299	132	87	45	56	15	7	12	30	14	5	17	24	1	2	1	2	0	0	0	1	0
CP017039.1	3p	+	23	4773	6862	7027	4635	23297	142	106	58	62	12	11	22	29	7	9	15	28	2	0	2	0	1	0	2	0	0
CP017039.1	3p	+	24	4736	7092	6689	4783	23300	139	108	49	55	8	7	25	33	14	10	29	20	0	0	0	0	0	0	0	0	0
CP017039.1	3p	+	25	4947	6757	6721	4873	23298	104	107	56	47	14	5	12	29	10	9	17	15	0	0	0	2	1	1	0	0	0
CP017039.1	3p	+	26	4913	6743	6897	4744	23297	117	152	62	60	13	4	23	33	17	5	27	22	0	1	1	1	0	1	1	1	0
CP017039.1	3p	+	27	4867	7047	6579	4807	23300	101	140	56	64	17	4	19	32	15	5	13	27	5	0	0	0	0	0	0	0	0
CP017039.1	3p	+	28	4926	6664	6800	4907	23297	99	151	53	60	19	10	10	23	12	3	19	24	2	1	0	0	0	1	0	2	0
CP017039.1	3p	+	29	4922	6784	6880	4711	23297	124	118	70	75	18	8	19	31	15	11	19	29	2	1	1	0	0	3	0	0	0
CP017039.1	3p	+	30	4768	7024	6593	4914	23299	114	163	56	67	16	10	20	33	13	14	27	24	0	1	3	2	0	1	0	0	0
CP017039.1	3p	+	31	4850	6588	6360	4874	22672	84	159	42	43	7	7	12	20	16	4	21	20	1	0	0	0	2	2	0	1	0
CP017039.1	3p	+	32	4662	6413	6442	4516	22033	109	173	53	61	18	14	18	22	8	5	12	27	0	1	0	0	0	0	2	0	0
CP017039.1	3p	+	33	4551	6347	5919	4542	21359	84	170	52	51	12	8	21	22	9	5	8	19	0	1	1	1	0	0	1	1	0
CP017039.1	3p	+	34	4652	5791	5746	4504	20693	90	141	44	51	15	6	8	18	7	7	15	22	1	1	1	0	2	0	0	0	0
CP017039.1	3p	+	35	4317	5751	5755	4146	19969	91	173	50	54	8	11	13	14	10	12	13	25	0	1	1	2	1	0	1	2	0
CP017039.1	3p	+	36	4079	5836	5124	4258	19297	81	174	51	54	3	7	15	22	11	5	13	15	2	1	2	1	0	0	1	1	0
CP017039.1	3p	+	37	4153	5305	5003	4167	18628	88	158	42	50	8	11	6	23	1	8	11	16	1	0	1	0	1	1	1	0	0
CP017039.1	3p	+	38	3859	5292	5021	3781	17953	82	161	47	37	8	5	7	24	12	9	13	22	0	0	1	1	0	2	0	0	0
CP017039.1	3p	+	39	3664	5020	4730	3902	17316	82	146	50	46	8	9	6	17	11	6	15	29	1	1	0	1	0	1	0	0	0
CP017039.1	3p	+	40	3714	4670	4530	3761	16675	75	127	33	37	13	6	10	16	6	3	14	12	0	0	2	2	0	1	0	1	0
CP017039.1	3p	+	41	3528	4654	4486	3387	16055	60	162	48	37	7	2	9	16	7	5	10	18	0	0	1	0	1	0	1	0	0
CP017039.1	3p	+	42	3362	4620	4061	3424	15467	56	135	30	34	8	8	7	17	8	6	8	12	1	0	2	1	0	0	1	1	0
CP017039.1	3p	+	43	3321	4095	4080	3345	14841	47	125	36	40	6	4	3	9	3	14	15	17	0	1	0	0	1	0	1	0	0
CP017039.1	3p	+	44	3166	4079	4011	2971	14227	45	119	36	37	8	6	14	12	6	7	3	18	0	1	0	0	1	0	1	0	0
CP017039.1	3p	+	45	2922	3952	3704	3009	13587	51	122	29	37	8	3	8	17	6	1	8	7	0	0	0	1	0	0	0	1	0
CP017039.1	3p	+	46	2918	3673	3466	2938	12995	53	120	26	24	5	1	5	8	9	6	5	11	0	0	0	0	1	0	0	0	0
CP017039.1	3p	+	47	2664	3473	3524	2771	12432	44	106	18	26	6	8	6	9	10	9	3	16	0	1	0	0	1	0	0	0	0
CP017039.1	3p	+	48	2582	3417	3197	2711	11907	46	119	25	33	6	6	6	8	4	4	6	11	0	0	0	0	1	0	0	1	0
CP017039.1	3p	+	49	2636	3101	3027	2606	11370	45	104	29	17	2	5	3	9	4	4	5	9	1	1	2	1	0	0	0	0	0
CP017039.1	3p	+	50	2311	3091	3062	2410	10874	56	111	28	27	5	3	2	10	5	1	5	7	0	1	1	1	0	0	1	0	0
CP017039.1	3p	+	51	2188	3126	2733	2402	10449	39	102	22	20	4	4	1	12	5	1	4	15	1	0	0	1	0	0	2	1	0
CP017039.1	3p	+	52	2184	2774	2727	2297	9982	37	86	13	15	2	5	4	7	7	4	4	11	1	0	1	2	0	1	0	0	0
CP017039.1	3p	+	53	2073	2782	2644	2032	9531	42	77	27	26	6	5	3	8	5	2	6	9	0	1	2	2	0	0	0	0	0
CP017039.1	3p	+	54	1897	2698	2514	2018	9127	33	95	15	19	4	6	3	7	1	3	6	11	2	2	1	1	0	1	1	0	0
CP017039.1	3p	+	55	1926	2439	2309	2032	8706	37	75	17	15	7	3	3	5	7	5	2	11	0	0	1	0	2	1	0	1	0
CP017039.1	3p	+	56	1790	2340	2285	1888	8303	28	75	11	25	3	4	1	7	6	2	9	7	0	0	0	1	0	1	0	2	0
CP017039.1	3p	+	57	1764	2281	2074	1823	7942	28	73	15	15	4	3	1	3	1	3	5	9	1	1	0	0	1	1	0	2	0
CP017039.1	3p	+	58	1748	2107	1970	1717	7542	23	64	19	15	3	2	5	3	3	3	3	9	2	1	0	0	0	0	1	0	0
CP017039.1	3p	+	59	1633	2005	1991	1551	7180	21	73	22	17	5	2	1	3	3	2	4	6	0	1	0	0	0	0	0	0	0
CP017039.1	3p	+	60	1505	1946	1913	1515	6879	21	64	18	21	4	1	2	5	1	0	3	5	0	0	0	0	0	1	1	0	0
CP017039.1	3p	+	61	1503	1854	1800	1400	6557	23	63	9	14	4	3	3	6	4	1	4	5	0	1	1	0	0	1	0	0	0
CP017039.1	3p	+	62	1379	1820	1662	1389	6250	22	59	21	21	1	4	2	4	3	2	1	9	0	1	1	1	1	0	0	2	0
CP017039.1	3p	+	63	1291	1768	1488	1394	5941	15	66	12	11	3	1	3	8	1	3	3	7	1	0	1	3	0	1	1	0	0
CP017039.1	3p	+	64	1195	1604	1542	1329	5670	22	42	9	10	1	0	0	6	2	4	3	8	0	0	1	0	1	0	0	1	0
CP017039.1	3p	+	65	1174	1500	1502	1198	5374	24	45	8	6	4	3	3	6	0	4	3	9	1	0	0	2	0	1	1	1	0
CP017039.1	3p	+	66	1079	1474	1373	1200	5126	18	52	13	7	3	5	3	5	1	1	4	2	0	0	0	0	0	0	0	0	0
CP017039.1	3p	+	67	1106	1389	1279	1134	4908	15	41	11	11	1	1	1	3	0	0	3	2	1	0	0	0	0	0	0	0	0
CP017039.1	3p	+	68	1018	1319	1271	1075	4683	17	47	11	9	1	0	3	3	4	0	7	8	0	0	1	0	0	0	0	0	0
CP017039.1	3p	+	69	996	1331	1134	1023	4484	14	57	7	11	1	1	1	2	2	1	4	4	1	0	0	0	0	0	0	0	0
CP017039.1	3p	+	70	1013	1132	1143	983	4271	18	53	7	11	1	1	2	4	2	2	3	3	1	1	0	0	0	0	0	0	0
CP017039.1	3p	-	1	5594	4986	7112	5755	23447	663	67	55	73	18	8	46	44	26	15	10	22	0	0	0	0	0	0	0	0	0
CP017039.1	3p	-	2	6193	5926	6202	5126	23447	456	77	62	79	11	13	25	31	10	21	19	30	0	0	0	0	0	0	0	0	0
CP017039.1	3p	-	3	5228	6316	6732	5171	23447	329	67	66	54	19	9	23	22	16	11	13	28	1	0	0	0	0	0	0	0	0
CP017039.1	3p	-	4	5566	5747	6811	5322	23446	269	60	66	53	9	4	15	33	13	12	12	19	0	0	0	0	1	0	0	0	0
CP017039.1	3p	-	5	5317	6416	6839	4874	23446	283	58	56	66	13	15	32	36	13	11	19	22	0	0	0	0	0	0	0	1	0
CP017039.1	3p	-	6	5092	6697	6760	4892	23441	257	64	49	76	8	10	27	28	20	7	17	25	1	0	1	0	1	2	0	3	0
CP017039.1	3p	-	7	5303	6337	6747	5057	23444	203	67	59	54	11	11	17	26	10	7	7	23	0	0	0	0	1	2	0	0	0
CP017039.1	3p	-	8	5196	6386	7056	4804	23442	240	84	61	51	10	18	21	25	15	4	17	26	1	1	0	2	0	3	2	0	0
CP017039.1	3p	-	9	4997	6724	6888	4835	23444	186	82	53	64	15	8	27	32	11	3	23	13	0	1	3	0	0	2	1	0	0
CP017039.1	3p	-	10	5151	6376	6957	4960	23444	172	58	52	51	7	5	19	31	10	11	18	17	0	0	1	0	0	1	0	2	0
CP017039.1	3p	-	11	4930	6707	7095	4713	23445	206	92	58	67	14	6	30	33	10	7	17	13	2	0	0	1	0	0	1	1	0
CP017039.1	3p	-	12	4784	6914	6904	4843	23445	152	89	64	44	12	6	16	29	20	11	14	27	1	0	2	1	0	1	1	0	0
CP017039.1	3p	-	13	4996	6548	6968	4935	23447	170	74	54	45	13	10	16	23	15	4	15	23	1	4	0	0	0	0	0	0	0
CP017039.1	3p	-	14	4930	6655	7192	4668	23445	155	75	63	45	13	7	24	41	12	10	12	21	0	2	2	1	1	0	1	0	0
CP017039.1	3p	-	15	4721	6987	6955	4782	23445	147	87	58	59	13	11	18	25	15	8	26	15	1	1	1	0	0	1	0	1	0
CP017039.1	3p	-	16	4983	6673	6968	4820	23444	160	74	54	41	13	3	19	31	11	9	16	27	0	0	1	0	1	0	2	0	0
CP017039.1	3p	-	17	4836	6763	7151	4696	23446	173	81	72	58	15	13	20	31	13	8	16	20	1	2	0	1	1	0	0	0	0
CP017039.1	3p	-	18	4837	6985	6797	4828	23447	163	89	63	77	10	10	19	22	8	9	18	21	0	0	2	0	0	0	0	0	0
CP017039.1	3p	-	19	5030	6576	6974	4861	23441	138	75	51	53	16	3	18	17	15	7	11	28	0	0	1	1	3	2	1	0	0
CP017039.1	3p	-	20	4865	6836	7137	4607	23445	134	91	62	62	11	4	17	30	12	6	16	21	1	1	0	1	2	0	0	0	0
CP017039.1	3p	-	21	4615	7019	6994	4818	23446	134	97	60	69	8	10	23	26	17	5	17	26	1	1	1	1	0	0	1	0	0
CP017039.1	3p	-	22	4800	6708	7007	4930	23445	109	85	48	53	13	10	10	21	15	9	13	24	1	0	1	1	0	1	1	0	0
CP017039.1	3p	-	23	4895	6729	7140	4681	23445	140	98	68	71	14	8	20	22	15	8	17	28	0	1	1	4	0	2	0	0	0
CP017039.1	3p	-	24	4779	7021	6848	4796	23444	119	115	65	69	12	11	22	26	8	13	17	21	3	1	1	0	1	1	0	1	0
CP017039.1	3p	-	25	4899	6697	6803	5046	23445	96	89	58	48	6	3	9	33	9	9	25	18	1	1	0	0	0	1	0	1	0
CP017039.1	3p	-	26	4813	6799	6978	4856	23446	126	132	65	58	9	11	18	25	15	7	16	24	0	0	0	1	1	0	0	0	0
CP017039.1	3p	-	27	4681	7093	6778	4892	23444	141	148	49	59	14	8	16	26	10	8	23	25	1	0	3	0	1	1	1	0	0
CP017039.1	3p	-	28	4895	6626	6741	5184	23446	111	150	51	63	7	10	9	21	18	10	15	25	2	1	0	0	0	0	1	0	0
CP017039.1	3p	-	29	4837	6778	6966	4864	23445	135	133	66	64	13	7	17	27	11	6	17	14	0	2	0	1	1	0	0	1	0
CP017039.1	3p	-	30	4720	7085	6680	4960	23445	120	154	65	58	12	11	17	27	16	5	26	29	0	2	1	0	0	1	0	1	0
CP017039.1	3p	-	31	4912	6484	6457	5023	22876	109	162	49	51	7	5	15	25	9	8	14	22	0	1	1	1	1	0	1	0	0
CP017039.1	3p	-	32	4714	6533	6361	4591	22199	94	174	56	63	14	12	16	19	12	7	30	27	1	0	0	0	0	1	0	0	0
CP017039.1	3p	-	33	4404	6438	6014	4670	21526	104	173	52	52	9	10	13	32	7	3	22	24	1	1	1	0	0	1	0	1	0
CP017039.1	3p	-	34	4552	5817	5801	4639	20809	96	145	49	48	10	14	7	27	8	8	15	18	0	0	0	0	0	1	0	0	0
CP017039.1	3p	-	35	4245	5862	5800	4232	20139	85	146	50	56	12	3	12	23	7	4	15	21	0	2	1	2	1	2	0	0	0
CP017039.1	3p	-	36	4162	5662	5404	4230	19458	84	130	57	57	13	6	16	17	4	6	23	17	0	2	2	3	0	1	0	0	0
CP017039.1	3p	-	37	4152	5254	5247	4154	18807	65	150	44	40	6	7	15	21	12	6	12	20	0	3	0	0	0	0	0	0	0
CP017039.1	3p	-	38	3938	5280	5044	3903	18165	97	161	46	38	8	9	4	17	6	6	8	19	1	0	0	0	0	0	0	0	0
CP017039.1	3p	-	39	3550	5116	4895	3918	17479	56	156	44	66	11	3	19	17	5	6	15	20	1	0	2	1	1	0	1	1	0
CP017039.1	3p	-	40	3723	4650	4609	3868	16850	70	124	43	37	8	4	5	24	9	7	12	12	0	0	0	0	1	1	0	0	0
CP017039.1	3p	-	41	3424	4602	4711	3481	16218	78	142	38	40	7	6	9	16	11	3	18	20	1	0	0	1	1	1	1	0	0
CP017039.1	3p	-	42	3228	4687	4295	3422	15632	71	127	41	36	9	4	14	14	8	5	8	12	2	3	0	0	0	1	0	0	0
CP017039.1	3p	-	43	3293	4260	4075	3349	14977	55	120	33	30	9	5	4	12	4	8	14	11	0	0	2	0	0	0	0	1	0
CP017039.1	3p	-	44	3124	4178	3905	3155	14362	48	125	37	30	10	4	5	12	3	7	7	13	0	1	0	0	0	0	0	0	0
CP017039.1	3p	-	45	2972	3972	3759	3043	13746	46	126	38	32	6	4	8	12	7	3	8	12	1	0	0	0	0	0	0	0	0
CP017039.1	3p	-	46	2956	3676	3578	2942	13152	49	135	29	35	2	2	10	12	1	6	5	11	1	0	1	1	0	0	0	0	0
CP017039.1	3p	-	47	2780	3590	3494	2691	12555	69	104	25	23	3	7	4	10	5	6	10	16	0	1	2	1	0	1	1	0	0
CP017039.1	3p	-	48	2563	3511	3272	2664	12010	45	104	23	17	6	6	9	12	7	4	7	9	0	1	0	0	0	3	0	0	0
CP017039.1	3p	-	49	2524	3176	3128	2647	11475	46	100	18	16	4	2	2	10	9	3	8	13	0	0	1	0	1	2	0	0	0
CP017039.1	3p	-	50	2407	3145	2990	2407	10949	45	97	22	17	4	5	4	7	3	3	8	12	0	0	1	0	0	0	0	1	0
CP017039.1	3p	-	51	2244	3073	2755	2382	10454	54	89	25	27	5	2	2	10	3	3	4	9	0	0	1	2	0	2	0	0	0
CP017039.1	3p	-	52	2274	2750	2647	2320	9991	45	91	26	15	4	3	1	8	6	2	5	10	2	1	0	2	0	0	0	2	0
CP017039.1	3p	-	53	2027	2702	2757	2066	9552	37	66	18	21	4	8	4	8	3	2	8	5	1	0	1	1	0	0	1	0	0
CP017039.1	3p	-	54	1875	2697	2477	2111	9160	28	89	13	21	3	2	1	10	2	2	2	7	1	0	1	0	0	0	1	1	0
CP017039.1	3p	-	55	1972	2458	2281	2065	8776	27	75	20	19	4	1	2	5	6	0	2	11	0	0	0	0	0	0	0	0	0
CP017039.1	3p	-	56	1810	2357	2340	1888	8395	25	79	16	20	4	3	1	5	2	5	3	16	0	0	2	1	0	0	0	0	0
CP017039.1	3p	-	57	1757	2289	2065	1884	7995	26	82	17	16	1	5	6	4	3	1	2	9	1	1	0	0	0	0	0	0	0
CP017039.1	3p	-	58	1701	2122	1993	1796	7612	24	68	16	9	2	0	3	4	1	1	4	8	0	1	1	0	0	0	0	0	0
CP017039.1	3p	-	59	1601	2013	2059	1609	7282	37	64	19	17	1	2	4	9	3	1	3	6	0	0	0	1	0	0	0	0	0
CP017039.1	3p	-	60	1496	2036	1826	1613	6971	21	80	15	9	6	2	4	6	0	1	9	6	0	0	1	0	0	0	0	1	0
CP017039.1	3p	-	61	1494	1843	1791	1524	6652	22	59	13	16	1	2	0	4	3	2	6	6	0	0	0	1	0	0	0	0	0
CP017039.1	3p	-	62	1441	1727	1752	1445	6365	31	51	13	16	7	2	3	5	1	0	4	7	0	0	0	0	0	0	1	0	0
CP017039.1	3p	-	63	1285	1783	1638	1384	6090	14	60	15	16	5	2	2	7	2	1	3	1	0	0	0	0	0	0	0	0	0
CP017039.1	3p	-	64	1379	1553	1574	1313	5819	17	38	14	12	2	1	1	5	3	1	2	3	0	0	0	1	2	0	0	0	0
CP017039.1	3p	-	65	1217	1602	1498	1236	5553	11	55	11	12	3	6	1	6	1	0	3	2	0	0	0	0	1	0	0	0	0
CP017039.1	3p	-	66	1117	1527	1440	1210	5294	22	50	11	12	3	1	2	2	2	0	3	1	0	0	0	0	0	0	0	0	0
CP017039.1	3p	-	67	1067	1398	1401	1174	5040	14	48	11	12	0	1	2	1	1	0	6	5	0	0	1	0	0	0	0	1	0
CP017039.1	3p	-	68	1014	1409	1320	1062	4805	17	50	8	14	2	0	1	7	1	3	4	5	0	1	0	0	0	0	0	0	0
CP017039.1	3p	-	69	949	1346	1226	1079	4600	12	37	7	11	4	3	1	4	1	1	5	5	0	0	0	0	0	0	0	0	0
CP017039.1	3p	-	70	979	1192	1139	1096	4406	16	40	8	4	4	5	3	0	1	0	3	5	1	1	0	0	0	0	0	0	0
CP017039.1	5p	+	1	5687	7102	4596	5915	23300	58	660	55	70	19	16	13	14	14	9	34	39	0	0	0	0	0	0	0	0	0
CP017039.1	5p	+	2	5351	6736	5666	5547	23300	70	424	60	71	13	13	17	27	15	24	25	25	2	1	0	1	0	0	0	0	0
CP017039.1	5p	+	3	5489	6745	6357	4703	23294	87	280	62	73	13	10	17	26	18	10	26	33	2	1	4	0	0	2	3	1	0
CP017039.1	5p	+	4	5640	6631	5762	5263	23296	75	277	52	61	16	8	18	17	8	12	14	24	1	1	0	1	1	0	1	2	0
CP017039.1	5p	+	5	5161	6641	6226	5267	23295	75	256	50	84	12	16	18	20	12	7	23	28	0	3	0	2	0	3	1	1	0
CP017039.1	5p	+	6	4923	6657	6590	5121	23291	74	243	73	61	21	10	11	23	8	7	22	37	3	0	0	1	2	3	2	2	0
CP017039.1	5p	+	7	4988	6579	6394	5334	23295	72	203	48	70	16	7	12	24	8	9	34	21	2	2	1	0	0	3	2	0	0
CP017039.1	5p	+	8	4755	6942	6420	5176	23293	90	187	59	75	14	7	16	22	6	6	29	35	0	1	1	0	1	0	3	3	0
CP017039.1	5p	+	9	4864	6879	6595	4959	23297	75	202	67	58	16	6	17	28	17	9	19	26	1	0	2	0	2	1	0	0	0
CP017039.1	5p	+	10	4849	6707	6568	5174	23298	71	164	51	58	11	4	15	24	14	11	15	26	0	1	1	1	0	0	0	2	0
CP017039.1	5p	+	11	4714	7128	6578	4876	23296	102	170	48	61	15	9	18	28	9	14	16	27	2	1	0	1	1	0	3	0	0
CP017039.1	5p	+	12	4803	6783	6927	4779	23292	94	186	69	52	18	8	23	28	16	10	26	19	2	0	2	1	2	3	1	2	0
CP017039.1	5p	+	13	4962	6837	6606	4893	23298	70	141	56	52	18	9	8	23	11	14	23	29	2	1	3	1	0	1	1	0	0
CP017039.1	5p	+	14	4580	7143	6697	4878	23298	68	162	58	52	18	6	19	27	17	8	24	26	1	1	1	2	1	1	0	0	0
CP017039.1	5p	+	15	4761	6812	7005	4721	23299	84	148	77	66	12	8	10	30	13	8	18	22	1	0	0	2	0	1	0	0	0
CP017039.1	5p	+	16	4837	6940	6590	4932	23299	79	149	51	44	14	11	16	24	11	10	14	19	0	5	1	0	0	0	0	1	0
CP017039.1	5p	+	17	4566	7129	6759	4844	23298	93	150	50	72	7	6	19	30	10	12	12	18	2	2	2	0	0	2	0	0	0
CP017039.1	5p	+	18	4700	6896	7154	4548	23298	92	147	63	51	16	10	19	18	9	9	25	21	1	0	0	1	1	0	1	0	0
CP017039.1	5p	+	19	4896	6935	6723	4745	23299	88	127	52	59	13	6	9	23	16	7	15	18	0	0	2	2	0	1	0	0	0
CP017039.1	5p	+	20	4672	7106	6850	4669	23297	99	117	57	71	18	10	16	27	9	4	25	30	3	1	0	0	0	0	2	1	0
CP017039.1	5p	+	21	4738	6827	7144	4588	23297	92	120	64	52	11	13	22	36	10	8	17	30	0	1	1	1	3	0	0	0	0
CP017039.1	5p	+	22	4947	6796	6741	4815	23299	103	124	49	64	19	8	15	14	13	6	16	15	0	1	0	2	0	0	1	0	0
CP017039.1	5p	+	23	4689	7055	6780	4775	23299	109	125	55	57	14	6	17	23	20	6	23	30	0	1	1	1	1	0	0	0	0
CP017039.1	5p	+	24	4788	6803	7107	4601	23299	115	116	56	76	10	4	24	37	20	2	14	32	0	0	2	3	0	1	0	0	0
CP017039.1	5p	+	25	5078	6810	6629	4781	23298	124	110	54	51	10	8	13	28	9	5	16	28	2	0	1	0	1	0	0	1	0
CP017039.1	5p	+	26	4731	6911	6825	4831	23298	155	131	55	43	7	13	22	23	13	8	20	23	2	0	0	1	0	1	1	0	0
CP017039.1	5p	+	27	4965	6633	7034	4665	23297	138	120	70	61	10	11	18	30	13	9	16	22	0	0	1	2	1	1	1	0	0
CP017039.1	5p	+	28	5102	6551	6722	4924	23299	134	100	52	52	12	10	21	17	10	10	14	24	0	0	1	1	0	0	0	1	0
CP017039.1	5p	+	29	4977	6889	6647	4785	23298	146	125	66	69	12	10	14	26	13	6	13	25	1	0	1	1	0	0	0	2	0
CP017039.1	5p	+	30	4954	6484	7119	4740	23297	180	104	73	60	15	8	23	30	14	6	11	26	0	1	0	0	2	0	1	0	0
CP017039.1	5p	+	31	4935	6338	6492	4911	22676	168	105	47	43	8	14	10	27	4	6	9	20	2	0	1	1	1	0	0	0	0
CP017039.1	5p	+	32	4792	6306	6313	4621	22032	179	96	53	56	7	4	16	25	10	12	18	24	0	0	0	1	1	1	0	1	0
CP017039.1	5p	+	33	4678	6090	6211	4380	21359	189	95	57	67	13	8	20	24	9	5	5	14	1	1	0	2	0	1	1	0	0
CP017039.1	5p	+	34	4513	5780	5833	4569	20695	159	66	46	52	7	6	14	17	15	7	13	13	2	0	1	2	0	0	0	0	0
CP017039.1	5p	+	35	4218	5704	5863	4187	19972	170	100	42	56	7	11	14	27	12	8	14	10	1	0	2	0	0	0	1	0	0
CP017039.1	5p	+	36	4252	5413	5729	3900	19294	174	89	48	49	8	4	17	22	10	6	9	26	0	0	0	0	1	1	1	2	0
CP017039.1	5p	+	37	4186	5099	5234	4109	18628	157	78	44	37	9	5	12	15	7	9	11	9	0	0	1	0	1	0	1	1	0
CP017039.1	5p	+	38	3932	5154	5087	3781	17954	147	88	43	50	5	5	15	18	10	3	7	13	0	1	0	1	1	0	0	0	0
CP017039.1	5p	+	39	3853	4801	5098	3564	17316	160	61	52	41	7	7	11	30	15	8	8	10	0	0	2	1	0	0	1	0	0
CP017039.1	5p	+	40	3779	4592	4648	3658	16677	132	72	37	29	8	5	10	20	13	3	3	9	1	0	2	0	0	0	0	0	0
CP017039.1	5p	+	41	3487	4524	4617	3427	16055	146	63	27	37	5	6	21	21	3	5	4	8	2	1	1	1	2	0	0	0	0
CP017039.1	5p	+	42	3557	4186	4521	3205	15469	147	80	36	43	7	6	15	21	4	5	11	21	0	0	1	0	0	0	0	0	0
CP017039.1	5p	+	43	3326	4095	4220	3202	14843	119	59	31	31	9	8	10	17	11	7	10	16	0	0	0	0	0	0	0	0	0
CP017039.1	5p	+	44	3055	4014	4115	3045	14229	143	57	30	34	10	5	12	16	5	8	3	14	0	0	1	0	0	0	0	0	0
CP017039.1	5p	+	45	2962	3745	4080	2801	13588	112	59	29	44	5	5	21	11	10	4	9	22	0	1	0	1	0	0	0	0	0
CP017039.1	5p	+	46	2951	3548	3663	2834	12996	105	51	33	32	10	4	8	19	7	5	5	14	0	0	0	0	0	0	0	0	0
CP017039.1	5p	+	47	2839	3436	3522	2634	12431	126	53	35	23	3	6	13	18	4	3	6	17	0	0	0	1	2	0	0	0	0
CP017039.1	5p	+	48	2620	3229	3514	2546	11909	102	52	17	28	6	2	7	17	9	11	6	11	0	0	0	0	0	0	0	0	0
CP017039.1	5p	+	49	2674	3084	3176	2435	11369	104	27	17	11	6	6	7	7	10	2	5	11	0	1	0	0	0	1	0	0	0
CP017039.1	5p	+	50	2427	3022	3076	2350	10875	98	34	26	25	3	7	3	14	7	1	8	8	0	1	0	1	0	0	0	0	0
CP017039.1	5p	+	51	2371	2837	3031	2211	10450	90	34	26	17	6	2	2	12	2	2	4	7	0	0	1	0	1	0	0	1	0
CP017039.1	5p	+	52	2246	2748	2782	2207	9983	98	41	28	18	1	3	3	12	7	4	7	4	0	0	0	2	0	0	0	0	0
CP017039.1	5p	+	53	2063	2691	2720	2057	9531	84	44	25	13	5	1	9	11	1	5	2	5	0	0	0	0	0	0	0	0	0
CP017039.1	5p	+	54	2074	2415	2643	1997	9129	97	35	17	15	3	5	3	12	1	4	1	9	1	0	0	0	0	0	0	0	0
CP017039.1	5p	+	55	2003	2333	2505	1869	8710	80	34	22	19	2	0	4	11	3	2	5	0	1	0	0	0	0	0	0	0	0
CP017039.1	5p	+	56	1914	2262	2347	1782	8305	73	34	20	16	9	5	4	13	1	0	2	8	0	0	0	0	0	0	1	0	0
CP017039.1	5p	+	57	1879	2138	2245	1683	7945	82	26	14	24	6	5	2	9	3	5	1	9	0	2	0	0	1	0	0	0	0
CP017039.1	5p	+	58	1747	2010	2111	1675	7543	72	21	19	22	1	0	4	8	4	2	4	5	0	0	0	0	0	0	0	0	0
CP017039.1	5p	+	59	1608	1958	2049	1564	7179	63	14	17	15	3	3	4	11	4	3	2	8	0	1	0	0	0	0	0	1	0
CP017039.1	5p	+	60	1535	1868	1966	1511	6880	66	28	17	14	4	0	3	7	2	5	0	7	0	0	0	0	1	0	0	0	0
CP017039.1	5p	+	61	1533	1712	1862	1451	6558	59	28	11	16	5	2	2	7	1	3	5	5	0	0	0	0	0	0	0	0	0
CP017039.1	5p	+	62	1368	1767	1734	1384	6253	73	22	14	15	5	1	5	11	5	1	2	2	0	0	0	0	0	0	0	0	0
CP017039.1	5p	+	63	1295	1625	1743	1279	5942	55	8	9	15	5	3	2	7	0	2	5	3	0	0	0	0	0	0	0	1	0
CP017039.1	5p	+	64	1357	1544	1533	1238	5672	65	14	14	10	2	2	1	9	5	0	3	4	0	0	1	0	0	0	0	0	0
CP017039.1	5p	+	65	1236	1456	1525	1160	5377	57	24	12	12	4	2	1	7	0	2	2	4	0	0	0	0	0	0	0	0	0
CP017039.1	5p	+	66	1188	1373	1484	1081	5126	48	19	12	14	2	1	6	4	0	1	2	5	0	0	1	0	0	0	0	0	0
CP017039.1	5p	+	67	1115	1278	1416	1098	4907	44	17	12	11	0	2	4	4	1	1	2	2	0	0	0	0	1	0	0	0	0
CP017039.1	5p	+	68	1038	1294	1334	1017	4683	47	15	7	9	4	0	1	3	3	0	1	3	0	0	0	0	0	0	0	0	0
CP017039.1	5p	+	69	1031	1202	1272	979	4484	52	11	5	10	1	1	3	7	3	3	3	6	0	0	0	0	0	0	0	0	0
CP017039.1	5p	+	70	1009	1157	1153	952	4271	43	14	7	6	0	1	3	2	1	1	2	1	0	0	0	0	0	0	0	0	0
CP017039.1	5p	-	1	5617	7049	4654	6127	23447	72	614	62	59	27	20	14	30	6	15	45	43	0	0	0	0	0	0	0	0	1
CP017039.1	5p	-	2	5393	6719	5930	5404	23446	80	414	64	69	17	18	14	28	15	16	33	32	0	0	0	1	0	0	0	1	0
CP017039.1	5p	-	3	5486	6674	6490	4797	23447	86	291	75	68	13	13	14	31	10	18	24	26	0	0	0	1	0	0	0	0	0
CP017039.1	5p	-	4	5562	6622	5809	5453	23446	74	251	46	48	11	8	14	22	14	10	13	31	0	0	0	1	0	0	0	1	0
CP017039.1	5p	-	5	4995	6834	6387	5227	23443	94	265	60	64	16	7	17	26	12	12	29	26	0	1	1	1	0	3	1	0	0
CP017039.1	5p	-	6	5068	6649	6645	5081	23443	67	229	59	57	15	6	18	31	11	13	31	31	1	0	2	2	1	2	1	0	0
CP017039.1	5p	-	7	5009	6640	6406	5387	23442	77	220	43	43	10	7	9	21	9	8	20	17	0	2	1	0	1	2	1	1	0
CP017039.1	5p	-	8	4611	7113	6512	5206	23442	88	210	46	60	11	11	11	20	16	9	25	28	1	2	1	0	2	1	1	1	0
CP017039.1	5p	-	9	4934	6786	6765	4959	23444	93	170	64	61	17	8	16	27	5	12	31	24	0	0	1	1	1	2	0	0	0
CP017039.1	5p	-	10	4889	6795	6540	5220	23444	79	191	48	56	14	4	26	26	10	8	25	28	0	2	1	2	0	0	2	1	0
CP017039.1	5p	-	11	4717	7043	6707	4977	23444	102	171	55	80	10	10	21	17	18	7	21	23	2	1	2	0	0	2	0	1	0
CP017039.1	5p	-	12	4756	6877	6935	4876	23444	81	183	68	63	14	11	15	27	11	7	18	28	1	0	1	0	0	1	1	1	0
CP017039.1	5p	-	13	4878	6870	6640	5056	23444	89	149	46	44	7	10	13	32	9	4	11	19	2	1	0	0	1	0	0	2	0
CP017039.1	5p	-	14	4599	7206	6751	4887	23443	98	147	62	78	7	6	15	26	16	9	21	20	0	2	0	1	1	1	1	1	0
CP017039.1	5p	-	15	4718	6907	7038	4782	23445	97	124	60	65	7	3	14	20	10	8	16	27	0	1	1	1	0	1	0	1	0
CP017039.1	5p	-	16	4799	6765	6802	5080	23446	97	140	54	53	18	8	12	25	12	6	16	27	0	0	1	0	0	1	0	0	0
CP017039.1	5p	-	17	4562	7137	6904	4842	23445	90	148	57	62	15	10	19	21	16	3	21	28	2	0	0	0	0	1	1	0	0
CP017039.1	5p	-	18	4811	6790	7108	4737	23446	108	123	60	53	15	4	14	23	14	10	21	20	0	0	0	1	0	0	1	0	0
CP017039.1	5p	-	19	4751	6874	6747	5074	23446	86	124	57	51	13	8	10	18	8	8	12	22	0	1	3	1	0	0	0	1	0
CP017039.1	5p	-	20	4456	7096	6931	4964	23447	97	154	64	66	12	11	17	32	10	3	21	26	0	2	2	0	0	0	0	0	0
CP017039.1	5p	-	21	4749	6858	7084	4755	23446	129	134	70	55	7	6	14	19	4	7	13	19	3	1	0	3	1	0	0	0	0
CP017039.1	5p	-	22	4822	6805	6798	5018	23443	101	100	50	49	14	5	15	15	10	10	15	17	2	1	0	1	3	1	0	0	0
CP017039.1	5p	-	23	4635	7120	6894	4797	23446	138	117	68	52	7	7	19	27	9	2	22	23	0	0	1	2	1	0	0	0	0
CP017039.1	5p	-	24	4930	6696	7080	4741	23447	122	110	45	71	15	9	20	15	14	8	15	19	0	0	0	1	0	0	0	0	0
CP017039.1	5p	-	25	5017	6731	6761	4936	23445	129	107	46	60	11	12	14	24	13	10	19	17	0	0	1	1	0	1	1	0	0
CP017039.1	5p	-	26	4761	6933	6842	4909	23445	120	118	72	65	8	7	22	20	12	10	25	22	1	1	0	0	0	0	1	1	0
CP017039.1	5p	-	27	4859	6660	7112	4814	23445	170	122	74	60	10	16	21	25	21	6	13	22	0	2	0	0	0	1	0	1	0
CP017039.1	5p	-	28	5114	6628	6736	4966	23444	147	119	46	55	6	10	15	28	8	11	16	23	2	1	0	0	1	2	0	0	0
CP017039.1	5p	-	29	4846	6784	6875	4942	23447	150	97	62	55	14	7	19	24	17	11	23	20	1	3	1	0	0	0	0	0	0
CP017039.1	5p	-	30	5016	6432	7144	4854	23446	196	108	63	66	12	15	22	24	16	6	21	29	1	0	1	0	1	0	0	0	0
CP017039.1	5p	-	31	4973	6386	6638	4877	22874	171	86	54	45	11	8	7	28	12	11	16	19	0	0	0	1	1	1	1	1	0
CP017039.1	5p	-	32	4649	6434	6443	4672	22198	173	96	71	65	12	6	16	21	4	3	14	22	0	0	0	2	1	0	1	0	0
CP017039.1	5p	-	33	4668	5949	6417	4489	21523	182	75	55	54	9	8	21	33	12	6	13	21	1	0	2	0	1	3	0	1	0
CP017039.1	5p	-	34	4562	5725	5986	4535	20808	143	76	54	45	5	7	23	29	7	8	8	16	0	0	0	2	1	1	0	0	0
CP017039.1	5p	-	35	4178	5802	5791	4367	20138	144	80	41	52	12	6	19	21	13	6	10	18	0	0	2	0	2	2	0	0	0
CP017039.1	5p	-	36	4318	5296	5787	4055	19456	159	72	47	45	7	6	14	20	7	6	6	19	2	0	1	0	0	1	2	0	0
CP017039.1	5p	-	37	4306	4952	5335	4213	18806	143	66	41	36	5	7	8	22	11	7	10	20	0	0	0	0	1	0	0	0	0
CP017039.1	5p	-	38	3858	5182	5199	3925	18164	126	92	42	44	5	9	11	17	10	4	13	15	1	1	0	0	0	0	0	1	0
CP017039.1	5p	-	39	3899	4742	5108	3732	17481	135	81	37	41	7	4	16	20	7	2	12	10	0	2	0	2	1	0	0	0	0
CP017039.1	5p	-	40	3828	4561	4729	3733	16851	153	65	45	36	13	5	11	15	10	4	4	15	0	1	1	1	0	1	0	0	0
CP017039.1	5p	-	41	3458	4636	4652	3474	16220	156	68	35	40	8	7	16	18	12	6	8	21	0	1	1	1	1	0	0	0	0
CP017039.1	5p	-	42	3492	4299	4599	3241	15631	135	68	45	30	7	4	10	23	10	3	12	12	0	0	0	0	1	1	0	0	0
CP017039.1	5p	-	43	3469	4042	4194	3272	14977	125	58	42	28	4	4	5	14	8	5	6	11	0	1	0	0	0	1	0	0	0
CP017039.1	5p	-	44	3105	3979	4210	3068	14362	131	42	39	44	1	2	11	17	7	7	5	17	0	1	0	0	0	0	0	0	0
CP017039.1	5p	-	45	3082	3711	4054	2898	13745	135	44	36	35	9	3	11	15	8	2	11	8	2	0	1	0	0	0	1	0	0
CP017039.1	5p	-	46	2993	3520	3609	3029	13151	124	52	23	27	11	3	9	17	5	8	2	16	1	0	2	0	0	0	0	1	0
CP017039.1	5p	-	47	2672	3468	3579	2837	12556	130	38	29	31	8	3	12	21	9	0	8	10	1	1	1	0	0	0	1	0	0
CP017039.1	5p	-	48	2736	3252	3438	2587	12013	131	45	23	29	7	7	1	9	4	3	3	11	0	0	1	2	0	0	0	0	0
CP017039.1	5p	-	49	2582	3135	3126	2634	11477	107	36	18	18	3	6	10	14	2	5	3	6	1	0	0	0	0	1	0	0	0
CP017039.1	5p	-	50	2374	2956	3266	2354	10950	118	35	26	29	5	1	7	11	4	0	5	7	0	1	2	1	0	0	0	0	0
CP017039.1	5p	-	51	2402	2795	3097	2159	10453	99	29	21	19	7	3	7	10	5	2	3	8	0	2	1	1	2	0	1	0	0
CP017039.1	5p	-	52	2342	2655	2728	2268	9993	78	38	19	15	2	1	6	6	5	5	4	9	0	0	1	0	0	0	0	0	0
CP017039.1	5p	-	53	2041	2692	2682	2137	9552	74	35	16	23	4	2	4	12	3	4	2	5	1	1	0	0	0	1	0	0	0
CP017039.1	5p	-	54	2094	2499	2666	1903	9162	86	31	21	27	6	2	10	9	2	2	5	9	1	0	0	0	0	0	0	0	0
CP017039.1	5p	-	55	1906	2391	2468	2010	8775	80	31	13	18	4	4	3	12	4	4	0	5	1	0	0	0	0	0	1	0	0
CP017039.1	5p	-	56	1824	2345	2371	1854	8394	87	34	16	26	5	4	9	8	1	2	1	6	0	0	0	0	0	0	0	1	0
CP017039.1	5p	-	57	1834	2082	2386	1692	7994	70	28	14	15	7	2	2	6	6	7	3	5	0	0	3	0	0	1	0	0	0
CP017039.1	5p	-	58	1743	1957	2196	1716	7612	83	31	18	19	3	1	1	7	7	5	1	9	1	0	1	1	0	0	0	0	0
CP017039.1	5p	-	59	1626	2021	2058	1577	7282	63	32	23	18	3	0	4	9	5	7	3	6	0	0	0	2	0	0	0	0	0
CP017039.1	5p	-	60	1558	1871	2041	1501	6971	61	17	23	18	4	0	5	9	3	2	1	7	1	1	0	1	0	1	0	0	0
CP017039.1	5p	-	61	1501	1772	1865	1514	6652	79	32	10	12	1	3	1	6	3	1	2	7	0	1	1	0	0	0	0	0	0
CP017039.1	5p	-	62	1405	1783	1773	1405	6366	60	23	21	13	3	2	2	5	2	0	2	7	1	1	0	0	0	0	0	0	0
CP017039.1	5p	-	63	1418	1589	1777	1305	6089	58	19	15	19	2	1	5	5	1	2	1	5	0	0	1	0	0	0	0	1	0
CP017039.1	5p	-	64	1377	1548	1529	1365	5819	47	16	8	12	5	1	3	8	4	2	2	5	0	1	0	0	0	1	0	1	0
CP017039.1	5p	-	65	1216	1506	1585	1247	5554	68	18	13	17	2	0	5	3	3	2	2	6	0	1	0	0	0	0	0	0	0
CP017039.1	5p	-	66	1213	1406	1541	1134	5294	56	13	13	9	3	1	5	7	1	0	3	4	0	0	0	1	0	0	0	0	0
CP017039.1	5p	-	67	1160	1300	1482	1099	5041	44	9	8	10	2	3	3	8	3	1	5	3	0	0	0	0	0	0	0	0	0
CP017039.1	5p	-	68	1042	1299	1391	1073	4805	38	15	15	7	0	2	5	8	1	2	0	3	0	0	0	0	0	0	0	0	0
CP017039.1	5p	-	69	1057	1223	1337	983	4600	48	14	9	10	2	1	2	5	3	4	2	4	0	0	0	0	0	0	0	0	0
CP017039.1	5p	-	70	995	1182	1220	1009	4406	45	11	10	9	0	1	1	5	2	1	3	3	0	0	0	0	0	0	0	0	0
