# table produced by mapDamage version 2.2.3
# using mapped file /mnt/archgen/microbiome_calculus/library_ds_vs_ss/04-analysis/normalize_kraken/mapping/lautropia_mirabilis/mapDamage2_ssLibs/input/GOY006.A0102.SG1.5_5M.mapped_l_mirabilis_q25l30_rmdup.bam and /mnt/archgen/microbiome_calculus/library_ds_vs_ss/04-analysis/normalize_kraken/mapping/lautropia_mirabilis/input/GCF_900637555.1_51726_E01_genomic.fna as reference file
# Chr: reference from sam/bam header, End: from which termini of DNA sequences, Std: strand of reads
Chr	End	Std	Pos	A	C	G	T	Total	G>A	C>T	A>G	T>C	A>C	A>T	C>G	C>A	T>G	T>A	G>C	G>T	A>-	T>-	C>-	G>-	->A	->T	->C	->G	S
NZ_LR134378.1	3p	+	1	2799	5589	3631	2750	14769	75	863	56	91	15	12	40	24	15	11	57	35	0	0	0	0	0	0	0	0	0
NZ_LR134378.1	3p	+	2	3363	5008	4254	2144	14769	96	627	61	62	8	14	36	33	13	11	45	19	0	0	0	0	0	0	0	0	0
NZ_LR134378.1	3p	+	3	2878	4751	4723	2417	14769	105	565	92	62	14	12	55	27	12	9	62	31	0	0	0	0	0	0	0	0	0
NZ_LR134378.1	3p	+	4	2746	5102	4293	2628	14769	90	516	65	62	16	5	35	27	14	6	52	25	0	0	0	0	0	0	0	0	0
NZ_LR134378.1	3p	+	5	3034	4676	4325	2734	14769	96	429	73	71	24	8	41	23	8	11	40	30	0	0	0	1	0	0	0	0	0
NZ_LR134378.1	3p	+	6	2728	4913	4622	2502	14765	102	371	80	69	15	11	46	21	18	8	65	33	0	1	0	2	0	2	1	1	0
NZ_LR134378.1	3p	+	7	2655	5041	4327	2743	14766	69	354	72	86	12	11	31	28	7	9	63	36	0	0	1	5	0	2	0	1	0
NZ_LR134378.1	3p	+	8	2705	4817	4292	2952	14766	82	303	78	62	10	1	43	19	17	9	60	24	3	0	0	2	2	0	0	1	0
NZ_LR134378.1	3p	+	9	2641	4880	4609	2635	14765	92	291	63	86	20	12	45	16	6	4	83	30	0	3	4	12	2	1	1	0	0
NZ_LR134378.1	3p	+	10	2585	4975	4418	2787	14765	68	260	60	70	14	9	37	30	13	9	72	25	1	3	2	10	2	2	0	0	0
NZ_LR134378.1	3p	+	11	2793	4811	4495	2670	14769	81	234	64	55	16	10	38	15	9	6	73	24	1	3	1	8	0	0	0	0	0
NZ_LR134378.1	3p	+	12	2585	4922	4703	2558	14768	80	258	88	94	19	6	30	22	18	6	72	25	1	1	6	9	0	0	1	0	0
NZ_LR134378.1	3p	+	13	2621	5123	4424	2599	14767	64	245	66	84	15	11	45	27	17	2	64	26	0	2	3	7	0	1	1	0	0
NZ_LR134378.1	3p	+	14	2715	4694	4579	2777	14765	77	234	58	82	22	7	40	17	15	6	60	22	1	2	3	2	0	1	2	1	0
NZ_LR134378.1	3p	+	15	2575	4822	4875	2495	14767	89	210	73	80	12	7	48	25	22	6	50	22	0	0	4	7	1	0	0	1	0
NZ_LR134378.1	3p	+	16	2506	5141	4539	2581	14767	90	204	58	79	9	11	36	18	14	8	50	32	1	0	3	1	1	1	0	0	0
NZ_LR134378.1	3p	+	17	2682	4758	4635	2692	14767	80	192	71	77	13	14	37	24	11	9	49	18	0	3	1	2	0	1	1	0	0
NZ_LR134378.1	3p	+	18	2544	4881	4832	2512	14769	89	206	67	81	8	8	47	18	14	7	53	28	2	0	1	6	0	0	0	0	0
NZ_LR134378.1	3p	+	19	2561	4939	4647	2618	14765	92	224	74	71	14	8	42	23	15	5	43	29	2	0	1	9	1	1	0	2	0
NZ_LR134378.1	3p	+	20	2679	4857	4563	2667	14766	81	208	79	70	11	11	43	20	10	10	51	19	0	2	3	3	0	1	1	0	0
NZ_LR134378.1	3p	+	21	2501	5032	4804	2430	14767	78	217	82	79	13	10	51	19	11	7	55	28	0	0	0	6	0	0	2	0	0
NZ_LR134378.1	3p	+	22	2535	5094	4478	2660	14767	83	210	67	82	10	8	48	27	12	5	36	23	1	0	1	5	0	0	1	1	0
NZ_LR134378.1	3p	+	23	2708	4819	4553	2684	14764	83	192	68	66	9	4	40	20	8	9	42	27	2	0	0	2	0	1	2	1	0
NZ_LR134378.1	3p	+	24	2611	5024	4619	2512	14766	75	232	75	82	11	4	35	23	16	10	51	23	1	0	1	3	3	0	0	0	0
NZ_LR134378.1	3p	+	25	2477	5051	4550	2688	14766	85	233	78	79	14	8	46	31	15	8	55	18	0	2	1	0	1	0	1	1	0
NZ_LR134378.1	3p	+	26	2684	4774	4586	2723	14767	73	233	67	60	14	8	25	25	13	7	55	23	1	0	3	0	0	2	0	0	0
NZ_LR134378.1	3p	+	27	2548	5119	4618	2480	14765	86	290	54	80	15	6	47	22	13	9	47	22	1	1	1	3	1	0	2	1	0
NZ_LR134378.1	3p	+	28	2631	4957	4579	2601	14768	91	298	64	95	11	11	36	29	14	7	58	22	0	0	0	7	1	0	0	0	0
NZ_LR134378.1	3p	+	29	2855	4782	4490	2640	14767	93	318	65	74	12	11	39	18	13	13	54	27	1	2	0	1	1	0	1	0	0
NZ_LR134378.1	3p	+	30	2651	5204	4443	2467	14765	80	463	54	80	24	4	38	33	18	4	65	30	0	0	1	2	3	1	0	0	0
NZ_LR134378.1	3p	+	31	2440	4475	3934	2452	13301	70	396	60	74	17	9	26	19	12	7	50	22	0	0	0	1	1	0	1	0	0
NZ_LR134378.1	3p	+	32	2256	3966	3467	2226	11915	92	336	48	58	17	8	29	20	9	10	30	25	2	2	1	0	0	0	1	1	0
NZ_LR134378.1	3p	+	33	2010	3639	3219	1785	10653	61	277	49	52	21	9	34	17	8	4	34	19	1	0	0	4	0	0	1	0	0
NZ_LR134378.1	3p	+	34	1741	3355	2803	1691	9590	56	266	39	53	7	2	26	13	3	4	49	18	1	1	0	4	1	1	0	1	0
NZ_LR134378.1	3p	+	35	1650	2847	2545	1584	8626	60	252	40	43	9	2	21	11	6	3	30	12	2	1	0	3	2	0	0	0	0
NZ_LR134378.1	3p	+	36	1407	2660	2351	1321	7739	38	244	37	40	7	2	14	12	7	6	31	13	0	0	1	0	0	0	0	0	0
NZ_LR134378.1	3p	+	37	1308	2379	2065	1248	7000	37	200	35	35	5	6	26	8	5	4	22	21	0	0	0	4	0	0	1	1	0
NZ_LR134378.1	3p	+	38	1164	2141	1828	1189	6322	42	201	27	31	5	5	21	7	7	8	19	11	0	2	1	1	0	0	0	0	0
NZ_LR134378.1	3p	+	39	997	1939	1763	1015	5714	29	189	25	27	6	2	13	6	4	4	22	12	0	0	0	0	0	2	1	0	0
NZ_LR134378.1	3p	+	40	976	1802	1510	908	5196	30	145	18	30	4	4	12	11	3	2	17	5	0	0	0	1	0	0	0	0	0
NZ_LR134378.1	3p	+	41	926	1532	1387	876	4721	32	135	21	23	3	5	10	8	5	1	15	9	0	0	0	0	0	1	0	0	0
NZ_LR134378.1	3p	+	42	788	1460	1236	797	4281	26	156	28	35	3	4	7	8	3	4	12	6	0	0	0	1	0	0	0	1	0
NZ_LR134378.1	3p	+	43	677	1372	1054	702	3805	18	112	5	25	0	5	6	7	3	4	16	5	0	0	1	1	0	0	0	0	0
NZ_LR134378.1	3p	+	44	657	1061	984	624	3326	27	79	19	13	4	2	5	5	4	1	9	6	0	0	0	2	0	1	2	0	0
NZ_LR134378.1	3p	+	45	502	980	895	526	2903	15	95	15	18	2	4	4	5	1	5	6	9	0	0	0	0	0	0	2	0	0
NZ_LR134378.1	3p	+	46	467	886	719	481	2553	14	87	13	13	1	2	3	3	2	0	3	4	2	0	0	0	0	0	0	1	0
NZ_LR134378.1	3p	+	47	420	749	648	425	2242	9	44	9	11	4	2	5	5	1	1	9	3	0	0	2	0	0	0	1	0	0
NZ_LR134378.1	3p	+	48	374	706	598	341	2019	11	66	18	13	1	2	8	6	2	0	9	2	0	0	0	0	0	0	0	0	0
NZ_LR134378.1	3p	+	49	347	629	497	328	1801	12	54	2	6	3	0	3	2	0	2	8	5	0	0	0	0	0	0	0	0	0
NZ_LR134378.1	3p	+	50	320	539	444	276	1579	5	51	5	8	1	1	3	4	0	1	5	5	0	0	1	1	0	0	0	0	0
NZ_LR134378.1	3p	+	51	253	461	417	261	1392	8	45	9	4	2	2	3	1	2	0	4	0	0	0	0	0	0	0	0	0	0
NZ_LR134378.1	3p	+	52	246	406	352	228	1232	5	26	9	4	1	2	2	3	1	1	3	2	0	0	0	0	0	0	0	0	0
NZ_LR134378.1	3p	+	53	250	362	287	196	1095	3	24	6	3	0	1	0	2	2	0	4	3	0	0	0	0	0	0	1	0	0
NZ_LR134378.1	3p	+	54	175	316	308	178	977	6	24	6	6	0	0	2	2	1	0	4	1	1	0	0	0	0	0	0	0	0
NZ_LR134378.1	3p	+	55	170	294	250	175	889	8	22	5	4	0	1	4	0	2	0	3	0	0	0	0	0	0	0	0	0	0
NZ_LR134378.1	3p	+	56	145	278	218	150	791	2	21	1	5	0	1	2	1	1	1	1	1	0	0	0	0	0	0	0	0	0
NZ_LR134378.1	3p	+	57	119	258	218	113	708	3	22	2	3	3	1	4	0	0	1	2	0	0	0	0	0	0	0	0	0	0
NZ_LR134378.1	3p	+	58	135	201	178	121	635	1	17	2	10	1	0	0	0	0	0	3	1	0	0	0	0	0	0	0	0	0
NZ_LR134378.1	3p	+	59	103	202	168	96	569	0	15	0	2	0	1	1	0	1	0	2	1	0	0	0	0	0	0	0	0	0
NZ_LR134378.1	3p	+	60	93	179	154	90	516	8	18	2	6	0	0	1	0	1	0	0	2	0	0	0	0	0	0	0	0	0
NZ_LR134378.1	3p	+	61	94	152	131	93	470	2	9	3	1	1	0	1	1	0	0	1	0	0	0	0	0	0	0	0	0	0
NZ_LR134378.1	3p	+	62	91	141	109	87	428	0	9	2	2	0	1	2	1	0	1	1	0	0	0	0	0	0	0	0	0	0
NZ_LR134378.1	3p	+	63	74	138	105	77	394	1	15	5	1	0	0	0	0	0	1	1	0	0	0	0	0	0	0	0	0	0
NZ_LR134378.1	3p	+	64	69	125	102	64	360	0	6	0	2	0	0	0	1	0	0	4	1	0	0	0	0	0	0	0	0	0
NZ_LR134378.1	3p	+	65	51	111	88	72	322	1	13	0	3	0	0	0	0	0	0	0	1	0	0	0	0	0	0	0	0	0
NZ_LR134378.1	3p	+	66	52	93	99	53	297	3	6	1	5	1	0	0	1	0	0	0	0	0	0	0	0	0	0	0	0	0
NZ_LR134378.1	3p	+	67	48	93	70	54	265	2	7	2	2	1	0	2	0	0	0	2	0	0	0	0	0	0	0	0	0	0
NZ_LR134378.1	3p	+	68	52	77	66	47	242	1	4	0	2	0	0	0	2	0	0	1	0	0	0	0	0	0	0	0	0	0
NZ_LR134378.1	3p	+	69	45	62	64	37	208	2	9	2	2	0	0	1	0	0	0	0	0	0	0	0	0	0	0	0	0	0
NZ_LR134378.1	3p	+	70	35	62	44	46	187	1	3	0	0	0	0	0	0	0	1	0	0	0	0	0	0	0	0	0	0	0
NZ_LR134378.1	3p	-	1	2828	5713	3699	2717	14957	89	909	70	86	20	13	40	34	9	12	77	40	0	0	0	0	0	0	0	0	0
NZ_LR134378.1	3p	-	2	3379	5039	4319	2220	14957	102	583	74	65	13	10	37	35	9	15	35	32	0	0	0	0	0	0	0	0	0
NZ_LR134378.1	3p	-	3	2824	4783	4799	2550	14956	95	596	81	67	19	11	46	16	19	11	56	30	1	0	0	0	0	0	0	1	0
NZ_LR134378.1	3p	-	4	2819	5092	4338	2708	14957	89	508	58	82	11	10	48	26	14	10	41	32	0	0	0	1	0	0	0	0	0
NZ_LR134378.1	3p	-	5	2908	4721	4564	2761	14954	100	461	68	68	10	8	44	19	10	10	61	28	0	1	1	0	0	0	0	3	0
NZ_LR134378.1	3p	-	6	2728	4964	4663	2601	14956	83	407	79	83	16	13	34	29	14	5	89	22	1	1	0	3	0	0	1	0	0
NZ_LR134378.1	3p	-	7	2765	4965	4447	2775	14952	89	375	51	75	13	10	40	26	14	8	55	30	1	1	1	1	2	2	0	1	0
NZ_LR134378.1	3p	-	8	2919	4810	4485	2738	14952	85	322	65	65	14	6	42	21	12	9	67	23	1	0	2	4	1	1	2	1	0
NZ_LR134378.1	3p	-	9	2616	4965	4609	2766	14956	92	335	80	103	21	11	38	24	11	7	56	33	1	0	2	3	0	1	0	0	0
NZ_LR134378.1	3p	-	10	2571	5107	4497	2782	14957	85	282	76	70	15	12	32	24	11	5	61	29	0	1	2	6	0	0	0	0	0
NZ_LR134378.1	3p	-	11	2689	4825	4617	2825	14956	75	243	68	65	17	9	40	16	10	12	70	29	2	2	3	9	0	0	0	1	0
NZ_LR134378.1	3p	-	12	2564	4986	4775	2630	14955	100	252	67	74	19	10	57	14	9	11	78	27	0	4	2	8	0	1	1	0	0
NZ_LR134378.1	3p	-	13	2522	5099	4612	2718	14951	84	239	64	69	10	13	53	21	6	10	60	27	2	1	2	2	1	1	1	3	0
NZ_LR134378.1	3p	-	14	2713	4779	4643	2820	14955	74	212	79	82	18	9	37	27	15	3	54	21	0	0	3	5	0	0	1	1	0
NZ_LR134378.1	3p	-	15	2541	5001	4835	2576	14953	89	205	90	67	10	9	49	19	12	10	60	35	0	0	3	5	0	0	1	3	0
NZ_LR134378.1	3p	-	16	2496	5091	4707	2659	14953	75	215	70	67	6	7	49	22	18	8	58	24	0	1	1	3	1	2	0	1	0
NZ_LR134378.1	3p	-	17	2663	4990	4528	2773	14954	78	198	57	71	20	7	36	16	19	9	54	28	0	0	0	4	0	1	0	2	0
NZ_LR134378.1	3p	-	18	2560	4946	4911	2537	14954	91	202	73	89	16	9	44	21	15	5	53	22	1	0	1	3	0	2	0	1	0
NZ_LR134378.1	3p	-	19	2584	4997	4652	2722	14955	75	196	65	76	18	11	34	18	18	8	49	14	1	0	1	0	2	0	0	0	0
NZ_LR134378.1	3p	-	20	2692	4844	4630	2785	14951	86	175	64	51	10	4	29	23	13	7	57	25	1	1	0	2	2	2	1	1	0
NZ_LR134378.1	3p	-	21	2587	5018	4778	2567	14950	101	224	104	70	18	11	46	17	9	12	55	29	2	0	0	4	2	1	0	3	0
NZ_LR134378.1	3p	-	22	2563	5145	4562	2684	14954	74	211	71	88	18	11	30	20	17	7	57	30	0	2	4	2	1	1	1	0	0
NZ_LR134378.1	3p	-	23	2786	4840	4596	2727	14949	94	192	81	51	15	4	38	17	9	7	59	27	2	0	0	1	3	3	0	2	0
NZ_LR134378.1	3p	-	24	2567	5050	4813	2523	14953	103	241	77	73	10	11	46	26	9	7	67	32	2	0	4	3	1	1	2	0	0
NZ_LR134378.1	3p	-	25	2588	5011	4641	2713	14953	87	241	75	74	10	9	44	17	13	5	55	27	4	0	0	4	1	1	1	1	0
NZ_LR134378.1	3p	-	26	2677	4904	4590	2782	14953	69	240	63	61	16	7	49	26	16	9	53	20	2	1	0	2	0	1	2	1	0
NZ_LR134378.1	3p	-	27	2574	5007	4757	2616	14954	99	285	74	75	17	5	44	24	19	7	56	34	0	1	1	3	0	1	0	2	0
NZ_LR134378.1	3p	-	28	2617	5079	4583	2677	14956	77	315	60	72	11	14	37	25	9	12	63	26	1	1	5	2	0	0	0	1	0
NZ_LR134378.1	3p	-	29	2792	4904	4541	2718	14955	77	339	71	74	15	12	30	19	10	11	51	31	3	2	0	2	1	0	1	0	0
NZ_LR134378.1	3p	-	30	2655	5187	4522	2590	14954	100	425	76	88	19	5	44	29	14	9	59	34	2	1	3	1	0	1	1	1	0
NZ_LR134378.1	3p	-	31	2419	4635	3941	2513	13508	93	390	75	63	15	8	33	17	6	3	53	18	0	0	1	0	0	1	0	0	0
NZ_LR134378.1	3p	-	32	2351	4042	3436	2360	12189	62	356	58	57	18	11	31	23	10	3	40	24	0	0	1	1	0	0	1	1	0
NZ_LR134378.1	3p	-	33	1902	3694	3347	1957	10900	64	326	53	70	16	9	33	21	10	7	44	25	0	1	0	2	0	0	0	0	0
NZ_LR134378.1	3p	-	34	1750	3348	2876	1794	9768	46	304	49	45	11	7	24	12	6	4	33	21	1	1	1	3	1	0	0	2	0
NZ_LR134378.1	3p	-	35	1697	2879	2527	1630	8733	48	247	40	33	7	4	19	16	11	5	23	8	1	1	0	3	1	0	0	0	0
NZ_LR134378.1	3p	-	36	1449	2667	2372	1361	7849	47	250	39	50	15	5	14	14	8	3	29	20	0	0	0	3	0	0	1	0	0
NZ_LR134378.1	3p	-	37	1303	2464	2038	1271	7076	38	229	32	40	7	3	15	10	5	1	27	16	0	0	0	0	1	0	0	0	0
NZ_LR134378.1	3p	-	38	1280	2023	1806	1224	6333	31	172	38	29	6	8	15	10	5	1	25	6	0	1	0	1	0	1	0	0	0
NZ_LR134378.1	3p	-	39	1038	1939	1699	1021	5697	38	179	35	28	6	5	16	5	5	2	13	10	0	0	0	0	0	1	0	1	0
NZ_LR134378.1	3p	-	40	942	1759	1539	927	5167	42	144	33	28	1	4	15	9	3	3	16	6	0	0	0	1	0	0	0	0	0
NZ_LR134378.1	3p	-	41	888	1537	1434	856	4715	24	139	17	23	6	3	4	11	3	0	18	7	0	0	2	0	0	0	1	0	0
NZ_LR134378.1	3p	-	42	791	1491	1277	777	4336	20	139	22	27	5	4	11	5	0	1	16	3	0	0	0	0	0	0	0	0	0
NZ_LR134378.1	3p	-	43	690	1359	1113	679	3841	23	131	22	15	6	3	6	9	5	0	13	8	1	0	0	0	0	0	0	1	0
NZ_LR134378.1	3p	-	44	643	1147	966	660	3416	22	130	10	13	3	1	5	6	1	1	12	5	0	0	0	0	0	0	0	0	0
NZ_LR134378.1	3p	-	45	570	984	935	529	3018	26	92	16	17	3	0	5	8	2	2	11	5	0	0	1	0	0	0	0	1	0
NZ_LR134378.1	3p	-	46	536	957	761	454	2708	13	90	18	13	1	3	3	8	3	1	9	6	0	0	0	0	0	0	0	0	0
NZ_LR134378.1	3p	-	47	463	782	667	467	2379	12	69	10	15	3	1	5	7	1	2	4	2	0	1	1	0	0	0	1	0	0
NZ_LR134378.1	3p	-	48	392	694	644	352	2082	15	60	13	10	2	1	6	0	1	0	8	5	0	0	0	1	0	1	0	0	0
NZ_LR134378.1	3p	-	49	316	657	537	338	1848	10	65	9	12	0	1	3	1	1	0	4	6	0	0	0	0	0	0	0	0	0
NZ_LR134378.1	3p	-	50	315	536	464	329	1644	6	61	6	9	2	1	3	6	1	0	1	8	0	0	0	0	0	0	0	0	0
NZ_LR134378.1	3p	-	51	283	495	422	279	1479	12	40	8	2	2	2	4	4	0	0	6	3	0	0	0	0	0	0	0	0	0
NZ_LR134378.1	3p	-	52	223	474	384	234	1315	12	40	8	4	1	3	2	1	2	0	3	4	0	0	0	0	0	0	1	0	0
NZ_LR134378.1	3p	-	53	225	366	343	238	1172	6	37	4	7	2	2	3	1	1	0	2	3	0	0	0	0	0	0	0	0	0
NZ_LR134378.1	3p	-	54	186	358	311	188	1043	9	35	3	7	2	1	4	0	0	1	3	2	0	0	0	0	0	0	0	0	0
NZ_LR134378.1	3p	-	55	155	349	272	163	939	1	33	6	6	1	1	2	1	0	0	4	3	0	0	0	0	0	0	0	0	0
NZ_LR134378.1	3p	-	56	152	274	228	175	829	5	26	2	5	0	1	3	0	0	1	0	0	0	0	0	0	0	0	0	0	0
NZ_LR134378.1	3p	-	57	134	250	238	124	746	5	21	3	2	0	1	0	1	1	0	2	0	0	0	0	1	0	0	0	0	0
NZ_LR134378.1	3p	-	58	119	243	191	133	686	4	17	5	2	0	0	1	1	0	1	1	0	0	0	0	0	0	0	0	0	0
NZ_LR134378.1	3p	-	59	125	229	164	114	632	1	17	1	0	2	0	2	1	0	0	2	0	0	0	0	0	0	0	0	0	0
NZ_LR134378.1	3p	-	60	125	188	172	92	577	3	22	2	2	0	1	2	1	0	0	1	0	0	0	0	0	0	0	0	0	0
NZ_LR134378.1	3p	-	61	85	175	155	99	514	2	10	2	1	0	0	1	1	1	1	3	2	0	0	0	0	0	0	0	0	0
NZ_LR134378.1	3p	-	62	76	151	136	103	466	4	11	2	5	0	0	2	0	0	0	4	0	0	0	0	0	0	0	0	0	0
NZ_LR134378.1	3p	-	63	68	150	136	76	430	2	10	2	3	0	1	1	1	0	0	1	0	0	0	0	0	0	0	0	0	0
NZ_LR134378.1	3p	-	64	87	112	119	69	387	0	7	3	1	1	0	0	0	0	1	3	0	0	0	0	0	0	0	0	0	0
NZ_LR134378.1	3p	-	65	73	113	95	72	353	4	11	3	5	0	0	0	2	0	0	0	1	0	0	0	0	0	0	0	0	0
NZ_LR134378.1	3p	-	66	57	119	92	54	322	1	8	1	2	0	0	0	1	0	0	0	2	0	0	0	0	0	0	0	0	0
NZ_LR134378.1	3p	-	67	47	107	78	51	283	2	9	1	2	0	0	0	1	0	0	0	1	0	0	0	0	0	0	0	0	0
NZ_LR134378.1	3p	-	68	47	82	81	39	249	0	3	2	3	0	0	1	1	0	0	0	0	0	0	0	0	0	0	0	0	0
NZ_LR134378.1	3p	-	69	34	76	75	42	227	3	4	0	1	0	0	1	0	0	0	0	1	0	0	0	0	0	0	0	0	0
NZ_LR134378.1	3p	-	70	24	73	60	44	201	3	3	0	1	1	0	0	0	0	0	1	0	0	0	0	0	0	0	0	0	0
NZ_LR134378.1	5p	+	1	3303	5449	2674	3343	14769	92	1201	53	77	17	22	29	31	11	12	43	42	0	0	0	0	0	0	0	0	0
NZ_LR134378.1	5p	+	2	2887	5459	3932	2490	14768	126	700	65	90	14	14	35	28	14	12	55	27	1	0	1	2	1	0	0	0	0
NZ_LR134378.1	5p	+	3	2924	4591	5073	2180	14768	86	361	76	62	20	8	37	26	13	8	70	29	0	1	1	3	0	0	1	0	0
NZ_LR134378.1	5p	+	4	3045	4825	4259	2638	14767	79	422	59	57	20	9	32	27	12	10	51	22	0	1	0	2	1	0	1	0	0
NZ_LR134378.1	5p	+	5	2450	5313	4474	2524	14761	92	381	72	88	11	4	44	25	13	10	50	33	2	0	0	2	3	1	4	0	0
NZ_LR134378.1	5p	+	6	2476	4937	4690	2660	14763	97	364	77	80	15	9	51	24	17	7	65	28	0	1	1	1	0	2	3	1	0
NZ_LR134378.1	5p	+	7	2662	4957	4403	2746	14768	81	287	48	79	11	6	27	25	12	8	57	23	1	2	1	0	0	1	0	0	0
NZ_LR134378.1	5p	+	8	2449	5029	4830	2459	14767	108	296	78	100	16	7	38	30	13	12	65	26	0	0	2	3	1	1	0	0	0
NZ_LR134378.1	5p	+	9	2636	4926	4697	2506	14765	85	244	85	77	13	13	39	26	13	12	38	21	1	1	0	2	0	1	2	1	0
NZ_LR134378.1	5p	+	10	2726	4835	4346	2858	14765	66	210	59	72	16	8	31	17	11	14	46	23	0	0	1	4	0	0	1	3	0
NZ_LR134378.1	5p	+	11	2463	5122	4565	2614	14764	73	252	68	90	17	10	51	27	21	7	49	25	0	0	2	5	0	1	1	3	0
NZ_LR134378.1	5p	+	12	2561	4892	4859	2455	14767	110	216	81	80	11	6	51	26	5	10	57	29	0	0	2	3	1	0	1	0	0
NZ_LR134378.1	5p	+	13	2802	4938	4376	2649	14765	71	220	61	63	13	7	49	20	13	4	39	14	1	1	0	3	0	0	3	1	0
NZ_LR134378.1	5p	+	14	2419	5062	4742	2542	14765	86	225	79	89	11	10	44	25	16	5	62	23	1	0	0	3	1	1	0	1	0
NZ_LR134378.1	5p	+	15	2605	4975	4800	2389	14769	79	218	72	90	8	6	39	21	14	6	56	32	0	3	1	1	0	0	0	0	0
NZ_LR134378.1	5p	+	16	2733	4769	4561	2705	14768	89	178	50	63	12	10	45	26	5	11	36	22	2	1	1	1	0	0	1	0	0
NZ_LR134378.1	5p	+	17	2438	4997	4738	2593	14766	96	219	75	95	12	11	41	20	23	6	52	15	0	0	2	6	0	1	1	1	0
NZ_LR134378.1	5p	+	18	2561	4845	4881	2476	14763	87	192	83	80	13	7	44	25	17	8	55	32	4	0	0	5	3	0	2	1	0
NZ_LR134378.1	5p	+	19	2789	4776	4442	2761	14768	56	182	62	73	14	8	39	23	9	9	59	13	3	0	3	4	0	0	1	0	0
NZ_LR134378.1	5p	+	20	2469	5138	4615	2544	14766	79	219	80	101	16	5	34	18	17	5	67	37	0	0	0	4	0	1	1	0	0
NZ_LR134378.1	5p	+	21	2630	4904	4724	2508	14766	91	205	76	69	16	7	46	20	11	6	62	22	1	0	1	5	1	2	0	0	0
NZ_LR134378.1	5p	+	22	2823	4733	4411	2797	14764	59	191	51	59	14	7	33	23	15	2	57	13	0	2	4	4	2	0	2	1	0
NZ_LR134378.1	5p	+	23	2456	5047	4598	2666	14767	103	238	79	72	12	7	45	23	15	8	59	24	0	1	3	5	2	0	0	0	0
NZ_LR134378.1	5p	+	24	2610	4948	4743	2466	14767	87	244	71	73	19	7	46	18	13	3	60	33	1	0	3	5	1	1	0	0	0
NZ_LR134378.1	5p	+	25	2858	4763	4300	2844	14765	76	249	56	85	8	9	37	19	9	12	48	21	0	1	0	10	1	1	1	1	0
NZ_LR134378.1	5p	+	26	2519	5018	4555	2672	14764	103	302	85	79	16	11	48	23	12	10	74	26	3	1	1	4	2	1	1	1	0
NZ_LR134378.1	5p	+	27	2728	4842	4744	2452	14766	96	307	72	67	18	12	42	15	13	6	51	26	2	0	4	3	1	1	0	1	0
NZ_LR134378.1	5p	+	28	2878	4716	4332	2842	14768	84	294	52	64	13	14	38	25	12	8	51	26	0	3	2	3	0	1	0	0	0
NZ_LR134378.1	5p	+	29	2632	5121	4491	2525	14769	90	413	68	73	9	6	38	23	18	3	67	28	1	0	2	5	0	0	0	0	0
NZ_LR134378.1	5p	+	30	2832	4957	4575	2405	14769	95	419	82	62	21	16	49	16	12	12	46	30	1	0	0	7	0	0	0	0	0
NZ_LR134378.1	5p	+	31	2672	4262	3738	2630	13302	54	334	64	72	9	6	22	19	13	8	47	27	1	1	1	1	0	1	0	0	0
NZ_LR134378.1	5p	+	32	2077	4126	3621	2092	11916	61	374	56	70	7	6	33	16	12	7	53	29	0	0	2	7	0	1	0	0	0
NZ_LR134378.1	5p	+	33	2026	3563	3270	1793	10652	72	308	58	68	14	4	27	16	11	3	37	23	0	1	1	1	0	2	0	0	0
NZ_LR134378.1	5p	+	34	1856	3164	2685	1887	9592	44	284	29	39	11	5	22	20	5	1	29	13	0	0	0	2	0	0	1	0	0
NZ_LR134378.1	5p	+	35	1440	3082	2595	1511	8628	53	247	36	44	11	6	35	10	8	2	39	18	1	0	3	2	0	0	0	0	0
NZ_LR134378.1	5p	+	36	1424	2551	2427	1336	7738	47	219	35	45	7	2	16	15	5	7	32	17	0	0	0	3	1	0	0	0	0
NZ_LR134378.1	5p	+	37	1423	2211	1998	1370	7002	27	193	28	30	4	6	8	10	4	3	16	10	0	2	1	2	0	0	0	0	0
NZ_LR134378.1	5p	+	38	1076	2258	1866	1122	6322	30	188	27	33	5	4	20	7	7	3	28	9	0	1	0	2	0	0	0	0	0
NZ_LR134378.1	5p	+	39	1085	1943	1743	946	5717	36	156	30	20	8	2	17	12	6	2	21	12	0	1	0	3	0	0	0	0	0
NZ_LR134378.1	5p	+	40	1056	1665	1509	965	5195	27	153	17	26	4	5	11	5	4	4	17	5	0	2	0	0	1	0	0	0	0
NZ_LR134378.1	5p	+	41	828	1655	1404	835	4722	29	167	22	26	4	3	9	7	3	0	22	11	0	1	0	1	0	0	0	0	0
NZ_LR134378.1	5p	+	42	770	1484	1318	710	4282	29	165	16	25	4	4	12	7	3	4	16	11	1	1	0	1	0	0	0	0	0
NZ_LR134378.1	5p	+	43	773	1250	1021	761	3805	18	123	13	21	2	1	10	4	5	1	10	4	0	1	0	1	0	0	0	0	0
NZ_LR134378.1	5p	+	44	660	1151	966	552	3329	14	101	19	17	8	4	13	4	0	1	18	7	0	0	1	0	0	0	0	0	0
NZ_LR134378.1	5p	+	45	568	959	868	510	2905	18	94	16	9	4	2	5	9	0	3	7	8	0	0	0	0	0	0	0	0	0
NZ_LR134378.1	5p	+	46	519	830	650	555	2554	6	82	9	12	0	4	4	1	2	2	8	5	0	0	0	1	0	0	0	0	0
NZ_LR134378.1	5p	+	47	403	792	674	374	2243	5	63	13	3	2	0	6	5	2	2	6	3	0	1	0	0	0	0	0	0	0
NZ_LR134378.1	5p	+	48	375	679	604	361	2019	9	54	7	11	2	2	3	5	1	1	8	4	0	0	0	1	0	0	0	0	0
NZ_LR134378.1	5p	+	49	370	558	516	357	1801	7	50	5	5	1	1	3	1	1	1	4	4	0	0	0	1	0	0	0	0	0
NZ_LR134378.1	5p	+	50	276	581	455	266	1578	5	47	7	6	3	1	0	4	2	2	5	3	0	0	0	0	0	1	0	0	0
NZ_LR134378.1	5p	+	51	276	459	412	245	1392	9	38	7	9	3	0	1	3	1	0	6	5	0	0	0	1	0	0	0	0	0
NZ_LR134378.1	5p	+	52	242	421	345	224	1232	5	44	5	4	2	1	2	1	1	0	2	2	0	0	0	0	0	0	0	0	0
NZ_LR134378.1	5p	+	53	179	387	322	208	1096	10	37	4	5	1	0	2	1	0	0	6	0	0	0	0	0	0	0	0	0	0
NZ_LR134378.1	5p	+	54	189	317	294	177	977	4	34	5	5	1	0	0	2	0	0	2	4	0	0	1	1	0	0	0	0	0
NZ_LR134378.1	5p	+	55	192	289	240	168	889	4	14	6	2	2	0	3	2	0	0	1	0	0	0	0	0	0	0	0	0	0
NZ_LR134378.1	5p	+	56	145	280	244	122	791	7	26	4	1	1	0	2	1	0	0	2	0	0	0	0	1	0	0	0	0	0
NZ_LR134378.1	5p	+	57	134	235	208	131	708	2	15	4	6	2	0	2	4	0	1	2	1	0	0	0	0	0	0	0	0	0
NZ_LR134378.1	5p	+	58	130	191	170	144	635	2	21	4	3	0	1	3	2	0	1	1	1	0	0	0	1	0	0	0	0	0
NZ_LR134378.1	5p	+	59	106	200	173	90	569	2	13	2	1	1	0	2	0	1	0	4	0	0	0	0	0	0	0	0	0	0
NZ_LR134378.1	5p	+	60	97	171	157	91	516	0	13	3	2	0	1	1	1	1	1	3	0	0	0	0	0	0	0	0	0	0
NZ_LR134378.1	5p	+	61	96	166	125	83	470	0	11	3	5	0	0	1	0	0	0	3	0	0	0	0	0	0	0	0	0	0
NZ_LR134378.1	5p	+	62	88	132	147	61	428	2	8	5	4	0	1	0	0	0	0	3	0	0	0	0	0	0	0	0	0	0
NZ_LR134378.1	5p	+	63	67	130	124	73	394	3	9	3	2	0	0	1	0	1	0	4	0	0	0	0	0	0	0	0	0	0
NZ_LR134378.1	5p	+	64	68	120	109	63	360	1	15	1	1	1	1	0	1	2	0	1	1	0	0	0	0	0	0	0	0	0
NZ_LR134378.1	5p	+	65	55	120	89	58	322	2	9	1	0	0	0	2	0	0	0	4	0	0	0	0	0	0	0	0	0	0
NZ_LR134378.1	5p	+	66	54	91	92	60	297	2	8	0	0	0	0	0	0	0	0	1	0	0	0	0	0	0	0	0	0	0
NZ_LR134378.1	5p	+	67	51	87	85	42	265	0	5	0	0	0	0	2	1	0	0	1	0	0	0	0	0	0	0	0	0	0
NZ_LR134378.1	5p	+	68	42	101	63	36	242	2	6	1	1	0	0	0	1	0	0	1	0	0	0	0	0	0	0	0	0	0
NZ_LR134378.1	5p	+	69	33	79	60	36	208	0	6	1	0	0	0	0	1	0	0	1	0	0	0	0	0	0	0	0	0	0
NZ_LR134378.1	5p	+	70	37	64	54	32	187	0	4	2	0	0	0	0	0	0	0	0	0	0	0	0	0	0	0	0	0	0
NZ_LR134378.1	5p	-	1	3255	5508	2710	3484	14957	101	1287	48	84	16	21	31	38	8	7	40	46	0	0	0	0	0	0	0	0	0
NZ_LR134378.1	5p	-	2	2867	5493	4000	2597	14957	136	725	98	96	19	12	34	33	11	10	63	23	0	0	0	1	0	0	0	0	0
NZ_LR134378.1	5p	-	3	2872	4642	5150	2292	14956	107	356	89	58	17	11	47	29	14	12	51	23	0	1	1	0	0	0	1	0	0
NZ_LR134378.1	5p	-	4	3056	4941	4171	2789	14957	75	451	77	71	17	10	28	23	9	3	48	20	0	0	0	0	0	0	0	0	0
NZ_LR134378.1	5p	-	5	2327	5495	4591	2540	14953	82	397	77	97	17	14	46	20	14	4	61	28	2	0	0	1	2	1	1	0	0
NZ_LR134378.1	5p	-	6	2565	4891	4882	2615	14953	82	385	91	68	15	17	54	26	12	9	63	29	1	0	1	1	0	0	2	2	0
NZ_LR134378.1	5p	-	7	2771	4917	4392	2871	14951	68	278	49	61	13	12	48	23	13	14	47	20	0	0	1	3	0	2	2	2	0
NZ_LR134378.1	5p	-	8	2446	5127	4900	2479	14952	95	282	89	70	15	4	47	27	19	8	57	24	1	0	0	2	2	1	1	1	0
NZ_LR134378.1	5p	-	9	2665	4900	4868	2521	14954	104	310	76	78	22	7	47	20	6	8	76	37	1	2	1	1	1	0	1	1	0
NZ_LR134378.1	5p	-	10	2816	4840	4407	2890	14953	78	233	54	77	16	5	37	10	16	5	54	40	1	0	3	0	1	2	1	0	0
NZ_LR134378.1	5p	-	11	2375	5178	4694	2703	14950	84	250	91	92	16	11	42	22	10	10	84	37	1	1	2	4	1	1	3	1	0
NZ_LR134378.1	5p	-	12	2699	4956	4762	2537	14954	92	213	95	72	28	8	32	20	14	7	66	34	2	2	2	2	1	1	0	1	0
NZ_LR134378.1	5p	-	13	2848	4774	4361	2969	14952	70	180	60	67	13	10	33	27	13	7	40	23	1	0	1	2	2	2	0	1	0
NZ_LR134378.1	5p	-	14	2413	5180	4792	2565	14950	82	216	75	72	16	6	43	18	16	4	62	27	1	0	1	4	2	2	0	3	0
NZ_LR134378.1	5p	-	15	2529	4969	4935	2520	14953	110	225	70	68	12	5	39	22	15	7	58	17	2	2	1	1	0	3	0	1	0
NZ_LR134378.1	5p	-	16	2887	4709	4505	2853	14954	73	192	45	68	11	13	36	21	13	8	43	17	0	0	3	4	1	1	0	1	0
NZ_LR134378.1	5p	-	17	2426	5036	4864	2628	14954	85	203	71	86	13	6	38	27	16	8	66	25	3	1	1	5	1	0	0	2	0
NZ_LR134378.1	5p	-	18	2642	4993	4856	2463	14954	88	198	93	65	21	10	58	17	7	4	54	35	1	0	1	2	1	0	2	0	0
NZ_LR134378.1	5p	-	19	2830	4776	4408	2939	14953	64	189	62	58	13	10	35	14	11	9	47	15	2	2	3	3	0	1	0	3	0
NZ_LR134378.1	5p	-	20	2436	5171	4725	2623	14955	87	231	83	83	14	11	41	25	9	9	60	32	1	2	2	3	0	0	0	2	0
NZ_LR134378.1	5p	-	21	2609	5010	4833	2504	14956	99	199	91	67	15	6	52	16	16	4	61	28	4	1	2	8	0	0	1	0	0
NZ_LR134378.1	5p	-	22	2827	4746	4480	2902	14955	65	195	55	62	18	15	29	22	11	10	53	27	0	1	0	2	1	1	0	0	0
NZ_LR134378.1	5p	-	23	2409	5260	4595	2689	14953	105	269	80	88	18	3	41	30	12	8	69	25	0	1	2	4	0	0	0	4	0
NZ_LR134378.1	5p	-	24	2682	4923	4764	2586	14955	90	250	82	75	9	11	44	19	15	11	62	32	1	1	3	0	0	1	1	0	0
NZ_LR134378.1	5p	-	25	2937	4779	4355	2882	14953	81	225	65	69	14	10	29	22	2	5	51	25	1	1	1	1	0	1	1	2	0
NZ_LR134378.1	5p	-	26	2470	5140	4701	2643	14954	95	297	76	88	8	5	48	27	11	3	74	27	0	0	0	5	2	0	1	0	0
NZ_LR134378.1	5p	-	27	2719	4917	4751	2568	14955	89	300	88	85	15	10	46	23	12	7	55	32	0	2	1	5	0	0	0	2	0
NZ_LR134378.1	5p	-	28	2942	4738	4377	2896	14953	75	303	77	67	16	8	42	17	14	7	50	28	2	1	0	5	1	2	1	0	0
NZ_LR134378.1	5p	-	29	2605	5308	4502	2539	14954	81	413	63	79	15	12	42	30	18	12	51	24	0	0	2	3	0	1	0	2	0
NZ_LR134378.1	5p	-	30	2832	4972	4692	2460	14956	99	417	79	66	25	12	45	20	13	8	67	43	0	1	4	2	0	1	0	0	0
NZ_LR134378.1	5p	-	31	2730	4346	3856	2577	13509	64	375	42	60	8	12	25	18	7	7	43	21	0	0	2	0	0	0	0	0	0
NZ_LR134378.1	5p	-	32	2137	4154	3754	2145	12190	72	361	69	73	15	6	30	17	9	11	63	20	0	1	1	1	0	1	0	0	0
NZ_LR134378.1	5p	-	33	1954	3679	3426	1841	10900	79	349	56	56	8	6	23	10	11	6	42	30	1	1	0	3	0	0	0	0	0
NZ_LR134378.1	5p	-	34	1943	3154	2719	1955	9771	42	267	28	43	8	2	32	18	9	7	27	17	1	0	1	3	0	0	0	0	0
NZ_LR134378.1	5p	-	35	1479	3142	2613	1498	8732	60	260	47	40	9	5	20	19	7	4	31	15	0	1	1	0	0	0	0	2	0
NZ_LR134378.1	5p	-	36	1457	2597	2451	1345	7850	56	225	32	43	7	4	23	8	3	3	26	8	0	0	0	1	0	0	0	0	0
NZ_LR134378.1	5p	-	37	1413	2228	2037	1399	7077	23	187	25	27	8	6	15	7	7	4	23	10	0	0	0	3	0	0	0	0	0
NZ_LR134378.1	5p	-	38	1055	2214	1916	1148	6333	40	221	43	34	5	4	11	16	7	4	27	15	0	0	0	4	0	0	1	0	0
NZ_LR134378.1	5p	-	39	1109	1890	1741	958	5698	29	140	28	19	4	3	19	10	6	2	22	11	0	1	0	3	0	0	1	0	0
NZ_LR134378.1	5p	-	40	1044	1681	1421	1019	5165	14	160	17	26	3	4	12	5	3	3	9	7	0	0	1	0	1	0	0	1	0
NZ_LR134378.1	5p	-	41	760	1629	1492	835	4716	38	143	14	22	4	1	17	7	5	3	24	11	0	0	0	1	0	0	0	0	0
NZ_LR134378.1	5p	-	42	827	1441	1354	712	4334	33	153	21	25	2	6	8	7	3	3	11	10	1	0	0	1	0	1	0	1	0
NZ_LR134378.1	5p	-	43	802	1261	1068	711	3842	15	127	14	15	5	2	5	8	3	2	9	6	0	0	0	2	0	0	0	0	0
NZ_LR134378.1	5p	-	44	548	1194	1064	609	3415	20	128	12	21	4	2	5	6	6	3	21	9	0	0	0	0	0	0	0	1	0
NZ_LR134378.1	5p	-	45	570	989	917	543	3019	14	91	17	14	5	6	6	7	3	3	8	5	0	0	0	0	0	0	0	0	0
NZ_LR134378.1	5p	-	46	542	840	748	578	2708	14	86	14	9	2	0	1	1	1	1	5	2	0	0	1	0	0	0	0	0	0
NZ_LR134378.1	5p	-	47	419	838	715	408	2380	13	73	7	13	1	0	10	8	2	0	10	6	0	0	1	1	0	0	0	0	0
NZ_LR134378.1	5p	-	48	359	733	614	376	2082	18	63	10	9	2	0	8	6	0	1	11	2	2	0	0	0	1	0	0	0	0
NZ_LR134378.1	5p	-	49	351	606	534	357	1848	5	49	6	3	0	1	4	1	0	0	10	4	0	0	0	0	0	0	0	0	0
NZ_LR134378.1	5p	-	50	242	587	513	302	1644	13	62	6	10	1	0	3	4	3	1	3	2	0	0	0	1	0	0	0	0	0
NZ_LR134378.1	5p	-	51	274	507	451	247	1479	5	52	7	7	1	2	4	5	0	1	7	0	0	0	0	0	0	0	0	0	0
NZ_LR134378.1	5p	-	52	255	413	380	268	1316	9	45	7	3	0	0	1	1	2	1	1	1	0	0	0	0	0	0	0	0	0
NZ_LR134378.1	5p	-	53	197	440	329	206	1172	2	42	4	7	2	0	2	0	3	2	7	2	0	0	0	0	0	0	0	0	0
NZ_LR134378.1	5p	-	54	190	362	317	174	1043	8	35	2	1	0	1	0	0	1	3	4	1	0	0	0	0	0	0	0	0	0
NZ_LR134378.1	5p	-	55	197	284	274	184	939	7	13	1	10	1	1	1	3	1	1	5	2	0	0	0	0	0	0	0	0	0
NZ_LR134378.1	5p	-	56	152	289	253	135	829	6	24	5	5	1	1	4	2	2	0	2	0	0	0	1	1	0	0	0	0	0
NZ_LR134378.1	5p	-	57	136	267	230	113	746	6	17	5	0	0	1	0	1	0	0	4	4	0	0	0	0	0	0	0	0	0
NZ_LR134378.1	5p	-	58	129	205	210	142	686	2	19	3	2	1	0	0	0	1	0	1	0	0	0	0	0	0	0	0	0	0
NZ_LR134378.1	5p	-	59	118	220	192	102	632	3	17	4	2	0	1	0	1	0	0	2	1	0	0	0	0	0	0	0	0	0
NZ_LR134378.1	5p	-	60	106	185	175	110	576	3	24	1	2	1	0	1	0	1	0	1	2	0	0	0	0	0	1	0	0	0
NZ_LR134378.1	5p	-	61	79	172	158	105	514	5	11	1	2	0	0	1	0	0	0	1	0	0	0	0	0	0	0	0	0	0
NZ_LR134378.1	5p	-	62	74	173	142	77	466	1	19	4	0	0	0	2	0	0	0	0	0	0	0	0	0	0	0	0	0	0
NZ_LR134378.1	5p	-	63	80	156	118	76	430	4	17	0	4	0	0	1	0	1	0	2	3	0	0	0	0	0	0	0	0	0
NZ_LR134378.1	5p	-	64	78	117	119	73	387	1	7	1	1	1	0	2	0	0	0	2	2	0	0	0	0	0	0	0	0	0
NZ_LR134378.1	5p	-	65	62	113	114	64	353	1	9	3	4	0	0	1	0	0	0	0	0	0	0	0	0	0	0	0	0	0
NZ_LR134378.1	5p	-	66	58	117	96	51	322	2	13	2	1	0	1	1	1	0	1	0	0	0	0	0	0	0	0	0	0	0
NZ_LR134378.1	5p	-	67	47	101	78	57	283	3	9	0	2	0	0	1	1	1	1	1	1	0	0	0	0	0	0	0	0	0
NZ_LR134378.1	5p	-	68	34	100	75	40	249	2	7	0	2	0	1	0	0	0	0	1	0	0	0	0	0	0	0	0	0	0
NZ_LR134378.1	5p	-	69	45	80	65	37	227	0	7	0	1	0	2	1	0	0	0	0	1	0	0	0	0	0	0	0	0	0
NZ_LR134378.1	5p	-	70	41	64	58	38	201	0	1	0	2	0	1	0	0	0	0	0	0	0	0	0	0	0	0	0	0	0
