# table produced by mapDamage version 2.2.3
# using mapped file /mnt/archgen/microbiome_calculus/library_ds_vs_ss/04-analysis/normalize_kraken/mapping/flexilinea_sp001717545/mapDamage2_ssLibs/input/GOY006.A0102.SG1.5_5M.mapped_f_sp001717545_q25l30_rmdup.bam and /mnt/archgen/microbiome_calculus/library_ds_vs_ss/04-analysis/normalize_kraken/mapping/flexilinea_sp001717545/input/GCA_001717545.1_ASM171754v1_genomic.fna as reference file
# Chr: reference from sam/bam header, End: from which termini of DNA sequences, Std: strand of reads
Chr	End	Std	Pos	A	C	G	T	Total	G>A	C>T	A>G	T>C	A>C	A>T	C>G	C>A	T>G	T>A	G>C	G>T	A>-	T>-	C>-	G>-	->A	->T	->C	->G	S
CP017039.1	3p	+	1	4405	7498	3935	3512	19350	54	537	33	63	13	12	18	21	7	10	28	20	0	0	0	0	0	0	0	0	1
CP017039.1	3p	+	2	5611	5684	4505	3550	19350	76	253	47	41	16	12	14	20	12	2	25	21	0	0	0	0	0	0	0	0	1
CP017039.1	3p	+	3	4941	4963	5287	4159	19350	71	234	58	53	14	8	23	16	9	15	40	36	0	0	0	0	0	0	0	0	1
CP017039.1	3p	+	4	4791	5661	4675	4223	19350	73	242	51	66	11	13	24	19	6	8	49	30	0	0	0	0	0	0	0	0	0
CP017039.1	3p	+	5	4869	5062	4905	4514	19350	49	205	48	58	10	5	12	22	4	5	25	22	1	0	0	0	0	0	0	0	0
CP017039.1	3p	+	6	4671	5185	5083	4408	19347	71	202	45	57	16	9	31	16	11	10	58	25	2	0	0	2	2	0	1	0	0
CP017039.1	3p	+	7	4454	5511	4856	4526	19347	57	206	43	56	16	13	16	21	10	10	35	23	0	0	1	6	1	0	1	1	0
CP017039.1	3p	+	8	4587	5166	4866	4727	19346	64	195	43	50	9	9	8	27	10	16	45	25	2	1	1	5	1	0	2	1	0
CP017039.1	3p	+	9	4477	5361	4914	4595	19347	57	213	56	47	17	17	12	15	10	5	45	23	0	1	1	4	0	0	1	1	0
CP017039.1	3p	+	10	4390	5517	4756	4684	19347	58	174	48	58	20	11	7	24	2	7	42	18	4	0	2	7	1	0	0	2	0
CP017039.1	3p	+	11	4424	5289	4917	4718	19348	45	183	42	44	12	9	16	18	11	7	42	26	5	6	1	10	1	1	0	0	0
CP017039.1	3p	+	12	4306	5380	5226	4437	19349	63	177	55	54	9	9	12	10	10	7	34	35	4	3	4	15	1	0	0	0	0
CP017039.1	3p	+	13	4279	5571	4953	4543	19346	59	195	52	57	7	10	14	19	7	8	48	28	3	2	5	10	3	1	0	0	0
CP017039.1	3p	+	14	4332	5453	4963	4599	19347	52	195	55	52	11	12	9	20	12	9	27	24	3	2	3	3	1	2	0	0	0
CP017039.1	3p	+	15	4291	5456	5257	4341	19345	61	155	55	47	13	3	17	17	14	10	33	27	1	1	3	3	3	1	0	1	0
CP017039.1	3p	+	16	4283	5566	5016	4483	19348	72	172	43	62	15	7	10	16	14	1	30	24	2	1	1	10	0	1	0	0	0
CP017039.1	3p	+	17	4466	5369	5068	4444	19347	71	144	51	51	13	7	16	20	7	5	29	23	0	2	0	4	0	3	0	0	0
CP017039.1	3p	+	18	4326	5514	5299	4211	19350	64	169	63	65	13	6	16	17	5	5	26	25	0	0	2	6	0	0	0	0	0
CP017039.1	3p	+	19	4265	5534	5070	4481	19350	76	178	60	56	13	5	16	18	10	6	44	24	0	3	2	4	0	0	0	0	0
CP017039.1	3p	+	20	4486	5343	4975	4539	19343	51	157	43	55	7	7	10	11	14	5	37	16	4	0	2	4	4	2	0	1	0
CP017039.1	3p	+	21	4341	5454	5251	4302	19348	58	176	47	61	11	13	16	17	9	3	38	23	1	1	2	5	1	1	0	0	0
CP017039.1	3p	+	22	4227	5598	5008	4511	19344	61	164	45	64	13	8	18	18	9	8	37	37	1	2	1	5	3	2	1	0	0
CP017039.1	3p	+	23	4479	5417	4877	4574	19347	50	174	53	50	10	5	6	13	9	6	31	18	3	3	2	2	1	1	0	1	0
CP017039.1	3p	+	24	4401	5509	5265	4169	19344	72	187	54	61	10	7	22	14	8	10	44	21	0	1	1	2	0	2	3	0	0
CP017039.1	3p	+	25	4191	5655	5105	4396	19347	66	179	39	59	15	8	12	19	8	6	33	29	1	2	3	5	0	0	1	0	0
CP017039.1	3p	+	26	4566	5250	5011	4523	19350	53	148	59	49	9	9	10	12	8	7	39	19	1	5	3	0	0	0	0	0	0
CP017039.1	3p	+	27	4438	5420	5276	4213	19347	75	183	55	61	10	11	11	22	11	4	35	18	0	3	2	9	1	1	1	0	0
CP017039.1	3p	+	28	4294	5760	5050	4244	19348	65	202	33	56	12	10	16	20	5	6	41	19	0	0	3	3	0	1	1	0	0
CP017039.1	3p	+	29	4556	5418	4916	4458	19348	56	165	53	56	10	6	13	21	6	6	33	20	0	0	1	5	1	1	0	0	0
CP017039.1	3p	+	30	4558	5392	5102	4295	19347	74	205	61	52	11	6	9	22	12	15	39	26	1	1	1	1	1	0	0	1	0
CP017039.1	3p	+	31	4214	5387	4534	4110	18245	76	206	55	47	11	4	11	17	13	8	28	24	0	1	0	1	0	1	0	0	0
CP017039.1	3p	+	32	4097	4792	4280	4067	17236	47	202	50	47	8	10	6	15	5	6	35	16	1	2	2	2	0	0	0	0	0
CP017039.1	3p	+	33	3855	4655	4180	3506	16196	46	164	42	49	8	4	9	14	8	4	33	11	1	2	0	2	0	0	0	1	0
CP017039.1	3p	+	34	3502	4436	3802	3511	15251	37	174	40	39	10	5	8	5	11	3	26	12	3	1	0	0	0	0	1	0	0
CP017039.1	3p	+	35	3483	3958	3519	3360	14320	29	145	33	40	7	4	9	11	5	6	28	13	0	1	1	1	0	1	0	0	0
CP017039.1	3p	+	36	3129	3761	3413	3064	13367	40	150	25	39	4	3	4	13	10	4	21	16	1	1	0	3	2	1	0	1	0
CP017039.1	3p	+	37	2872	3686	3145	2843	12546	43	130	22	33	3	3	4	13	5	5	25	9	1	1	3	0	0	1	1	0	0
CP017039.1	3p	+	38	2745	3313	2857	2846	11761	32	101	23	26	7	8	3	7	6	1	20	11	1	0	0	1	0	1	0	0	0
CP017039.1	3p	+	39	2577	3132	2851	2466	11026	34	115	30	33	5	4	10	10	8	6	11	10	0	0	0	4	0	0	0	1	0
CP017039.1	3p	+	40	2294	2984	2628	2447	10353	42	139	18	23	3	3	3	5	3	0	19	11	1	0	0	0	1	0	1	0	0
CP017039.1	3p	+	41	2311	2720	2354	2319	9704	20	109	25	21	6	2	1	9	4	1	13	2	0	0	0	1	0	1	0	0	0
CP017039.1	3p	+	42	2158	2570	2351	2028	9107	30	106	29	13	6	3	6	8	2	6	14	14	0	1	0	0	1	0	1	0	0
CP017039.1	3p	+	43	1958	2521	2066	2006	8551	23	119	19	24	3	1	5	9	4	3	12	7	0	0	1	4	0	1	1	0	0
CP017039.1	3p	+	44	1970	2194	1937	1863	7964	20	87	11	20	7	2	4	4	4	3	13	8	2	0	1	1	1	0	0	0	0
CP017039.1	3p	+	45	1746	2132	1853	1668	7399	24	84	21	21	2	2	3	7	2	2	11	6	0	1	0	1	1	0	0	0	0
CP017039.1	3p	+	46	1580	1968	1665	1679	6892	18	92	25	24	4	4	2	4	3	2	8	4	0	1	0	2	0	1	0	1	0
CP017039.1	3p	+	47	1601	1658	1553	1575	6387	15	76	10	13	4	4	3	1	1	1	7	10	0	0	2	0	0	0	1	0	0
CP017039.1	3p	+	48	1439	1609	1474	1415	5937	14	52	20	14	5	2	5	4	2	2	6	5	0	2	0	0	0	0	0	0	0
CP017039.1	3p	+	49	1251	1649	1317	1302	5519	21	63	10	11	4	1	4	7	4	2	3	2	3	0	0	1	0	1	1	0	0
CP017039.1	3p	+	50	1292	1415	1245	1199	5151	11	59	8	10	2	3	3	0	2	0	4	5	1	1	0	1	1	0	0	0	0
CP017039.1	3p	+	51	1145	1377	1180	1088	4790	9	62	11	11	0	0	1	5	5	2	7	4	0	0	0	1	0	0	0	0	0
CP017039.1	3p	+	52	1050	1298	1100	1031	4479	15	41	11	16	1	0	2	5	1	1	7	2	0	0	0	1	0	0	0	0	0
CP017039.1	3p	+	53	951	1168	1024	1032	4175	12	45	11	8	1	1	0	2	1	1	6	2	0	0	1	1	0	0	0	0	0
CP017039.1	3p	+	54	886	1083	978	935	3882	10	30	5	10	0	2	2	3	1	2	2	3	0	0	0	0	0	0	0	0	0
CP017039.1	3p	+	55	837	1063	863	862	3625	14	40	8	9	2	1	1	2	1	1	8	5	0	0	0	0	0	0	0	0	0
CP017039.1	3p	+	56	843	949	802	798	3392	8	33	5	8	0	3	2	2	2	0	4	1	2	0	0	0	0	0	0	0	0
CP017039.1	3p	+	57	758	844	828	725	3155	10	35	9	11	0	1	0	2	0	2	7	0	0	0	0	0	0	0	0	0	0
CP017039.1	3p	+	58	710	835	716	696	2957	8	25	10	7	1	0	1	1	0	0	2	5	0	0	0	0	0	0	0	0	0
CP017039.1	3p	+	59	681	788	659	632	2760	8	27	5	1	2	1	0	1	0	0	1	2	0	0	0	1	0	0	0	1	0
CP017039.1	3p	+	60	584	757	664	573	2578	0	27	4	12	1	2	0	2	0	0	4	2	1	2	1	1	0	1	0	0	0
CP017039.1	3p	+	61	556	665	585	605	2411	5	23	6	5	1	0	0	3	3	0	1	2	1	1	0	2	0	0	0	0	0
CP017039.1	3p	+	62	507	634	548	541	2230	6	23	5	2	0	0	1	1	1	1	3	3	0	0	1	0	0	0	0	0	0
CP017039.1	3p	+	63	519	608	507	460	2094	4	20	5	6	0	1	0	2	1	0	1	0	1	1	0	0	0	0	0	0	0
CP017039.1	3p	+	64	463	560	460	481	1964	6	28	5	3	0	0	0	1	0	1	1	3	0	0	0	0	0	1	0	0	0
CP017039.1	3p	+	65	441	508	441	443	1833	3	16	6	5	2	1	0	1	0	0	2	2	0	0	0	0	0	0	0	1	0
CP017039.1	3p	+	66	417	452	455	392	1716	6	16	2	4	2	2	1	0	1	1	3	2	0	0	0	0	0	0	0	0	0
CP017039.1	3p	+	67	385	466	395	338	1584	3	17	4	3	2	0	2	0	0	0	2	0	0	0	1	1	0	0	0	0	0
CP017039.1	3p	+	68	367	378	368	361	1474	3	11	4	7	0	1	0	1	0	0	5	0	0	1	0	0	0	0	0	0	0
CP017039.1	3p	+	69	353	370	349	305	1377	2	12	3	2	1	1	0	1	0	0	3	0	0	1	0	0	0	0	0	0	0
CP017039.1	3p	+	70	319	362	306	318	1305	6	14	5	5	1	0	0	1	0	0	0	0	0	0	0	1	0	0	0	0	0
CP017039.1	3p	-	1	4364	7368	4113	3418	19263	76	491	55	72	16	13	9	16	12	13	41	28	0	0	0	0	0	0	0	0	0
CP017039.1	3p	-	2	5423	5684	4538	3618	19263	59	263	49	66	15	12	15	16	14	14	25	15	0	0	0	0	0	0	0	0	0
CP017039.1	3p	-	3	4804	4985	5378	4095	19262	97	248	54	65	12	11	21	24	12	8	41	24	0	0	0	0	1	0	0	0	0
CP017039.1	3p	-	4	4674	5552	4689	4347	19262	84	222	57	55	8	8	17	17	5	4	38	23	0	0	0	0	0	1	0	0	0
CP017039.1	3p	-	5	4803	4953	4845	4661	19262	60	227	49	40	16	11	6	19	8	6	43	37	0	0	0	0	1	0	0	0	0
CP017039.1	3p	-	6	4542	5196	5097	4423	19258	75	205	63	64	11	6	16	22	9	11	45	25	1	1	0	3	1	1	2	1	0
CP017039.1	3p	-	7	4352	5466	4694	4748	19260	73	214	48	71	10	6	16	18	7	8	33	16	2	2	3	5	1	1	0	0	0
CP017039.1	3p	-	8	4615	5140	4752	4753	19260	60	212	44	47	12	6	13	14	13	7	61	29	3	4	1	7	0	2	0	0	0
CP017039.1	3p	-	9	4277	5263	5098	4623	19261	71	189	59	63	10	7	18	21	9	6	38	42	1	1	3	9	0	1	0	1	0
CP017039.1	3p	-	10	4243	5422	4929	4665	19259	64	197	47	61	16	5	13	18	11	3	35	36	1	1	5	12	3	0	1	0	0
CP017039.1	3p	-	11	4465	5295	4859	4642	19261	60	189	49	48	9	8	9	14	3	5	47	27	6	1	4	19	1	1	0	0	0
CP017039.1	3p	-	12	4316	5358	5274	4312	19260	56	172	47	51	12	11	19	20	11	6	53	37	5	8	6	15	2	0	1	0	0
CP017039.1	3p	-	13	4144	5535	5063	4517	19259	76	181	57	64	15	7	17	14	7	8	40	25	6	4	7	8	0	2	1	1	0
CP017039.1	3p	-	14	4305	5278	5073	4603	19259	62	163	46	52	15	6	9	14	7	6	32	32	4	1	2	10	1	1	0	1	0
CP017039.1	3p	-	15	4379	5307	5171	4402	19259	59	176	53	54	8	8	17	15	10	7	36	20	2	1	3	2	1	1	0	2	0
CP017039.1	3p	-	16	4226	5505	5092	4438	19261	62	168	67	69	11	5	16	21	8	3	43	27	3	0	1	5	1	0	0	0	0
CP017039.1	3p	-	17	4347	5262	5131	4520	19260	58	151	44	41	15	12	12	16	12	2	29	17	0	1	5	0	1	1	1	0	0
CP017039.1	3p	-	18	4266	5332	5264	4401	19263	64	162	50	53	17	6	14	20	5	4	34	25	1	0	2	2	0	0	0	0	0
CP017039.1	3p	-	19	4269	5557	5054	4382	19262	77	171	69	63	14	9	15	8	10	9	43	20	1	2	2	7	0	1	0	0	0
CP017039.1	3p	-	20	4370	5259	5034	4595	19258	63	152	61	54	11	11	13	12	8	5	28	23	1	1	2	5	3	2	0	0	0
CP017039.1	3p	-	21	4321	5406	5236	4297	19260	68	182	56	43	10	7	15	14	16	13	30	25	1	2	2	4	1	2	0	0	0
CP017039.1	3p	-	22	4183	5512	5124	4441	19260	72	192	43	56	9	10	19	17	9	4	31	23	2	0	1	5	1	1	0	1	0
CP017039.1	3p	-	23	4418	5243	5114	4486	19261	61	177	59	43	9	9	11	21	9	11	34	22	1	0	3	2	0	1	1	0	0
CP017039.1	3p	-	24	4308	5444	5290	4219	19261	64	156	54	59	11	9	14	11	11	6	45	23	2	0	0	4	1	0	1	0	0
CP017039.1	3p	-	25	4064	5558	5097	4541	19260	66	182	35	63	9	9	12	17	14	3	39	13	1	1	1	5	1	2	0	0	0
CP017039.1	3p	-	26	4468	5373	4911	4509	19261	66	185	46	45	11	10	5	14	7	5	37	16	3	1	1	1	0	0	2	0	0
CP017039.1	3p	-	27	4262	5474	5273	4252	19261	64	195	52	68	9	9	15	18	12	8	49	26	1	0	1	2	0	1	0	1	0
CP017039.1	3p	-	28	4215	5587	5073	4385	19260	53	196	49	50	5	10	14	15	16	6	34	19	0	1	1	6	1	0	2	0	0
CP017039.1	3p	-	29	4455	5311	4988	4507	19261	59	179	45	49	7	12	12	18	9	12	29	27	2	1	2	4	0	1	0	1	0
CP017039.1	3p	-	30	4475	5541	4968	4275	19259	78	219	47	50	10	8	12	21	10	8	40	21	1	1	1	5	1	2	0	1	0
CP017039.1	3p	-	31	4060	5293	4540	4245	18138	64	194	51	52	9	7	20	17	17	13	33	26	3	0	1	1	1	0	1	0	0
CP017039.1	3p	-	32	4081	4698	4265	4061	17105	38	168	50	40	7	9	11	18	9	3	28	11	2	1	1	2	0	1	0	0	0
CP017039.1	3p	-	33	3722	4510	4183	3640	16055	53	177	32	36	8	4	5	16	8	6	31	18	2	0	1	1	0	0	0	0	0
CP017039.1	3p	-	34	3382	4387	3732	3565	15066	47	140	32	37	6	9	10	13	8	4	22	17	1	0	1	2	0	0	1	1	0
CP017039.1	3p	-	35	3415	3839	3506	3350	14110	49	147	30	36	9	7	6	18	7	6	20	18	0	0	0	1	0	1	0	0	0
CP017039.1	3p	-	36	3102	3695	3422	3016	13235	46	145	33	35	6	6	4	16	5	6	23	12	1	0	0	1	0	0	0	0	0
CP017039.1	3p	-	37	2866	3561	3146	2858	12431	48	147	32	28	6	1	4	12	5	4	15	13	1	0	0	2	1	1	0	0	0
CP017039.1	3p	-	38	2807	3179	2875	2793	11654	28	126	26	19	4	6	5	17	7	6	25	14	1	0	2	1	2	0	1	0	0
CP017039.1	3p	-	39	2525	3043	2883	2413	10864	42	110	26	23	5	6	9	9	7	2	17	12	0	0	4	2	1	0	0	0	0
CP017039.1	3p	-	40	2336	2987	2483	2432	10238	27	124	22	33	3	5	6	10	5	4	11	6	1	0	2	1	0	0	0	0	0
CP017039.1	3p	-	41	2350	2635	2421	2230	9636	24	93	16	23	5	7	6	7	4	3	18	13	0	1	0	1	0	0	0	0	0
CP017039.1	3p	-	42	2045	2581	2398	2018	9042	28	98	18	21	3	2	5	8	4	0	9	7	0	1	0	4	0	0	0	0	0
CP017039.1	3p	-	43	1963	2393	2128	1919	8403	33	107	23	22	2	2	3	6	0	4	11	3	0	1	2	3	1	0	1	0	0
CP017039.1	3p	-	44	1938	2115	1928	1825	7806	19	89	17	22	3	4	3	4	1	4	8	6	0	0	1	1	0	0	0	1	0
CP017039.1	3p	-	45	1696	2052	1897	1637	7282	17	95	18	18	4	3	5	3	2	3	12	10	0	0	0	0	0	0	0	0	0
CP017039.1	3p	-	46	1557	1919	1678	1622	6776	25	70	27	4	4	1	2	7	1	3	10	8	0	0	0	0	1	0	0	0	0
CP017039.1	3p	-	47	1536	1695	1528	1569	6328	11	72	8	15	2	1	0	2	2	0	9	8	0	1	0	1	1	0	1	0	0
CP017039.1	3p	-	48	1402	1613	1493	1375	5883	20	68	12	19	2	5	2	2	1	1	7	6	0	0	2	0	0	0	0	0	0
CP017039.1	3p	-	49	1255	1554	1357	1340	5506	8	62	17	12	2	1	3	2	0	3	7	5	0	0	1	0	1	0	0	0	0
CP017039.1	3p	-	50	1230	1301	1303	1297	5131	8	59	7	10	3	1	1	3	3	1	4	6	0	0	0	1	0	0	0	0	0
CP017039.1	3p	-	51	1134	1375	1182	1084	4775	13	58	11	9	1	4	0	2	0	1	5	4	0	1	0	0	0	0	0	0	0
CP017039.1	3p	-	52	1055	1244	1083	1050	4432	14	43	16	11	4	3	1	3	0	0	3	10	0	1	1	0	1	0	0	0	0
CP017039.1	3p	-	53	962	1120	1046	1028	4156	16	50	10	8	0	1	1	0	2	0	3	4	1	0	1	0	0	0	0	0	0
CP017039.1	3p	-	54	918	1118	970	862	3868	16	56	7	7	2	4	3	3	0	2	3	5	0	0	0	0	0	0	0	0	0
CP017039.1	3p	-	55	811	1045	893	855	3604	9	45	9	4	3	0	0	5	1	1	7	3	0	0	0	0	0	0	0	0	0
CP017039.1	3p	-	56	829	893	799	857	3378	9	41	6	5	0	1	0	1	1	1	2	5	2	1	0	2	0	0	0	0	0
CP017039.1	3p	-	57	758	853	768	745	3124	2	38	8	7	0	0	0	3	0	3	1	3	1	0	0	3	0	0	0	0	0
CP017039.1	3p	-	58	670	810	693	737	2910	6	30	5	2	1	0	1	4	1	0	4	1	0	0	0	0	0	0	0	0	0
CP017039.1	3p	-	59	655	749	664	667	2735	3	26	8	5	1	0	1	3	0	1	3	2	0	0	0	0	0	0	0	0	0
CP017039.1	3p	-	60	565	708	664	603	2540	3	20	8	11	0	1	0	1	3	1	1	2	1	0	0	0	1	0	0	0	0
CP017039.1	3p	-	61	524	658	573	594	2349	6	27	4	6	0	1	1	1	0	0	1	6	0	0	0	0	0	0	0	0	0
CP017039.1	3p	-	62	518	573	546	548	2185	8	22	5	2	1	0	0	0	0	1	2	2	0	0	0	0	0	0	0	0	0
CP017039.1	3p	-	63	483	574	532	448	2037	2	19	5	4	1	0	1	0	0	0	2	0	0	0	0	0	0	0	0	0	0
CP017039.1	3p	-	64	464	539	443	451	1897	4	21	5	2	1	2	1	0	0	0	3	2	1	0	0	0	0	0	0	0	0
CP017039.1	3p	-	65	460	496	395	431	1782	2	16	2	2	1	0	0	0	0	0	1	3	0	0	0	0	0	0	0	0	0
CP017039.1	3p	-	66	385	439	442	376	1642	1	23	1	3	0	2	0	1	0	0	1	3	0	0	0	0	0	0	0	0	0
CP017039.1	3p	-	67	368	421	359	376	1524	6	15	4	3	0	0	0	2	1	0	4	1	1	0	0	0	0	0	0	0	0
CP017039.1	3p	-	68	369	379	328	352	1428	3	14	2	2	0	1	1	3	0	0	0	2	0	0	1	0	0	0	0	0	0
CP017039.1	3p	-	69	291	374	320	339	1324	6	14	3	2	2	0	0	2	0	0	5	1	0	0	1	0	0	0	1	0	0
CP017039.1	3p	-	70	242	360	304	330	1236	4	20	2	2	0	1	0	1	0	0	2	0	0	1	0	0	0	0	0	0	0
CP017039.1	5p	+	1	5482	5289	2971	5608	19350	74	461	50	50	12	13	11	21	11	15	20	24	0	0	0	0	0	0	0	0	1
CP017039.1	5p	+	2	5336	6054	3858	4101	19349	63	320	46	74	18	13	11	19	13	13	25	20	1	0	0	0	0	0	1	0	1
CP017039.1	5p	+	3	5015	5245	5311	3779	19350	79	183	71	70	11	10	13	25	12	8	47	19	2	2	0	1	0	0	0	0	0
CP017039.1	5p	+	4	4999	5395	4796	4158	19348	69	221	53	37	6	6	9	11	8	11	35	20	0	2	0	0	1	1	0	0	0
CP017039.1	5p	+	5	4238	5881	5065	4165	19349	66	187	53	53	8	7	18	16	8	8	50	26	0	1	1	1	0	1	0	0	0
CP017039.1	5p	+	6	4224	5269	5364	4491	19348	52	178	61	65	11	5	15	24	22	8	42	30	1	1	1	1	0	0	0	0	0
CP017039.1	5p	+	7	4342	5706	4967	4334	19349	61	183	29	59	14	2	12	17	7	5	28	18	1	0	1	1	0	0	1	0	0
CP017039.1	5p	+	8	4118	5650	5381	4196	19345	61	177	60	57	11	9	13	13	12	4	35	20	0	3	1	1	3	0	2	0	0
CP017039.1	5p	+	9	4443	5464	5092	4345	19344	77	185	65	63	12	10	12	16	7	4	35	17	0	1	2	2	1	2	1	2	0
CP017039.1	5p	+	10	4464	5443	4866	4574	19347	30	185	44	60	10	8	12	15	13	7	26	19	2	2	1	4	0	1	1	1	0
CP017039.1	5p	+	11	4105	5815	5068	4360	19348	57	188	42	55	8	11	21	17	9	3	42	18	0	1	1	5	1	0	1	0	0
CP017039.1	5p	+	12	4344	5507	5270	4227	19348	58	157	52	61	9	6	20	12	13	5	43	19	2	1	0	7	0	0	0	2	0
CP017039.1	5p	+	13	4492	5426	4823	4604	19345	54	192	39	61	8	9	11	18	14	11	46	17	3	2	1	3	1	2	1	1	0
CP017039.1	5p	+	14	4231	5610	5199	4308	19348	79	165	55	61	10	8	10	17	11	5	40	19	3	2	3	2	0	2	0	0	0
CP017039.1	5p	+	15	4301	5491	5260	4294	19346	80	176	63	52	14	8	13	11	11	5	43	25	2	1	0	4	2	0	2	0	0
CP017039.1	5p	+	16	4516	5361	4999	4472	19348	47	155	40	47	10	7	10	9	10	8	37	18	4	3	0	2	1	1	0	0	0
CP017039.1	5p	+	17	4256	5527	5167	4395	19345	71	170	56	50	14	6	12	20	9	9	33	24	1	1	2	4	1	2	1	1	0
CP017039.1	5p	+	18	4456	5425	5237	4229	19347	65	156	58	54	12	4	15	22	8	5	39	17	1	5	3	4	2	0	1	0	0
CP017039.1	5p	+	19	4475	5324	5024	4524	19347	49	150	49	46	14	7	8	21	10	6	28	17	0	2	4	7	0	2	0	1	0
CP017039.1	5p	+	20	4223	5658	5118	4349	19348	55	167	58	55	14	5	19	18	8	6	28	24	4	1	1	6	1	0	0	0	0
CP017039.1	5p	+	21	4386	5388	5241	4331	19346	57	153	47	58	13	3	16	17	6	9	36	28	6	2	5	4	2	1	0	1	0
CP017039.1	5p	+	22	4510	5307	4885	4645	19347	43	154	47	52	7	5	9	13	8	4	21	19	4	0	6	6	0	3	0	0	0
CP017039.1	5p	+	23	4221	5627	5026	4475	19349	78	185	51	66	19	7	20	20	13	6	39	15	0	1	1	6	0	1	0	0	0
CP017039.1	5p	+	24	4376	5462	5214	4296	19348	69	183	48	54	11	8	13	25	9	10	41	19	0	1	0	6	0	1	0	1	0
CP017039.1	5p	+	25	4556	5216	4862	4713	19347	58	181	43	48	12	9	11	20	6	5	36	20	2	0	1	5	1	0	1	1	0
CP017039.1	5p	+	26	4177	5610	5078	4483	19348	64	180	49	49	7	12	18	15	8	9	35	34	0	1	3	7	0	1	1	0	0
CP017039.1	5p	+	27	4321	5430	5153	4443	19347	56	196	56	50	14	10	10	23	13	4	38	21	4	2	2	6	1	2	0	0	0
CP017039.1	5p	+	28	4612	5296	4917	4523	19348	48	175	38	43	9	10	12	18	7	5	32	31	0	0	2	3	0	2	0	0	0
CP017039.1	5p	+	29	4313	5644	4974	4416	19347	73	220	65	64	9	12	10	26	9	8	35	26	0	2	1	3	1	0	0	1	0
CP017039.1	5p	+	30	4687	5433	5052	4178	19350	70	226	49	59	15	6	18	17	5	6	32	29	1	1	1	5	0	0	0	0	0
CP017039.1	5p	+	31	4449	5044	4548	4205	18246	62	177	50	47	14	8	7	13	10	9	28	20	0	1	2	4	0	0	0	0	0
CP017039.1	5p	+	32	4016	5102	4303	3814	17235	60	195	45	34	13	7	14	16	6	7	34	26	1	2	1	5	0	1	0	0	0
CP017039.1	5p	+	33	3961	4488	4230	3515	16194	49	192	64	41	10	7	10	8	6	9	27	23	0	0	0	3	1	1	0	0	0
CP017039.1	5p	+	34	3640	4300	3709	3602	15251	47	156	31	26	6	8	10	11	4	4	23	16	1	0	0	6	1	0	0	0	0
CP017039.1	5p	+	35	3198	4271	3596	3256	14321	48	173	37	49	8	4	10	14	7	5	28	13	0	2	2	3	0	1	0	0	0
CP017039.1	5p	+	36	3208	3685	3537	2938	13368	38	144	30	46	8	6	11	10	5	8	25	18	0	1	3	4	2	0	0	0	0
CP017039.1	5p	+	37	3077	3481	3058	2930	12546	32	140	28	29	10	6	4	6	6	6	24	13	0	0	2	3	0	0	1	1	0
CP017039.1	5p	+	38	2671	3424	3007	2660	11762	30	136	20	24	7	9	7	9	3	6	21	14	0	2	1	4	0	0	0	0	0
CP017039.1	5p	+	39	2615	3081	2867	2463	11026	40	128	28	31	4	1	4	13	3	5	16	12	1	0	0	4	1	0	0	0	0
CP017039.1	5p	+	40	2493	2823	2496	2541	10353	25	118	16	28	4	3	10	8	1	3	13	12	2	2	1	0	1	0	1	0	0
CP017039.1	5p	+	41	2226	2888	2413	2177	9704	28	119	15	25	6	3	9	5	3	4	21	16	0	0	0	2	0	0	0	0	0
CP017039.1	5p	+	42	2150	2606	2274	2076	9106	23	104	27	28	4	6	3	12	2	3	18	10	1	0	1	1	2	1	0	0	0
CP017039.1	5p	+	43	2081	2383	2085	2003	8552	27	100	20	19	5	4	5	10	4	4	12	13	0	2	0	2	1	1	0	0	0
CP017039.1	5p	+	44	1845	2313	2046	1759	7963	21	98	19	18	5	3	3	6	4	1	12	10	2	1	0	3	1	0	0	0	0
CP017039.1	5p	+	45	1846	2081	1853	1620	7400	21	89	16	21	2	3	3	6	3	0	17	11	1	1	2	0	0	0	0	0	0
CP017039.1	5p	+	46	1724	1843	1740	1585	6892	22	68	22	15	5	3	4	5	0	3	12	4	2	0	0	1	1	0	0	0	0
CP017039.1	5p	+	47	1566	1847	1513	1462	6388	22	67	15	16	3	4	4	3	2	0	8	7	0	1	0	1	0	0	0	0	0
CP017039.1	5p	+	48	1435	1691	1397	1414	5937	11	75	9	17	3	4	4	4	3	2	9	5	1	1	0	1	0	0	0	0	0
CP017039.1	5p	+	49	1295	1571	1267	1388	5521	7	72	8	12	2	2	1	4	0	0	8	2	0	2	0	0	0	0	0	0	0
CP017039.1	5p	+	50	1136	1561	1286	1168	5151	18	58	9	17	4	4	5	1	2	0	4	9	0	0	0	1	0	0	1	0	0
CP017039.1	5p	+	51	1092	1302	1244	1152	4790	19	53	10	8	2	0	3	4	2	2	10	4	0	0	0	1	0	0	0	0	0
CP017039.1	5p	+	52	1043	1239	1126	1071	4479	5	50	8	1	1	1	4	1	1	1	4	8	0	0	1	0	0	0	0	0	0
CP017039.1	5p	+	53	933	1251	1006	984	4174	9	64	4	12	0	1	3	3	1	1	6	6	0	0	0	0	1	0	0	0	0
CP017039.1	5p	+	54	928	1073	939	942	3882	4	44	9	11	3	4	2	2	3	1	2	2	0	0	1	0	0	0	0	0	0
CP017039.1	5p	+	55	866	1011	846	902	3625	4	46	4	9	3	2	0	2	0	2	7	4	0	0	0	2	0	0	0	0	0
CP017039.1	5p	+	56	781	973	825	812	3391	11	39	6	9	1	1	2	3	3	3	8	2	0	0	0	0	0	0	0	1	0
CP017039.1	5p	+	57	777	912	760	703	3152	8	29	2	9	1	2	2	2	1	0	7	5	0	0	0	0	1	0	2	0	0
CP017039.1	5p	+	58	737	818	689	711	2955	6	31	4	6	1	1	0	1	2	3	5	3	0	0	0	0	1	0	0	1	0
CP017039.1	5p	+	59	621	788	697	654	2760	6	33	7	8	1	1	0	3	1	1	2	2	0	0	0	1	1	0	0	0	0
CP017039.1	5p	+	60	624	783	633	539	2579	9	33	8	8	0	0	0	2	2	0	4	6	1	0	0	0	0	0	0	0	0
CP017039.1	5p	+	61	583	634	565	629	2411	4	27	3	4	1	0	0	2	3	3	4	2	0	0	0	0	0	0	0	0	0
CP017039.1	5p	+	62	523	652	545	510	2230	8	23	3	6	0	1	1	3	0	0	3	2	1	0	0	1	0	0	0	0	0
CP017039.1	5p	+	63	495	587	538	474	2094	9	23	5	3	2	1	1	3	0	0	6	1	0	0	0	0	0	0	0	0	0
CP017039.1	5p	+	64	457	593	452	462	1964	7	26	1	10	1	2	0	2	0	0	2	0	0	0	0	1	0	0	0	1	0
CP017039.1	5p	+	65	410	498	502	424	1834	4	20	4	5	1	2	1	1	0	0	4	1	0	0	0	1	0	0	0	0	0
CP017039.1	5p	+	66	420	499	414	383	1716	4	23	5	3	1	0	0	3	0	0	4	2	0	0	0	0	0	0	0	0	0
CP017039.1	5p	+	67	385	450	357	392	1584	3	27	1	3	1	1	1	1	0	0	7	3	0	0	0	1	0	0	0	0	0
CP017039.1	5p	+	68	333	424	350	367	1474	8	26	6	5	0	0	1	0	0	0	2	3	0	0	0	0	0	0	0	0	0
CP017039.1	5p	+	69	357	366	332	321	1376	5	11	3	1	1	0	1	0	0	1	6	0	0	0	0	0	0	1	0	0	0
CP017039.1	5p	+	70	300	374	313	319	1306	3	20	2	4	0	1	0	0	0	0	0	1	0	0	0	0	0	0	0	0	0
CP017039.1	5p	-	1	5488	5024	3124	5627	19263	67	483	37	43	9	18	10	17	8	16	15	32	0	0	0	0	0	0	0	0	2
CP017039.1	5p	-	2	5266	5867	3898	4232	19263	70	329	52	49	8	11	11	17	15	14	22	12	1	0	1	1	0	0	0	0	0
CP017039.1	5p	-	3	4950	5223	5303	3785	19261	87	153	63	53	8	6	11	22	7	5	39	29	2	1	0	1	0	2	0	0	0
CP017039.1	5p	-	4	4951	5289	4814	4207	19261	67	234	54	40	7	11	7	12	4	10	28	22	1	0	0	0	1	0	1	0	0
CP017039.1	5p	-	5	4188	5854	5033	4186	19261	61	230	55	65	14	11	15	23	9	9	35	19	0	0	3	0	1	1	0	0	0
CP017039.1	5p	-	6	4109	5356	5385	4413	19263	66	184	45	57	8	5	13	15	13	7	36	23	0	0	1	0	0	0	0	0	0
CP017039.1	5p	-	7	4295	5443	5000	4524	19262	57	167	38	50	12	6	9	12	9	7	39	16	1	0	0	1	1	0	0	0	0
CP017039.1	5p	-	8	4062	5530	5402	4269	19263	57	164	55	45	9	9	10	26	9	15	45	28	1	1	1	2	0	0	0	0	0
CP017039.1	5p	-	9	4401	5418	5143	4299	19261	69	191	53	47	11	11	15	20	9	4	31	22	0	0	2	0	1	0	0	1	0
CP017039.1	5p	-	10	4306	5454	4915	4586	19261	51	193	54	51	6	13	13	22	16	4	40	18	0	1	1	0	1	0	1	0	0
CP017039.1	5p	-	11	4095	5634	5134	4395	19258	81	185	53	61	12	15	17	18	10	5	28	33	0	2	4	3	2	1	1	1	0
CP017039.1	5p	-	12	4250	5303	5432	4273	19258	56	175	55	55	12	4	17	21	7	7	41	28	0	1	1	7	3	1	1	0	0
CP017039.1	5p	-	13	4464	5249	4962	4588	19263	68	151	51	49	11	12	11	19	2	4	33	21	1	0	5	4	0	0	0	0	0
CP017039.1	5p	-	14	4251	5490	5130	4390	19261	69	164	58	61	11	12	14	15	15	7	31	19	0	1	1	10	0	1	0	1	0
CP017039.1	5p	-	15	4378	5383	5183	4319	19263	65	166	59	44	14	6	18	17	11	12	40	22	3	0	3	3	0	0	0	0	0
CP017039.1	5p	-	16	4429	5321	5003	4507	19260	53	165	46	40	3	3	18	21	7	2	32	17	0	0	0	7	1	0	2	0	0
CP017039.1	5p	-	17	4166	5540	5167	4389	19262	69	155	47	59	15	13	19	18	14	10	36	24	0	0	2	1	0	0	1	0	0
CP017039.1	5p	-	18	4270	5294	5440	4257	19261	60	166	54	60	11	12	20	15	7	5	38	17	2	1	1	1	2	0	0	0	0
CP017039.1	5p	-	19	4411	5288	5018	4543	19260	59	172	44	58	13	6	8	12	7	6	27	27	2	1	1	3	1	1	1	0	0
CP017039.1	5p	-	20	4078	5675	5128	4378	19259	56	174	63	57	11	6	14	13	12	3	47	23	3	1	2	3	1	1	1	0	0
CP017039.1	5p	-	21	4305	5320	5291	4344	19260	69	173	56	50	7	5	14	14	9	5	33	27	2	0	4	4	1	0	1	1	0
CP017039.1	5p	-	22	4433	5223	4955	4647	19258	50	143	58	53	9	12	14	20	7	7	38	28	4	0	1	7	2	0	2	0	0
CP017039.1	5p	-	23	4220	5513	5130	4396	19259	73	169	51	55	13	8	13	14	13	5	38	25	1	0	1	11	1	1	0	2	0
CP017039.1	5p	-	24	4303	5355	5256	4345	19259	82	180	63	52	7	8	18	14	13	8	49	23	0	2	3	5	1	2	1	0	0
CP017039.1	5p	-	25	4428	5328	4732	4774	19262	52	169	51	48	11	4	8	14	11	6	37	17	2	0	2	9	0	0	1	0	0
CP017039.1	5p	-	26	4180	5449	5162	4472	19263	72	189	52	66	15	9	17	18	6	6	39	26	6	3	2	3	0	0	0	0	0
CP017039.1	5p	-	27	4332	5396	5203	4330	19261	74	185	51	55	15	7	21	19	9	4	36	37	1	2	5	8	0	0	1	1	0
CP017039.1	5p	-	28	4609	5370	4766	4515	19260	62	195	54	42	9	11	10	18	12	5	31	21	1	2	3	14	0	0	0	2	0
CP017039.1	5p	-	29	4287	5503	4951	4521	19262	74	182	39	51	12	7	10	21	10	7	39	30	0	0	6	5	0	0	0	0	0
CP017039.1	5p	-	30	4546	5357	5138	4220	19261	79	210	57	57	10	7	17	22	16	12	42	28	1	1	0	4	0	2	0	0	0
CP017039.1	5p	-	31	4252	5022	4506	4360	18140	68	196	48	52	15	6	18	21	4	8	26	20	2	0	2	3	0	0	0	0	0
CP017039.1	5p	-	32	3848	4968	4396	3892	17104	62	197	54	64	4	8	9	11	2	7	44	21	4	0	1	0	1	0	1	0	0
CP017039.1	5p	-	33	3800	4535	4160	3558	16053	59	180	50	48	13	8	15	15	8	4	35	12	1	0	0	2	2	0	0	0	0
CP017039.1	5p	-	34	3635	4193	3641	3598	15067	43	167	27	26	7	8	7	11	3	6	23	17	1	1	1	3	1	0	0	0	0
CP017039.1	5p	-	35	3119	4156	3631	3200	14106	47	165	22	38	5	7	4	11	5	10	21	23	1	1	1	2	0	4	0	1	0
CP017039.1	5p	-	36	3101	3742	3511	2876	13230	40	173	27	41	8	4	7	10	2	1	17	22	1	2	1	4	2	3	0	0	0
CP017039.1	5p	-	37	2962	3477	3120	2873	12432	48	137	27	29	8	5	6	10	7	1	18	15	3	3	2	4	1	0	0	0	0
CP017039.1	5p	-	38	2604	3429	2907	2714	11654	41	133	43	34	8	3	6	5	6	3	30	13	4	3	1	5	1	2	0	0	0
CP017039.1	5p	-	39	2526	3019	2868	2452	10865	29	127	23	30	10	7	3	4	3	4	20	14	3	2	2	5	0	0	0	0	0
CP017039.1	5p	-	40	2388	2808	2558	2483	10237	27	137	15	24	5	1	4	12	4	5	23	12	0	0	1	5	0	0	0	1	0
CP017039.1	5p	-	41	2205	2759	2464	2208	9636	31	101	31	23	4	1	7	10	4	4	12	13	1	1	2	1	0	0	0	0	0
CP017039.1	5p	-	42	2143	2529	2340	2030	9042	26	123	29	24	4	2	4	5	5	1	12	10	3	1	0	3	0	0	0	0	0
CP017039.1	5p	-	43	2041	2297	2034	2032	8404	25	92	17	17	6	7	5	9	2	3	19	12	2	0	1	5	0	1	0	0	0
CP017039.1	5p	-	44	1786	2261	1965	1795	7807	21	109	13	25	5	4	5	4	2	0	21	12	1	0	1	1	0	0	0	0	0
CP017039.1	5p	-	45	1701	2104	1808	1667	7280	13	102	16	27	4	2	1	3	1	4	17	7	0	0	0	1	1	1	0	0	0
CP017039.1	5p	-	46	1668	1924	1590	1595	6777	11	78	13	17	2	0	2	6	1	1	3	6	0	2	1	1	0	0	0	0	0
CP017039.1	5p	-	47	1481	1802	1571	1475	6329	22	92	16	20	3	2	1	7	3	0	16	6	1	1	1	4	1	0	0	0	0
CP017039.1	5p	-	48	1429	1603	1547	1304	5883	11	78	11	20	3	1	1	0	0	2	15	8	0	0	2	1	0	0	0	0	0
CP017039.1	5p	-	49	1339	1473	1348	1347	5507	19	58	7	15	2	3	0	5	4	1	5	6	2	0	0	0	0	0	0	0	0
CP017039.1	5p	-	50	1173	1489	1280	1189	5131	15	58	6	15	4	0	1	7	3	2	5	5	0	0	0	3	0	0	0	0	0
CP017039.1	5p	-	51	1097	1380	1193	1104	4774	9	44	8	11	0	1	2	4	0	1	10	4	1	0	0	0	0	0	1	0	0
CP017039.1	5p	-	52	1056	1210	1073	1093	4432	12	59	10	12	0	2	1	2	3	2	6	3	0	1	0	1	1	0	0	0	0
CP017039.1	5p	-	53	924	1207	1033	992	4156	13	43	11	10	2	2	2	6	0	3	7	5	0	0	0	0	0	0	0	0	0
CP017039.1	5p	-	54	873	1116	987	891	3867	5	48	4	8	1	2	1	3	1	1	3	3	0	2	0	1	0	1	0	0	0
CP017039.1	5p	-	55	857	960	878	909	3604	7	26	5	7	2	1	0	0	3	3	5	0	0	0	0	1	0	0	0	0	0
CP017039.1	5p	-	56	779	981	839	777	3376	6	46	5	8	3	0	0	0	2	0	7	2	0	0	0	1	0	1	0	1	0
CP017039.1	5p	-	57	739	867	780	738	3124	9	39	6	7	4	4	1	5	3	0	3	3	0	0	0	0	0	0	0	0	0
CP017039.1	5p	-	58	762	762	642	744	2910	6	34	7	9	0	1	1	1	4	2	4	2	0	0	1	0	0	0	0	0	0
CP017039.1	5p	-	59	608	812	628	687	2735	12	35	7	6	1	0	0	1	1	1	2	3	0	1	0	0	0	0	0	0	0
CP017039.1	5p	-	60	580	732	641	587	2540	4	24	9	7	1	1	1	2	2	1	5	2	1	1	1	1	1	0	0	0	0
CP017039.1	5p	-	61	537	679	562	570	2348	6	27	4	6	0	0	1	1	1	0	4	3	0	0	0	2	1	0	0	0	0
CP017039.1	5p	-	62	492	638	554	501	2185	6	28	6	2	1	0	1	1	1	0	2	2	1	0	0	1	0	0	0	0	0
CP017039.1	5p	-	63	488	532	543	474	2037	3	24	7	9	1	1	1	2	0	1	3	2	0	0	1	1	0	0	0	0	0
CP017039.1	5p	-	64	464	545	439	448	1896	3	18	4	2	0	0	0	3	2	1	2	3	0	0	0	0	1	0	0	0	0
CP017039.1	5p	-	65	398	559	416	409	1782	4	12	3	3	1	0	0	0	0	2	3	2	0	0	1	0	0	0	0	0	0
CP017039.1	5p	-	66	401	446	419	376	1642	4	19	4	0	2	1	1	2	1	0	2	3	0	0	0	0	0	0	0	0	0
CP017039.1	5p	-	67	402	388	345	389	1524	4	16	6	1	2	0	1	0	1	0	4	1	0	0	0	0	0	0	0	0	0
CP017039.1	5p	-	68	307	425	341	355	1428	5	11	1	8	0	0	0	3	2	1	2	2	0	0	0	0	0	0	0	0	0
CP017039.1	5p	-	69	329	360	352	284	1325	10	14	3	4	1	0	0	0	0	0	2	2	0	0	0	1	0	0	0	0	0
CP017039.1	5p	-	70	308	329	304	295	1236	6	22	4	1	1	0	0	0	3	1	4	1	0	0	0	1	0	0	0	0	0
