# table produced by mapDamage version 2.2.3
# using mapped file /mnt/archgen/microbiome_calculus/library_ds_vs_ss/04-analysis/normalize_kraken/mapping/neisseria_elongata/mapDamage2_ssLibs/input/BAN001.A0102.SG1.4_5M.mapped_n_elongata_q25l30_rmdup.bam and /mnt/archgen/microbiome_calculus/library_ds_vs_ss/04-analysis/normalize_kraken/mapping/neisseria_elongata/input/GCF_900453895.1_42925_E01_genomic.fna as reference file
# Chr: reference from sam/bam header, End: from which termini of DNA sequences, Std: strand of reads
Chr	End	Std	Pos	A	C	G	T	Total	G>A	C>T	A>G	T>C	A>C	A>T	C>G	C>A	T>G	T>A	G>C	G>T	A>-	T>-	C>-	G>-	->A	->T	->C	->G	S
NZ_UGQW01000001.1	3p	+	1	0	3	2	1	6	0	0	0	0	0	0	0	0	0	0	0	0	0	0	0	0	0	0	0	0	0
NZ_UGQW01000001.1	3p	+	2	0	2	3	1	6	0	0	0	0	0	0	0	0	0	0	0	0	0	0	0	0	0	0	0	0	0
NZ_UGQW01000001.1	3p	+	3	1	2	2	1	6	0	0	0	0	0	0	0	0	0	0	0	0	0	0	0	0	0	0	0	0	0
NZ_UGQW01000001.1	3p	+	4	0	1	4	1	6	0	0	0	0	0	0	0	0	0	0	0	0	0	0	0	0	0	0	0	0	0
NZ_UGQW01000001.1	3p	+	5	2	2	1	1	6	0	0	0	1	0	0	0	0	0	0	0	0	0	0	0	0	0	0	0	0	0
NZ_UGQW01000001.1	3p	+	6	0	0	4	2	6	0	0	0	0	0	0	0	0	0	0	0	0	0	0	0	0	0	0	0	0	0
NZ_UGQW01000001.1	3p	+	7	0	2	0	4	6	0	1	0	0	0	0	0	0	0	0	0	0	0	0	0	0	0	0	0	0	0
NZ_UGQW01000001.1	3p	+	8	0	0	3	3	6	0	0	0	0	0	0	0	0	0	0	0	0	0	0	0	0	0	0	0	0	0
NZ_UGQW01000001.1	3p	+	9	0	1	3	2	6	0	0	0	0	0	0	0	0	0	0	0	0	0	0	0	0	0	0	0	0	0
NZ_UGQW01000001.1	3p	+	10	0	2	4	0	6	1	0	0	0	0	0	0	0	0	0	0	0	0	0	0	0	0	0	0	0	0
NZ_UGQW01000001.1	3p	+	11	1	2	1	2	6	0	0	0	0	0	0	0	0	0	0	0	0	0	0	0	0	0	0	0	0	0
NZ_UGQW01000001.1	3p	+	12	2	2	1	1	6	0	0	0	0	0	0	0	0	0	0	0	0	0	0	0	0	0	0	0	0	0
NZ_UGQW01000001.1	3p	+	13	4	1	1	0	6	1	0	0	0	0	0	0	0	0	0	0	0	0	0	0	0	0	0	0	0	0
NZ_UGQW01000001.1	3p	+	14	2	2	2	0	6	0	0	0	0	0	0	0	0	0	0	0	0	0	0	0	0	0	0	0	0	0
NZ_UGQW01000001.1	3p	+	15	2	1	2	1	6	0	0	0	0	0	0	0	0	0	0	0	0	0	0	0	0	0	0	0	0	0
NZ_UGQW01000001.1	3p	+	16	1	3	1	1	6	0	0	0	0	0	0	0	1	0	0	0	0	0	0	0	0	0	0	0	0	0
NZ_UGQW01000001.1	3p	+	17	1	2	3	0	6	0	0	0	0	0	0	0	0	0	0	0	1	0	0	0	0	0	0	0	0	0
NZ_UGQW01000001.1	3p	+	18	1	2	1	2	6	0	0	0	0	0	0	0	0	0	0	0	0	0	0	0	0	0	0	0	0	0
NZ_UGQW01000001.1	3p	+	19	2	2	2	0	6	0	0	0	0	0	0	0	0	0	0	0	0	0	0	0	0	0	0	0	0	0
NZ_UGQW01000001.1	3p	+	20	0	2	2	2	6	0	0	0	0	0	0	0	0	0	0	0	0	0	0	0	0	0	0	0	0	0
NZ_UGQW01000001.1	3p	+	21	1	1	2	2	6	0	0	0	0	0	0	0	0	0	0	0	0	0	0	0	0	0	0	0	0	0
NZ_UGQW01000001.1	3p	+	22	2	2	1	1	6	0	0	0	0	0	0	0	0	0	0	1	0	0	0	0	0	0	0	0	0	0
NZ_UGQW01000001.1	3p	+	23	0	2	2	2	6	0	0	0	0	0	0	0	0	0	0	0	0	0	0	0	0	0	0	0	0	0
NZ_UGQW01000001.1	3p	+	24	1	1	1	3	6	0	0	0	1	0	0	0	0	0	0	0	0	0	0	0	0	0	0	0	0	0
NZ_UGQW01000001.1	3p	+	25	2	1	1	2	6	0	0	0	0	0	0	0	0	0	0	0	0	0	0	0	0	0	0	0	0	0
NZ_UGQW01000001.1	3p	+	26	0	3	2	1	6	0	1	0	0	0	0	0	0	0	0	1	0	0	0	0	0	0	0	0	0	0
NZ_UGQW01000001.1	3p	+	27	1	2	1	2	6	0	0	0	0	0	0	0	0	0	0	0	0	0	0	0	0	0	0	0	0	0
NZ_UGQW01000001.1	3p	+	28	2	3	1	0	6	0	1	0	0	0	0	0	0	0	0	0	0	0	0	0	0	0	0	0	0	0
NZ_UGQW01000001.1	3p	+	29	1	2	3	0	6	0	0	1	0	0	0	0	0	0	0	0	0	0	0	0	0	0	0	0	0	0
NZ_UGQW01000001.1	3p	+	30	3	1	1	1	6	0	0	0	0	0	0	0	0	0	0	0	0	0	0	0	0	0	0	0	0	0
NZ_UGQW01000001.1	3p	+	31	3	1	1	1	6	0	0	2	0	0	0	0	0	0	0	0	0	0	0	0	0	0	0	0	0	0
NZ_UGQW01000001.1	3p	+	32	3	2	0	0	5	0	0	0	0	0	0	0	0	0	0	0	0	0	0	0	0	0	0	0	0	0
NZ_UGQW01000001.1	3p	+	33	1	0	3	0	4	0	0	0	0	0	0	0	0	0	0	0	0	0	0	0	0	0	0	0	0	0
NZ_UGQW01000001.1	3p	+	34	1	0	1	0	2	0	0	0	0	0	0	0	0	0	0	0	0	0	0	0	0	0	0	0	0	0
NZ_UGQW01000001.1	3p	+	35	1	1	0	0	2	0	1	0	0	0	0	0	0	0	0	0	0	0	0	0	0	0	0	0	0	0
NZ_UGQW01000001.1	3p	+	36	1	0	1	0	2	0	0	0	0	0	0	0	0	0	0	0	0	0	0	0	0	0	0	0	0	0
NZ_UGQW01000001.1	3p	+	37	0	0	0	0	0	0	0	0	0	0	0	0	0	0	0	0	0	0	0	0	0	0	0	0	0	0
NZ_UGQW01000001.1	3p	+	38	0	0	0	0	0	0	0	0	0	0	0	0	0	0	0	0	0	0	0	0	0	0	0	0	0	0
NZ_UGQW01000001.1	3p	+	39	0	0	0	0	0	0	0	0	0	0	0	0	0	0	0	0	0	0	0	0	0	0	0	0	0	0
NZ_UGQW01000001.1	3p	+	40	0	0	0	0	0	0	0	0	0	0	0	0	0	0	0	0	0	0	0	0	0	0	0	0	0	0
NZ_UGQW01000001.1	3p	+	41	0	0	0	0	0	0	0	0	0	0	0	0	0	0	0	0	0	0	0	0	0	0	0	0	0	0
NZ_UGQW01000001.1	3p	+	42	0	0	0	0	0	0	0	0	0	0	0	0	0	0	0	0	0	0	0	0	0	0	0	0	0	0
NZ_UGQW01000001.1	3p	+	43	0	0	0	0	0	0	0	0	0	0	0	0	0	0	0	0	0	0	0	0	0	0	0	0	0	0
NZ_UGQW01000001.1	3p	+	44	0	0	0	0	0	0	0	0	0	0	0	0	0	0	0	0	0	0	0	0	0	0	0	0	0	0
NZ_UGQW01000001.1	3p	+	45	0	0	0	0	0	0	0	0	0	0	0	0	0	0	0	0	0	0	0	0	0	0	0	0	0	0
NZ_UGQW01000001.1	3p	+	46	0	0	0	0	0	0	0	0	0	0	0	0	0	0	0	0	0	0	0	0	0	0	0	0	0	0
NZ_UGQW01000001.1	3p	+	47	0	0	0	0	0	0	0	0	0	0	0	0	0	0	0	0	0	0	0	0	0	0	0	0	0	0
NZ_UGQW01000001.1	3p	+	48	0	0	0	0	0	0	0	0	0	0	0	0	0	0	0	0	0	0	0	0	0	0	0	0	0	0
NZ_UGQW01000001.1	3p	+	49	0	0	0	0	0	0	0	0	0	0	0	0	0	0	0	0	0	0	0	0	0	0	0	0	0	0
NZ_UGQW01000001.1	3p	+	50	0	0	0	0	0	0	0	0	0	0	0	0	0	0	0	0	0	0	0	0	0	0	0	0	0	0
NZ_UGQW01000001.1	3p	+	51	0	0	0	0	0	0	0	0	0	0	0	0	0	0	0	0	0	0	0	0	0	0	0	0	0	0
NZ_UGQW01000001.1	3p	+	52	0	0	0	0	0	0	0	0	0	0	0	0	0	0	0	0	0	0	0	0	0	0	0	0	0	0
NZ_UGQW01000001.1	3p	+	53	0	0	0	0	0	0	0	0	0	0	0	0	0	0	0	0	0	0	0	0	0	0	0	0	0	0
NZ_UGQW01000001.1	3p	+	54	0	0	0	0	0	0	0	0	0	0	0	0	0	0	0	0	0	0	0	0	0	0	0	0	0	0
NZ_UGQW01000001.1	3p	+	55	0	0	0	0	0	0	0	0	0	0	0	0	0	0	0	0	0	0	0	0	0	0	0	0	0	0
NZ_UGQW01000001.1	3p	+	56	0	0	0	0	0	0	0	0	0	0	0	0	0	0	0	0	0	0	0	0	0	0	0	0	0	0
NZ_UGQW01000001.1	3p	+	57	0	0	0	0	0	0	0	0	0	0	0	0	0	0	0	0	0	0	0	0	0	0	0	0	0	0
NZ_UGQW01000001.1	3p	+	58	0	0	0	0	0	0	0	0	0	0	0	0	0	0	0	0	0	0	0	0	0	0	0	0	0	0
NZ_UGQW01000001.1	3p	+	59	0	0	0	0	0	0	0	0	0	0	0	0	0	0	0	0	0	0	0	0	0	0	0	0	0	0
NZ_UGQW01000001.1	3p	+	60	0	0	0	0	0	0	0	0	0	0	0	0	0	0	0	0	0	0	0	0	0	0	0	0	0	0
NZ_UGQW01000001.1	3p	+	61	0	0	0	0	0	0	0	0	0	0	0	0	0	0	0	0	0	0	0	0	0	0	0	0	0	0
NZ_UGQW01000001.1	3p	+	62	0	0	0	0	0	0	0	0	0	0	0	0	0	0	0	0	0	0	0	0	0	0	0	0	0	0
NZ_UGQW01000001.1	3p	+	63	0	0	0	0	0	0	0	0	0	0	0	0	0	0	0	0	0	0	0	0	0	0	0	0	0	0
NZ_UGQW01000001.1	3p	+	64	0	0	0	0	0	0	0	0	0	0	0	0	0	0	0	0	0	0	0	0	0	0	0	0	0	0
NZ_UGQW01000001.1	3p	+	65	0	0	0	0	0	0	0	0	0	0	0	0	0	0	0	0	0	0	0	0	0	0	0	0	0	0
NZ_UGQW01000001.1	3p	+	66	0	0	0	0	0	0	0	0	0	0	0	0	0	0	0	0	0	0	0	0	0	0	0	0	0	0
NZ_UGQW01000001.1	3p	+	67	0	0	0	0	0	0	0	0	0	0	0	0	0	0	0	0	0	0	0	0	0	0	0	0	0	0
NZ_UGQW01000001.1	3p	+	68	0	0	0	0	0	0	0	0	0	0	0	0	0	0	0	0	0	0	0	0	0	0	0	0	0	0
NZ_UGQW01000001.1	3p	+	69	0	0	0	0	0	0	0	0	0	0	0	0	0	0	0	0	0	0	0	0	0	0	0	0	0	0
NZ_UGQW01000001.1	3p	+	70	0	0	0	0	0	0	0	0	0	0	0	0	0	0	0	0	0	0	0	0	0	0	0	0	0	0
NZ_UGQW01000001.1	3p	-	1	0	2	2	0	4	0	0	0	0	0	0	0	0	0	0	0	0	0	0	0	0	0	0	0	0	0
NZ_UGQW01000001.1	3p	-	2	1	1	1	1	4	0	0	0	0	0	0	0	0	1	0	0	0	0	0	0	0	0	0	0	0	0
NZ_UGQW01000001.1	3p	-	3	2	1	1	0	4	0	0	0	0	0	0	0	0	0	0	1	0	0	0	0	0	0	0	0	0	0
NZ_UGQW01000001.1	3p	-	4	0	3	1	0	4	0	0	0	0	0	0	0	0	0	0	0	0	0	0	0	0	0	0	0	0	0
NZ_UGQW01000001.1	3p	-	5	1	1	0	2	4	0	0	0	0	0	0	0	0	0	0	0	0	0	0	0	0	0	0	0	0	0
NZ_UGQW01000001.1	3p	-	6	1	0	2	1	4	0	0	0	0	1	0	0	0	0	0	0	0	0	0	0	0	0	0	0	0	0
NZ_UGQW01000001.1	3p	-	7	1	2	0	1	4	0	0	0	0	0	0	0	0	0	0	0	0	0	0	0	0	0	0	0	0	0
NZ_UGQW01000001.1	3p	-	8	1	0	1	2	4	0	0	0	1	0	0	0	0	0	0	0	0	0	0	0	0	0	0	0	0	0
NZ_UGQW01000001.1	3p	-	9	0	0	2	2	4	0	0	0	0	0	0	0	0	0	0	0	0	0	0	0	0	0	0	0	0	0
NZ_UGQW01000001.1	3p	-	10	1	1	2	0	4	0	0	0	0	0	0	1	0	0	0	0	1	0	0	0	0	0	0	0	0	0
NZ_UGQW01000001.1	3p	-	11	1	1	1	1	4	0	0	0	0	0	0	0	0	0	0	0	0	0	0	0	0	0	0	0	0	0
NZ_UGQW01000001.1	3p	-	12	0	2	1	1	4	1	1	0	0	0	0	0	0	0	0	0	0	0	0	0	0	0	0	0	0	0
NZ_UGQW01000001.1	3p	-	13	1	1	1	1	4	0	0	0	0	0	0	0	0	0	0	0	0	0	0	0	0	0	0	0	0	0
NZ_UGQW01000001.1	3p	-	14	0	1	2	1	4	0	0	0	0	0	0	0	0	0	0	0	0	0	0	0	0	0	0	0	0	0
NZ_UGQW01000001.1	3p	-	15	0	1	3	0	4	0	0	0	0	0	0	0	0	0	0	0	0	0	0	0	0	0	0	0	0	0
NZ_UGQW01000001.1	3p	-	16	1	1	0	2	4	0	0	0	0	0	0	0	0	0	0	0	0	0	0	0	0	0	0	0	0	0
NZ_UGQW01000001.1	3p	-	17	1	2	0	1	4	0	0	0	0	0	0	0	0	0	0	0	0	0	0	0	0	0	0	0	0	0
NZ_UGQW01000001.1	3p	-	18	0	0	4	0	4	0	0	0	0	0	0	0	0	0	0	0	0	0	0	0	0	0	0	0	0	0
NZ_UGQW01000001.1	3p	-	19	0	1	1	2	4	0	0	0	0	0	0	0	0	0	0	0	0	0	0	0	0	0	0	0	0	0
NZ_UGQW01000001.1	3p	-	20	0	1	2	1	4	0	0	0	0	0	0	0	0	0	0	0	0	0	0	0	0	0	0	0	0	0
NZ_UGQW01000001.1	3p	-	21	0	2	2	0	4	0	0	0	0	0	0	1	0	0	0	0	0	0	0	0	0	0	0	0	0	0
NZ_UGQW01000001.1	3p	-	22	0	0	2	2	4	0	0	0	0	0	0	0	0	0	0	0	0	0	0	0	0	0	0	0	0	0
NZ_UGQW01000001.1	3p	-	23	1	0	0	3	4	0	0	0	0	0	0	0	0	0	0	0	0	0	0	0	0	0	0	0	0	0
NZ_UGQW01000001.1	3p	-	24	0	1	2	1	4	0	0	0	0	0	0	0	0	0	0	0	1	0	0	0	0	0	0	0	0	0
NZ_UGQW01000001.1	3p	-	25	0	2	2	0	4	0	0	0	0	0	0	0	0	0	0	0	0	0	0	0	0	0	0	0	0	0
NZ_UGQW01000001.1	3p	-	26	0	2	1	1	4	0	0	0	0	0	0	0	0	0	0	0	0	0	0	0	0	0	0	0	0	0
NZ_UGQW01000001.1	3p	-	27	0	1	3	0	4	0	0	0	0	0	0	0	0	0	0	0	0	0	0	0	0	0	0	0	0	0
NZ_UGQW01000001.1	3p	-	28	0	1	2	1	4	0	0	0	0	0	0	0	0	0	0	0	0	0	0	0	0	0	0	0	0	0
NZ_UGQW01000001.1	3p	-	29	1	2	1	0	4	0	0	0	0	0	0	0	0	0	0	0	0	0	0	0	0	0	0	0	0	0
NZ_UGQW01000001.1	3p	-	30	0	2	1	1	4	0	0	0	0	0	0	0	0	0	0	0	0	0	0	0	0	0	0	0	0	0
NZ_UGQW01000001.1	3p	-	31	0	1	0	0	1	0	0	0	0	0	0	0	0	0	0	0	0	0	0	0	0	0	0	0	0	0
NZ_UGQW01000001.1	3p	-	32	1	0	0	0	1	0	0	1	0	0	0	0	0	0	0	0	0	0	0	0	0	0	0	0	0	0
NZ_UGQW01000001.1	3p	-	33	0	1	0	0	1	0	0	0	0	0	0	0	0	0	0	0	0	0	0	0	0	0	0	0	0	0
NZ_UGQW01000001.1	3p	-	34	0	0	1	0	1	0	0	0	0	0	0	0	0	0	0	0	0	0	0	0	0	0	0	0	0	0
NZ_UGQW01000001.1	3p	-	35	0	1	0	0	1	0	0	0	0	0	0	0	0	0	0	0	0	0	0	0	0	0	0	0	0	0
NZ_UGQW01000001.1	3p	-	36	0	1	0	0	1	0	0	0	0	0	0	0	0	0	0	0	0	0	0	0	0	0	0	0	0	0
NZ_UGQW01000001.1	3p	-	37	0	1	0	0	1	0	0	0	0	0	0	0	0	0	0	0	0	0	0	0	0	0	0	0	0	0
NZ_UGQW01000001.1	3p	-	38	0	0	0	0	0	0	0	0	0	0	0	0	0	0	0	0	0	0	0	0	0	0	0	0	0	0
NZ_UGQW01000001.1	3p	-	39	0	0	0	0	0	0	0	0	0	0	0	0	0	0	0	0	0	0	0	0	0	0	0	0	0	0
NZ_UGQW01000001.1	3p	-	40	0	0	0	0	0	0	0	0	0	0	0	0	0	0	0	0	0	0	0	0	0	0	0	0	0	0
NZ_UGQW01000001.1	3p	-	41	0	0	0	0	0	0	0	0	0	0	0	0	0	0	0	0	0	0	0	0	0	0	0	0	0	0
NZ_UGQW01000001.1	3p	-	42	0	0	0	0	0	0	0	0	0	0	0	0	0	0	0	0	0	0	0	0	0	0	0	0	0	0
NZ_UGQW01000001.1	3p	-	43	0	0	0	0	0	0	0	0	0	0	0	0	0	0	0	0	0	0	0	0	0	0	0	0	0	0
NZ_UGQW01000001.1	3p	-	44	0	0	0	0	0	0	0	0	0	0	0	0	0	0	0	0	0	0	0	0	0	0	0	0	0	0
NZ_UGQW01000001.1	3p	-	45	0	0	0	0	0	0	0	0	0	0	0	0	0	0	0	0	0	0	0	0	0	0	0	0	0	0
NZ_UGQW01000001.1	3p	-	46	0	0	0	0	0	0	0	0	0	0	0	0	0	0	0	0	0	0	0	0	0	0	0	0	0	0
NZ_UGQW01000001.1	3p	-	47	0	0	0	0	0	0	0	0	0	0	0	0	0	0	0	0	0	0	0	0	0	0	0	0	0	0
NZ_UGQW01000001.1	3p	-	48	0	0	0	0	0	0	0	0	0	0	0	0	0	0	0	0	0	0	0	0	0	0	0	0	0	0
NZ_UGQW01000001.1	3p	-	49	0	0	0	0	0	0	0	0	0	0	0	0	0	0	0	0	0	0	0	0	0	0	0	0	0	0
NZ_UGQW01000001.1	3p	-	50	0	0	0	0	0	0	0	0	0	0	0	0	0	0	0	0	0	0	0	0	0	0	0	0	0	0
NZ_UGQW01000001.1	3p	-	51	0	0	0	0	0	0	0	0	0	0	0	0	0	0	0	0	0	0	0	0	0	0	0	0	0	0
NZ_UGQW01000001.1	3p	-	52	0	0	0	0	0	0	0	0	0	0	0	0	0	0	0	0	0	0	0	0	0	0	0	0	0	0
NZ_UGQW01000001.1	3p	-	53	0	0	0	0	0	0	0	0	0	0	0	0	0	0	0	0	0	0	0	0	0	0	0	0	0	0
NZ_UGQW01000001.1	3p	-	54	0	0	0	0	0	0	0	0	0	0	0	0	0	0	0	0	0	0	0	0	0	0	0	0	0	0
NZ_UGQW01000001.1	3p	-	55	0	0	0	0	0	0	0	0	0	0	0	0	0	0	0	0	0	0	0	0	0	0	0	0	0	0
NZ_UGQW01000001.1	3p	-	56	0	0	0	0	0	0	0	0	0	0	0	0	0	0	0	0	0	0	0	0	0	0	0	0	0	0
NZ_UGQW01000001.1	3p	-	57	0	0	0	0	0	0	0	0	0	0	0	0	0	0	0	0	0	0	0	0	0	0	0	0	0	0
NZ_UGQW01000001.1	3p	-	58	0	0	0	0	0	0	0	0	0	0	0	0	0	0	0	0	0	0	0	0	0	0	0	0	0	0
NZ_UGQW01000001.1	3p	-	59	0	0	0	0	0	0	0	0	0	0	0	0	0	0	0	0	0	0	0	0	0	0	0	0	0	0
NZ_UGQW01000001.1	3p	-	60	0	0	0	0	0	0	0	0	0	0	0	0	0	0	0	0	0	0	0	0	0	0	0	0	0	0
NZ_UGQW01000001.1	3p	-	61	0	0	0	0	0	0	0	0	0	0	0	0	0	0	0	0	0	0	0	0	0	0	0	0	0	0
NZ_UGQW01000001.1	3p	-	62	0	0	0	0	0	0	0	0	0	0	0	0	0	0	0	0	0	0	0	0	0	0	0	0	0	0
NZ_UGQW01000001.1	3p	-	63	0	0	0	0	0	0	0	0	0	0	0	0	0	0	0	0	0	0	0	0	0	0	0	0	0	0
NZ_UGQW01000001.1	3p	-	64	0	0	0	0	0	0	0	0	0	0	0	0	0	0	0	0	0	0	0	0	0	0	0	0	0	0
NZ_UGQW01000001.1	3p	-	65	0	0	0	0	0	0	0	0	0	0	0	0	0	0	0	0	0	0	0	0	0	0	0	0	0	0
NZ_UGQW01000001.1	3p	-	66	0	0	0	0	0	0	0	0	0	0	0	0	0	0	0	0	0	0	0	0	0	0	0	0	0	0
NZ_UGQW01000001.1	3p	-	67	0	0	0	0	0	0	0	0	0	0	0	0	0	0	0	0	0	0	0	0	0	0	0	0	0	0
NZ_UGQW01000001.1	3p	-	68	0	0	0	0	0	0	0	0	0	0	0	0	0	0	0	0	0	0	0	0	0	0	0	0	0	0
NZ_UGQW01000001.1	3p	-	69	0	0	0	0	0	0	0	0	0	0	0	0	0	0	0	0	0	0	0	0	0	0	0	0	0	0
NZ_UGQW01000001.1	3p	-	70	0	0	0	0	0	0	0	0	0	0	0	0	0	0	0	0	0	0	0	0	0	0	0	0	0	0
NZ_UGQW01000001.1	5p	+	1	3	0	2	1	6	0	0	0	0	0	0	0	0	0	0	0	0	0	0	0	0	0	0	0	0	0
NZ_UGQW01000001.1	5p	+	2	3	2	1	0	6	0	1	0	0	0	0	0	0	0	0	0	0	0	0	0	0	0	0	0	0	0
NZ_UGQW01000001.1	5p	+	3	3	1	2	0	6	0	0	0	0	0	0	0	0	0	0	0	0	0	0	0	0	0	0	0	0	0
NZ_UGQW01000001.1	5p	+	4	2	0	4	0	6	0	0	1	0	0	0	0	0	0	0	0	0	0	0	0	0	0	0	0	0	0
NZ_UGQW01000001.1	5p	+	5	1	5	0	0	6	0	0	0	0	0	0	0	0	0	0	0	0	0	0	0	0	0	0	0	0	0
NZ_UGQW01000001.1	5p	+	6	3	1	2	0	6	0	0	2	0	0	0	0	0	0	0	1	0	0	0	0	0	0	0	0	0	0
NZ_UGQW01000001.1	5p	+	7	1	3	0	2	6	0	1	0	0	0	0	0	0	0	0	0	0	0	0	0	0	0	0	0	0	0
NZ_UGQW01000001.1	5p	+	8	0	2	2	2	6	0	0	0	0	0	0	0	0	0	0	0	0	0	0	0	0	0	0	0	0	0
NZ_UGQW01000001.1	5p	+	9	1	1	3	1	6	0	1	0	0	0	0	0	0	0	0	0	0	0	0	0	0	0	0	0	0	0
NZ_UGQW01000001.1	5p	+	10	1	1	0	4	6	0	0	0	1	0	0	0	0	0	0	0	0	0	0	0	0	0	0	0	0	0
NZ_UGQW01000001.1	5p	+	11	1	2	2	1	6	0	0	0	0	0	0	0	0	0	0	0	0	0	0	0	0	0	0	0	0	0
NZ_UGQW01000001.1	5p	+	12	1	2	2	1	6	0	0	0	0	0	0	0	0	0	0	1	0	0	0	0	0	0	0	0	0	0
NZ_UGQW01000001.1	5p	+	13	2	1	1	2	6	0	0	0	0	0	0	0	0	0	0	0	0	0	0	0	0	0	0	0	0	0
NZ_UGQW01000001.1	5p	+	14	0	1	2	3	6	0	0	0	0	0	0	0	0	0	0	0	0	0	0	0	0	0	0	0	0	0
NZ_UGQW01000001.1	5p	+	15	2	3	1	0	6	0	0	0	0	0	0	0	0	0	0	0	0	0	0	0	0	0	0	0	0	0
NZ_UGQW01000001.1	5p	+	16	2	2	2	0	6	0	0	0	0	0	0	0	0	0	0	0	0	0	0	0	0	0	0	0	0	0
NZ_UGQW01000001.1	5p	+	17	1	2	0	3	6	0	0	0	0	0	0	0	0	0	0	0	0	0	0	0	0	0	0	0	0	0
NZ_UGQW01000001.1	5p	+	18	0	3	3	0	6	0	0	0	0	0	0	0	1	0	0	0	0	0	0	0	0	0	0	0	0	0
NZ_UGQW01000001.1	5p	+	19	1	2	2	1	6	0	0	0	0	0	0	0	0	0	0	0	0	0	0	0	0	0	0	0	0	0
NZ_UGQW01000001.1	5p	+	20	1	1	3	1	6	0	0	0	0	0	0	0	0	0	0	0	1	0	0	0	0	0	0	0	0	0
NZ_UGQW01000001.1	5p	+	21	2	2	2	0	6	1	0	0	0	0	0	0	0	0	0	0	0	0	0	0	0	0	0	0	0	0
NZ_UGQW01000001.1	5p	+	22	3	2	1	0	6	0	0	0	0	0	0	0	0	0	0	0	0	0	0	0	0	0	0	0	0	0
NZ_UGQW01000001.1	5p	+	23	2	3	0	1	6	0	0	0	0	0	0	0	0	0	0	0	0	0	0	0	0	0	0	0	0	0
NZ_UGQW01000001.1	5p	+	24	2	0	2	2	6	1	0	0	0	0	0	0	0	0	0	0	0	0	0	0	0	0	0	0	0	0
NZ_UGQW01000001.1	5p	+	25	1	1	3	1	6	0	0	0	0	0	0	0	0	0	0	0	0	0	0	0	0	0	0	0	0	0
NZ_UGQW01000001.1	5p	+	26	0	1	2	3	6	0	0	0	0	0	0	0	0	0	0	0	0	0	0	0	0	0	0	0	0	0
NZ_UGQW01000001.1	5p	+	27	0	1	3	2	6	0	1	0	1	0	0	0	0	0	0	0	0	0	0	0	0	0	0	0	0	0
NZ_UGQW01000001.1	5p	+	28	0	1	2	3	6	0	0	0	0	0	0	0	0	0	0	0	0	0	0	0	0	0	0	0	0	0
NZ_UGQW01000001.1	5p	+	29	1	2	2	1	6	0	0	0	0	0	0	0	0	0	0	0	0	0	0	0	0	0	0	0	0	0
NZ_UGQW01000001.1	5p	+	30	1	2	2	1	6	0	0	0	0	0	0	0	0	0	0	0	0	0	0	0	0	0	0	0	0	0
NZ_UGQW01000001.1	5p	+	31	0	1	3	2	6	0	0	0	0	0	0	0	0	0	0	0	0	0	0	0	0	0	0	0	0	0
NZ_UGQW01000001.1	5p	+	32	1	1	2	1	5	0	0	0	0	0	0	0	0	0	0	0	0	0	0	0	0	0	0	0	0	0
NZ_UGQW01000001.1	5p	+	33	0	1	3	0	4	0	0	0	0	0	0	0	0	0	0	0	0	0	0	0	0	0	0	0	0	0
NZ_UGQW01000001.1	5p	+	34	0	1	1	0	2	0	0	0	0	0	0	0	0	0	0	0	0	0	0	0	0	0	0	0	0	0
NZ_UGQW01000001.1	5p	+	35	0	1	1	0	2	0	0	0	0	0	0	0	0	0	0	0	0	0	0	0	0	0	0	0	0	0
NZ_UGQW01000001.1	5p	+	36	0	1	0	1	2	0	0	0	0	0	0	0	0	0	0	0	0	0	0	0	0	0	0	0	0	0
NZ_UGQW01000001.1	5p	+	37	0	0	0	0	0	0	0	0	0	0	0	0	0	0	0	0	0	0	0	0	0	0	0	0	0	0
NZ_UGQW01000001.1	5p	+	38	0	0	0	0	0	0	0	0	0	0	0	0	0	0	0	0	0	0	0	0	0	0	0	0	0	0
NZ_UGQW01000001.1	5p	+	39	0	0	0	0	0	0	0	0	0	0	0	0	0	0	0	0	0	0	0	0	0	0	0	0	0	0
NZ_UGQW01000001.1	5p	+	40	0	0	0	0	0	0	0	0	0	0	0	0	0	0	0	0	0	0	0	0	0	0	0	0	0	0
NZ_UGQW01000001.1	5p	+	41	0	0	0	0	0	0	0	0	0	0	0	0	0	0	0	0	0	0	0	0	0	0	0	0	0	0
NZ_UGQW01000001.1	5p	+	42	0	0	0	0	0	0	0	0	0	0	0	0	0	0	0	0	0	0	0	0	0	0	0	0	0	0
NZ_UGQW01000001.1	5p	+	43	0	0	0	0	0	0	0	0	0	0	0	0	0	0	0	0	0	0	0	0	0	0	0	0	0	0
NZ_UGQW01000001.1	5p	+	44	0	0	0	0	0	0	0	0	0	0	0	0	0	0	0	0	0	0	0	0	0	0	0	0	0	0
NZ_UGQW01000001.1	5p	+	45	0	0	0	0	0	0	0	0	0	0	0	0	0	0	0	0	0	0	0	0	0	0	0	0	0	0
NZ_UGQW01000001.1	5p	+	46	0	0	0	0	0	0	0	0	0	0	0	0	0	0	0	0	0	0	0	0	0	0	0	0	0	0
NZ_UGQW01000001.1	5p	+	47	0	0	0	0	0	0	0	0	0	0	0	0	0	0	0	0	0	0	0	0	0	0	0	0	0	0
NZ_UGQW01000001.1	5p	+	48	0	0	0	0	0	0	0	0	0	0	0	0	0	0	0	0	0	0	0	0	0	0	0	0	0	0
NZ_UGQW01000001.1	5p	+	49	0	0	0	0	0	0	0	0	0	0	0	0	0	0	0	0	0	0	0	0	0	0	0	0	0	0
NZ_UGQW01000001.1	5p	+	50	0	0	0	0	0	0	0	0	0	0	0	0	0	0	0	0	0	0	0	0	0	0	0	0	0	0
NZ_UGQW01000001.1	5p	+	51	0	0	0	0	0	0	0	0	0	0	0	0	0	0	0	0	0	0	0	0	0	0	0	0	0	0
NZ_UGQW01000001.1	5p	+	52	0	0	0	0	0	0	0	0	0	0	0	0	0	0	0	0	0	0	0	0	0	0	0	0	0	0
NZ_UGQW01000001.1	5p	+	53	0	0	0	0	0	0	0	0	0	0	0	0	0	0	0	0	0	0	0	0	0	0	0	0	0	0
NZ_UGQW01000001.1	5p	+	54	0	0	0	0	0	0	0	0	0	0	0	0	0	0	0	0	0	0	0	0	0	0	0	0	0	0
NZ_UGQW01000001.1	5p	+	55	0	0	0	0	0	0	0	0	0	0	0	0	0	0	0	0	0	0	0	0	0	0	0	0	0	0
NZ_UGQW01000001.1	5p	+	56	0	0	0	0	0	0	0	0	0	0	0	0	0	0	0	0	0	0	0	0	0	0	0	0	0	0
NZ_UGQW01000001.1	5p	+	57	0	0	0	0	0	0	0	0	0	0	0	0	0	0	0	0	0	0	0	0	0	0	0	0	0	0
NZ_UGQW01000001.1	5p	+	58	0	0	0	0	0	0	0	0	0	0	0	0	0	0	0	0	0	0	0	0	0	0	0	0	0	0
NZ_UGQW01000001.1	5p	+	59	0	0	0	0	0	0	0	0	0	0	0	0	0	0	0	0	0	0	0	0	0	0	0	0	0	0
NZ_UGQW01000001.1	5p	+	60	0	0	0	0	0	0	0	0	0	0	0	0	0	0	0	0	0	0	0	0	0	0	0	0	0	0
NZ_UGQW01000001.1	5p	+	61	0	0	0	0	0	0	0	0	0	0	0	0	0	0	0	0	0	0	0	0	0	0	0	0	0	0
NZ_UGQW01000001.1	5p	+	62	0	0	0	0	0	0	0	0	0	0	0	0	0	0	0	0	0	0	0	0	0	0	0	0	0	0
NZ_UGQW01000001.1	5p	+	63	0	0	0	0	0	0	0	0	0	0	0	0	0	0	0	0	0	0	0	0	0	0	0	0	0	0
NZ_UGQW01000001.1	5p	+	64	0	0	0	0	0	0	0	0	0	0	0	0	0	0	0	0	0	0	0	0	0	0	0	0	0	0
NZ_UGQW01000001.1	5p	+	65	0	0	0	0	0	0	0	0	0	0	0	0	0	0	0	0	0	0	0	0	0	0	0	0	0	0
NZ_UGQW01000001.1	5p	+	66	0	0	0	0	0	0	0	0	0	0	0	0	0	0	0	0	0	0	0	0	0	0	0	0	0	0
NZ_UGQW01000001.1	5p	+	67	0	0	0	0	0	0	0	0	0	0	0	0	0	0	0	0	0	0	0	0	0	0	0	0	0	0
NZ_UGQW01000001.1	5p	+	68	0	0	0	0	0	0	0	0	0	0	0	0	0	0	0	0	0	0	0	0	0	0	0	0	0	0
NZ_UGQW01000001.1	5p	+	69	0	0	0	0	0	0	0	0	0	0	0	0	0	0	0	0	0	0	0	0	0	0	0	0	0	0
NZ_UGQW01000001.1	5p	+	70	0	0	0	0	0	0	0	0	0	0	0	0	0	0	0	0	0	0	0	0	0	0	0	0	0	0
NZ_UGQW01000001.1	5p	-	1	0	3	1	0	4	0	0	0	0	0	0	0	0	0	0	0	0	0	0	0	0	0	0	0	0	0
NZ_UGQW01000001.1	5p	-	2	1	2	1	0	4	0	0	0	0	0	0	0	0	0	0	0	0	0	0	0	0	0	0	0	0	0
NZ_UGQW01000001.1	5p	-	3	0	2	1	1	4	0	0	0	0	0	0	0	0	0	0	0	0	0	0	0	0	0	0	0	0	0
NZ_UGQW01000001.1	5p	-	4	0	0	4	0	4	0	0	0	0	0	0	0	0	0	0	0	0	0	0	0	0	0	0	0	0	0
NZ_UGQW01000001.1	5p	-	5	0	2	1	1	4	0	0	0	0	0	0	0	0	0	0	0	0	0	0	0	0	0	0	0	0	0
NZ_UGQW01000001.1	5p	-	6	1	2	1	0	4	0	0	1	0	0	0	0	0	0	0	0	0	0	0	0	0	0	0	0	0	0
NZ_UGQW01000001.1	5p	-	7	0	1	2	1	4	0	0	0	0	0	0	0	0	0	0	0	1	0	0	0	0	0	0	0	0	0
NZ_UGQW01000001.1	5p	-	8	0	0	0	4	4	0	0	0	0	0	0	0	0	0	0	0	0	0	0	0	0	0	0	0	0	0
NZ_UGQW01000001.1	5p	-	9	0	1	1	2	4	0	0	0	0	0	0	0	0	0	0	0	0	0	0	0	0	0	0	0	0	0
NZ_UGQW01000001.1	5p	-	10	0	2	2	0	4	0	0	0	0	0	0	1	0	0	0	0	0	0	0	0	0	0	0	0	0	0
NZ_UGQW01000001.1	5p	-	11	0	1	2	1	4	0	0	0	0	0	0	0	0	0	0	0	0	0	0	0	0	0	0	0	0	0
NZ_UGQW01000001.1	5p	-	12	0	2	1	1	4	0	0	0	0	0	0	0	0	0	0	0	0	0	0	0	0	0	0	0	0	0
NZ_UGQW01000001.1	5p	-	13	0	0	4	0	4	0	0	0	0	0	0	0	0	0	0	0	0	0	0	0	0	0	0	0	0	0
NZ_UGQW01000001.1	5p	-	14	1	3	0	0	4	0	0	0	0	0	0	0	0	0	0	0	0	0	0	0	0	0	0	0	0	0
NZ_UGQW01000001.1	5p	-	15	1	1	0	2	4	0	0	0	0	0	0	0	0	0	0	0	0	0	0	0	0	0	0	0	0	0
NZ_UGQW01000001.1	5p	-	16	0	0	4	0	4	0	0	0	0	0	0	0	0	0	0	0	0	0	0	0	0	0	0	0	0	0
NZ_UGQW01000001.1	5p	-	17	0	0	3	1	4	0	0	0	0	0	0	0	0	0	0	0	0	0	0	0	0	0	0	0	0	0
NZ_UGQW01000001.1	5p	-	18	0	2	1	1	4	0	0	0	0	0	0	0	0	0	0	0	0	0	0	0	0	0	0	0	0	0
NZ_UGQW01000001.1	5p	-	19	0	2	1	1	4	1	1	0	0	0	0	0	0	0	0	0	0	0	0	0	0	0	0	0	0	0
NZ_UGQW01000001.1	5p	-	20	1	0	2	1	4	0	0	0	0	0	0	0	0	0	0	0	0	0	0	0	0	0	0	0	0	0
NZ_UGQW01000001.1	5p	-	21	1	1	1	1	4	0	0	0	0	0	0	1	0	0	0	0	1	0	0	0	0	0	0	0	0	0
NZ_UGQW01000001.1	5p	-	22	1	0	2	1	4	0	0	0	0	0	0	0	0	0	0	0	0	0	0	0	0	0	0	0	0	0
NZ_UGQW01000001.1	5p	-	23	1	1	1	1	4	0	0	0	0	0	0	0	0	0	0	0	0	0	0	0	0	0	0	0	0	0
NZ_UGQW01000001.1	5p	-	24	0	3	0	1	4	0	0	0	0	0	0	0	0	0	0	0	0	0	0	0	0	0	0	0	0	0
NZ_UGQW01000001.1	5p	-	25	2	0	2	0	4	0	0	0	0	1	0	0	0	0	0	0	0	0	0	0	0	0	0	0	0	0
NZ_UGQW01000001.1	5p	-	26	1	0	0	3	4	0	0	0	0	0	0	0	0	0	0	0	0	0	0	0	0	0	0	0	0	0
NZ_UGQW01000001.1	5p	-	27	0	3	1	0	4	0	0	0	0	0	0	0	0	0	0	0	0	0	0	0	0	0	0	0	0	0
NZ_UGQW01000001.1	5p	-	28	1	1	2	0	4	0	0	0	0	0	0	0	0	0	0	1	0	0	0	0	0	0	0	0	0	0
NZ_UGQW01000001.1	5p	-	29	1	0	1	2	4	0	0	0	0	0	0	0	0	1	0	0	0	0	0	0	0	0	0	0	0	0
NZ_UGQW01000001.1	5p	-	30	0	1	2	1	4	0	0	0	1	0	0	0	0	0	0	0	0	0	0	0	0	0	0	0	0	0
NZ_UGQW01000001.1	5p	-	31	1	0	0	0	1	0	0	0	0	0	0	0	0	0	0	0	0	0	0	0	0	0	0	0	0	0
NZ_UGQW01000001.1	5p	-	32	0	0	0	1	1	0	0	0	0	0	0	0	0	0	0	0	0	0	0	0	0	0	0	0	0	0
NZ_UGQW01000001.1	5p	-	33	0	1	0	0	1	0	0	0	0	0	0	0	0	0	0	0	0	0	0	0	0	0	0	0	0	0
NZ_UGQW01000001.1	5p	-	34	0	1	0	0	1	0	0	0	0	0	0	0	0	0	0	0	0	0	0	0	0	0	0	0	0	0
NZ_UGQW01000001.1	5p	-	35	1	0	0	0	1	0	0	0	0	0	0	0	0	0	0	0	0	0	0	0	0	0	0	0	0	0
NZ_UGQW01000001.1	5p	-	36	0	1	0	0	1	0	0	0	0	0	0	0	0	0	0	0	0	0	0	0	0	0	0	0	0	0
NZ_UGQW01000001.1	5p	-	37	0	1	0	0	1	0	0	0	0	0	0	0	0	0	0	0	0	0	0	0	0	0	0	0	0	0
NZ_UGQW01000001.1	5p	-	38	0	0	0	0	0	0	0	0	0	0	0	0	0	0	0	0	0	0	0	0	0	0	0	0	0	0
NZ_UGQW01000001.1	5p	-	39	0	0	0	0	0	0	0	0	0	0	0	0	0	0	0	0	0	0	0	0	0	0	0	0	0	0
NZ_UGQW01000001.1	5p	-	40	0	0	0	0	0	0	0	0	0	0	0	0	0	0	0	0	0	0	0	0	0	0	0	0	0	0
NZ_UGQW01000001.1	5p	-	41	0	0	0	0	0	0	0	0	0	0	0	0	0	0	0	0	0	0	0	0	0	0	0	0	0	0
NZ_UGQW01000001.1	5p	-	42	0	0	0	0	0	0	0	0	0	0	0	0	0	0	0	0	0	0	0	0	0	0	0	0	0	0
NZ_UGQW01000001.1	5p	-	43	0	0	0	0	0	0	0	0	0	0	0	0	0	0	0	0	0	0	0	0	0	0	0	0	0	0
NZ_UGQW01000001.1	5p	-	44	0	0	0	0	0	0	0	0	0	0	0	0	0	0	0	0	0	0	0	0	0	0	0	0	0	0
NZ_UGQW01000001.1	5p	-	45	0	0	0	0	0	0	0	0	0	0	0	0	0	0	0	0	0	0	0	0	0	0	0	0	0	0
NZ_UGQW01000001.1	5p	-	46	0	0	0	0	0	0	0	0	0	0	0	0	0	0	0	0	0	0	0	0	0	0	0	0	0	0
NZ_UGQW01000001.1	5p	-	47	0	0	0	0	0	0	0	0	0	0	0	0	0	0	0	0	0	0	0	0	0	0	0	0	0	0
NZ_UGQW01000001.1	5p	-	48	0	0	0	0	0	0	0	0	0	0	0	0	0	0	0	0	0	0	0	0	0	0	0	0	0	0
NZ_UGQW01000001.1	5p	-	49	0	0	0	0	0	0	0	0	0	0	0	0	0	0	0	0	0	0	0	0	0	0	0	0	0	0
NZ_UGQW01000001.1	5p	-	50	0	0	0	0	0	0	0	0	0	0	0	0	0	0	0	0	0	0	0	0	0	0	0	0	0	0
NZ_UGQW01000001.1	5p	-	51	0	0	0	0	0	0	0	0	0	0	0	0	0	0	0	0	0	0	0	0	0	0	0	0	0	0
NZ_UGQW01000001.1	5p	-	52	0	0	0	0	0	0	0	0	0	0	0	0	0	0	0	0	0	0	0	0	0	0	0	0	0	0
NZ_UGQW01000001.1	5p	-	53	0	0	0	0	0	0	0	0	0	0	0	0	0	0	0	0	0	0	0	0	0	0	0	0	0	0
NZ_UGQW01000001.1	5p	-	54	0	0	0	0	0	0	0	0	0	0	0	0	0	0	0	0	0	0	0	0	0	0	0	0	0	0
NZ_UGQW01000001.1	5p	-	55	0	0	0	0	0	0	0	0	0	0	0	0	0	0	0	0	0	0	0	0	0	0	0	0	0	0
NZ_UGQW01000001.1	5p	-	56	0	0	0	0	0	0	0	0	0	0	0	0	0	0	0	0	0	0	0	0	0	0	0	0	0	0
NZ_UGQW01000001.1	5p	-	57	0	0	0	0	0	0	0	0	0	0	0	0	0	0	0	0	0	0	0	0	0	0	0	0	0	0
NZ_UGQW01000001.1	5p	-	58	0	0	0	0	0	0	0	0	0	0	0	0	0	0	0	0	0	0	0	0	0	0	0	0	0	0
NZ_UGQW01000001.1	5p	-	59	0	0	0	0	0	0	0	0	0	0	0	0	0	0	0	0	0	0	0	0	0	0	0	0	0	0
NZ_UGQW01000001.1	5p	-	60	0	0	0	0	0	0	0	0	0	0	0	0	0	0	0	0	0	0	0	0	0	0	0	0	0	0
NZ_UGQW01000001.1	5p	-	61	0	0	0	0	0	0	0	0	0	0	0	0	0	0	0	0	0	0	0	0	0	0	0	0	0	0
NZ_UGQW01000001.1	5p	-	62	0	0	0	0	0	0	0	0	0	0	0	0	0	0	0	0	0	0	0	0	0	0	0	0	0	0
NZ_UGQW01000001.1	5p	-	63	0	0	0	0	0	0	0	0	0	0	0	0	0	0	0	0	0	0	0	0	0	0	0	0	0	0
NZ_UGQW01000001.1	5p	-	64	0	0	0	0	0	0	0	0	0	0	0	0	0	0	0	0	0	0	0	0	0	0	0	0	0	0
NZ_UGQW01000001.1	5p	-	65	0	0	0	0	0	0	0	0	0	0	0	0	0	0	0	0	0	0	0	0	0	0	0	0	0	0
NZ_UGQW01000001.1	5p	-	66	0	0	0	0	0	0	0	0	0	0	0	0	0	0	0	0	0	0	0	0	0	0	0	0	0	0
NZ_UGQW01000001.1	5p	-	67	0	0	0	0	0	0	0	0	0	0	0	0	0	0	0	0	0	0	0	0	0	0	0	0	0	0
NZ_UGQW01000001.1	5p	-	68	0	0	0	0	0	0	0	0	0	0	0	0	0	0	0	0	0	0	0	0	0	0	0	0	0	0
NZ_UGQW01000001.1	5p	-	69	0	0	0	0	0	0	0	0	0	0	0	0	0	0	0	0	0	0	0	0	0	0	0	0	0	0
NZ_UGQW01000001.1	5p	-	70	0	0	0	0	0	0	0	0	0	0	0	0	0	0	0	0	0	0	0	0	0	0	0	0	0	0
NZ_UGQW01000002.1	3p	+	1	23	17	16	12	68	1	0	1	0	0	0	1	0	0	0	0	0	0	0	0	0	0	0	0	0	0
NZ_UGQW01000002.1	3p	+	2	18	25	15	10	68	0	0	0	1	0	0	0	1	0	1	0	0	0	0	0	0	0	0	0	0	0
NZ_UGQW01000002.1	3p	+	3	23	17	19	9	68	1	0	0	1	1	0	1	0	0	0	0	0	0	0	0	0	0	0	0	0	0
NZ_UGQW01000002.1	3p	+	4	21	21	8	18	68	0	1	2	1	1	1	1	1	0	0	0	0	0	0	0	0	0	0	0	0	0
NZ_UGQW01000002.1	3p	+	5	20	17	19	12	68	0	1	0	0	0	0	0	0	0	1	0	1	0	0	0	0	0	0	0	0	0
NZ_UGQW01000002.1	3p	+	6	13	25	19	11	68	0	1	1	1	0	0	0	0	0	0	0	1	0	0	0	0	0	0	0	0	0
NZ_UGQW01000002.1	3p	+	7	16	17	22	13	68	1	0	0	0	1	0	0	0	0	0	2	1	0	0	0	0	0	0	0	0	0
NZ_UGQW01000002.1	3p	+	8	10	25	16	16	67	2	1	0	2	0	0	1	1	0	0	1	0	0	0	0	0	0	1	0	0	0
NZ_UGQW01000002.1	3p	+	9	17	24	16	11	68	0	1	2	0	0	0	0	0	1	0	0	0	0	0	0	0	0	0	0	0	0
NZ_UGQW01000002.1	3p	+	10	19	14	23	12	68	1	0	1	0	0	2	0	0	0	0	0	0	0	0	1	0	0	0	0	0	0
NZ_UGQW01000002.1	3p	+	11	14	23	18	13	68	1	1	1	0	0	0	0	0	0	0	0	0	0	0	0	0	0	0	0	0	0
NZ_UGQW01000002.1	3p	+	12	14	20	17	17	68	0	2	1	1	1	0	0	0	0	0	0	0	0	0	0	0	0	0	0	0	0
NZ_UGQW01000002.1	3p	+	13	17	22	12	17	68	0	0	0	2	0	0	0	0	0	0	0	0	0	0	0	0	0	0	0	0	0
NZ_UGQW01000002.1	3p	+	14	16	17	14	21	68	0	0	1	0	1	0	1	0	1	0	0	0	0	0	0	0	0	0	0	0	0
NZ_UGQW01000002.1	3p	+	15	18	26	13	11	68	0	1	2	1	0	0	1	0	0	0	0	0	0	0	0	0	0	0	0	0	0
NZ_UGQW01000002.1	3p	+	16	26	20	12	10	68	1	1	1	0	0	0	2	0	2	0	0	0	0	0	0	0	0	0	0	0	0
NZ_UGQW01000002.1	3p	+	17	16	21	18	13	68	0	1	0	1	0	0	0	0	0	0	0	0	1	0	0	0	0	0	0	0	0
NZ_UGQW01000002.1	3p	+	18	11	26	19	11	67	1	0	1	0	0	0	2	0	0	0	0	0	0	0	0	0	0	1	0	0	0
NZ_UGQW01000002.1	3p	+	19	11	33	14	10	68	1	2	0	0	0	0	1	1	0	0	0	0	0	0	0	0	0	0	0	0	0
NZ_UGQW01000002.1	3p	+	20	15	20	13	20	68	0	0	1	0	0	0	0	1	0	0	0	0	0	0	0	0	0	0	0	0	0
NZ_UGQW01000002.1	3p	+	21	15	14	23	16	68	1	1	0	0	0	0	0	0	0	0	0	0	0	0	0	0	0	0	0	0	0
NZ_UGQW01000002.1	3p	+	22	16	18	16	18	68	2	1	0	1	1	0	1	0	0	0	0	1	0	0	0	0	0	0	0	0	0
NZ_UGQW01000002.1	3p	+	23	8	25	21	14	68	1	2	1	0	0	0	0	0	0	0	0	0	0	0	1	0	0	0	0	0	0
NZ_UGQW01000002.1	3p	+	24	17	20	22	9	68	0	0	0	1	0	0	1	0	0	0	1	0	0	0	0	0	0	0	0	0	0
NZ_UGQW01000002.1	3p	+	25	15	18	21	14	68	1	1	1	0	0	0	1	1	0	0	0	2	0	0	0	0	0	0	0	0	0
NZ_UGQW01000002.1	3p	+	26	18	15	17	18	68	0	0	0	2	0	0	0	0	0	0	1	0	0	0	0	0	0	0	0	0	0
NZ_UGQW01000002.1	3p	+	27	15	18	16	19	68	3	0	0	0	0	1	1	2	0	1	1	0	0	0	0	0	0	0	0	0	0
NZ_UGQW01000002.1	3p	+	28	15	20	20	13	68	0	0	0	0	0	1	1	0	0	0	0	0	0	0	0	0	0	0	0	0	0
NZ_UGQW01000002.1	3p	+	29	14	20	21	13	68	2	3	0	0	0	0	0	0	0	0	0	0	0	0	0	0	0	0	0	0	0
NZ_UGQW01000002.1	3p	+	30	15	21	19	13	68	0	0	1	0	0	0	0	0	0	0	0	0	0	0	0	0	0	0	0	0	0
NZ_UGQW01000002.1	3p	+	31	10	18	15	9	52	0	0	1	0	0	0	0	0	1	0	0	0	0	0	0	0	0	0	0	0	0
NZ_UGQW01000002.1	3p	+	32	5	12	13	13	43	0	1	0	0	0	0	0	0	0	0	0	0	0	0	0	0	0	0	0	0	0
NZ_UGQW01000002.1	3p	+	33	7	10	11	6	34	0	2	0	0	0	0	0	0	0	0	0	0	0	0	0	0	0	0	0	0	0
NZ_UGQW01000002.1	3p	+	34	4	12	5	9	30	0	1	0	0	0	0	0	0	0	0	0	0	0	0	0	0	0	0	0	0	0
NZ_UGQW01000002.1	3p	+	35	5	8	6	6	25	1	1	1	0	0	0	0	0	0	0	0	0	0	0	0	0	0	0	0	0	0
NZ_UGQW01000002.1	3p	+	36	5	8	7	2	22	0	0	0	1	0	0	0	0	0	0	0	0	0	0	0	0	0	0	0	0	0
NZ_UGQW01000002.1	3p	+	37	3	9	6	1	19	0	0	0	0	0	0	0	0	0	0	1	0	0	0	0	0	0	0	0	0	0
NZ_UGQW01000002.1	3p	+	38	3	4	7	2	16	0	1	0	0	0	0	0	0	0	0	0	0	0	0	0	0	0	0	0	0	0
NZ_UGQW01000002.1	3p	+	39	0	6	5	3	14	0	0	0	0	0	0	0	0	0	0	1	0	0	0	0	0	0	0	0	0	0
NZ_UGQW01000002.1	3p	+	40	5	4	3	2	14	0	0	0	2	1	0	0	0	0	0	1	0	0	0	0	0	0	0	0	0	0
NZ_UGQW01000002.1	3p	+	41	1	2	6	3	12	0	0	0	0	0	0	0	0	0	0	0	0	0	0	0	0	0	0	0	0	0
NZ_UGQW01000002.1	3p	+	42	4	3	3	1	11	0	0	0	0	0	0	0	0	0	0	0	0	0	0	0	0	0	0	0	0	0
NZ_UGQW01000002.1	3p	+	43	3	3	1	3	10	0	0	0	0	0	0	0	0	0	0	0	0	0	0	0	0	0	0	0	0	0
NZ_UGQW01000002.1	3p	+	44	2	2	3	2	9	0	0	0	0	0	0	0	0	0	0	0	0	0	0	0	0	0	0	0	0	0
NZ_UGQW01000002.1	3p	+	45	2	1	1	2	6	0	0	0	0	0	0	0	0	0	0	0	0	0	0	0	0	0	0	0	0	0
NZ_UGQW01000002.1	3p	+	46	1	1	0	1	3	0	0	0	0	0	0	0	0	0	0	0	0	0	0	0	0	0	0	0	0	0
NZ_UGQW01000002.1	3p	+	47	2	1	0	0	3	0	0	0	0	0	0	0	0	0	0	0	0	0	0	0	0	0	0	0	0	0
NZ_UGQW01000002.1	3p	+	48	0	0	2	0	2	0	0	0	0	0	0	0	0	0	0	0	0	0	0	0	0	0	0	0	0	0
NZ_UGQW01000002.1	3p	+	49	0	1	0	0	1	0	0	0	0	0	0	0	0	0	0	0	0	0	0	0	0	0	0	0	0	0
NZ_UGQW01000002.1	3p	+	50	0	1	0	0	1	0	0	0	0	0	0	0	0	0	0	0	0	0	0	0	0	0	0	0	0	0
NZ_UGQW01000002.1	3p	+	51	0	1	0	0	1	0	0	0	0	0	0	0	0	0	0	0	0	0	0	0	0	0	0	0	0	0
NZ_UGQW01000002.1	3p	+	52	0	0	1	0	1	1	0	0	0	0	0	0	0	0	0	0	0	0	0	0	0	0	0	0	0	0
NZ_UGQW01000002.1	3p	+	53	0	0	0	0	0	0	0	0	0	0	0	0	0	0	0	0	0	0	0	0	0	0	0	0	0	0
NZ_UGQW01000002.1	3p	+	54	0	0	0	0	0	0	0	0	0	0	0	0	0	0	0	0	0	0	0	0	0	0	0	0	0	0
NZ_UGQW01000002.1	3p	+	55	0	0	0	0	0	0	0	0	0	0	0	0	0	0	0	0	0	0	0	0	0	0	0	0	0	0
NZ_UGQW01000002.1	3p	+	56	0	0	0	0	0	0	0	0	0	0	0	0	0	0	0	0	0	0	0	0	0	0	0	0	0	0
NZ_UGQW01000002.1	3p	+	57	0	0	0	0	0	0	0	0	0	0	0	0	0	0	0	0	0	0	0	0	0	0	0	0	0	0
NZ_UGQW01000002.1	3p	+	58	0	0	0	0	0	0	0	0	0	0	0	0	0	0	0	0	0	0	0	0	0	0	0	0	0	0
NZ_UGQW01000002.1	3p	+	59	0	0	0	0	0	0	0	0	0	0	0	0	0	0	0	0	0	0	0	0	0	0	0	0	0	0
NZ_UGQW01000002.1	3p	+	60	0	0	0	0	0	0	0	0	0	0	0	0	0	0	0	0	0	0	0	0	0	0	0	0	0	0
NZ_UGQW01000002.1	3p	+	61	0	0	0	0	0	0	0	0	0	0	0	0	0	0	0	0	0	0	0	0	0	0	0	0	0	0
NZ_UGQW01000002.1	3p	+	62	0	0	0	0	0	0	0	0	0	0	0	0	0	0	0	0	0	0	0	0	0	0	0	0	0	0
NZ_UGQW01000002.1	3p	+	63	0	0	0	0	0	0	0	0	0	0	0	0	0	0	0	0	0	0	0	0	0	0	0	0	0	0
NZ_UGQW01000002.1	3p	+	64	0	0	0	0	0	0	0	0	0	0	0	0	0	0	0	0	0	0	0	0	0	0	0	0	0	0
NZ_UGQW01000002.1	3p	+	65	0	0	0	0	0	0	0	0	0	0	0	0	0	0	0	0	0	0	0	0	0	0	0	0	0	0
NZ_UGQW01000002.1	3p	+	66	0	0	0	0	0	0	0	0	0	0	0	0	0	0	0	0	0	0	0	0	0	0	0	0	0	0
NZ_UGQW01000002.1	3p	+	67	0	0	0	0	0	0	0	0	0	0	0	0	0	0	0	0	0	0	0	0	0	0	0	0	0	0
NZ_UGQW01000002.1	3p	+	68	0	0	0	0	0	0	0	0	0	0	0	0	0	0	0	0	0	0	0	0	0	0	0	0	0	0
NZ_UGQW01000002.1	3p	+	69	0	0	0	0	0	0	0	0	0	0	0	0	0	0	0	0	0	0	0	0	0	0	0	0	0	0
NZ_UGQW01000002.1	3p	+	70	0	0	0	0	0	0	0	0	0	0	0	0	0	0	0	0	0	0	0	0	0	0	0	0	0	0
NZ_UGQW01000002.1	3p	-	1	13	12	7	6	38	1	1	0	0	0	0	0	1	0	0	0	0	0	0	0	0	0	0	0	0	0
NZ_UGQW01000002.1	3p	-	2	8	13	12	5	38	1	1	0	0	0	0	0	0	0	0	0	0	0	0	0	0	0	0	0	0	0
NZ_UGQW01000002.1	3p	-	3	7	7	15	9	38	0	0	0	1	0	0	0	0	0	0	0	1	0	0	0	0	0	0	0	0	0
NZ_UGQW01000002.1	3p	-	4	5	13	11	9	38	0	0	0	0	1	0	1	0	0	0	0	0	0	0	0	0	0	0	0	0	0
NZ_UGQW01000002.1	3p	-	5	7	9	8	14	38	0	1	0	1	0	0	0	0	0	0	0	0	0	0	0	0	0	0	0	0	0
NZ_UGQW01000002.1	3p	-	6	5	11	15	7	38	1	1	0	1	0	0	0	0	0	0	0	0	0	0	0	0	0	0	0	0	0
NZ_UGQW01000002.1	3p	-	7	6	14	9	9	38	0	3	0	1	0	0	0	0	0	0	0	0	0	0	0	0	0	0	0	0	0
NZ_UGQW01000002.1	3p	-	8	9	8	10	10	37	2	0	1	0	1	0	0	0	0	0	0	1	0	0	0	0	1	0	0	0	0
NZ_UGQW01000002.1	3p	-	9	12	11	6	9	38	0	0	1	0	0	1	0	0	0	0	0	0	0	0	0	0	0	0	0	0	0
NZ_UGQW01000002.1	3p	-	10	11	16	6	5	38	0	0	0	0	0	0	0	0	0	0	0	0	0	0	0	0	0	0	0	0	0
NZ_UGQW01000002.1	3p	-	11	13	12	10	3	38	0	1	0	0	0	0	0	0	0	0	0	0	0	0	0	0	0	0	0	0	0
NZ_UGQW01000002.1	3p	-	12	7	11	10	10	38	0	0	1	1	0	0	0	0	0	0	0	1	0	0	0	0	0	0	0	0	0
NZ_UGQW01000002.1	3p	-	13	9	10	11	8	38	0	0	1	0	0	0	0	1	1	0	0	0	0	0	0	0	0	0	0	0	0
NZ_UGQW01000002.1	3p	-	14	10	7	10	11	38	0	1	0	1	0	0	0	0	1	0	0	0	0	0	0	0	0	0	0	0	0
NZ_UGQW01000002.1	3p	-	15	7	14	10	7	38	1	0	0	1	0	0	1	1	0	0	0	0	0	0	0	0	0	0	0	0	0
NZ_UGQW01000002.1	3p	-	16	7	11	11	9	38	1	0	1	0	0	0	0	0	0	0	0	0	0	0	0	0	0	0	0	0	0
NZ_UGQW01000002.1	3p	-	17	9	12	5	12	38	1	1	0	1	0	0	0	0	1	0	0	1	0	0	0	0	0	0	0	0	0
NZ_UGQW01000002.1	3p	-	18	7	13	10	8	38	1	0	0	0	0	0	0	0	0	0	0	1	0	0	0	0	0	0	0	0	0
NZ_UGQW01000002.1	3p	-	19	10	11	11	6	38	0	1	0	1	0	1	0	0	0	0	0	0	0	0	0	0	0	0	0	0	0
NZ_UGQW01000002.1	3p	-	20	4	9	11	14	38	0	1	0	2	0	0	2	0	0	0	0	0	0	0	0	0	0	0	0	0	0
NZ_UGQW01000002.1	3p	-	21	5	10	6	16	37	0	1	0	0	0	0	0	0	0	1	0	0	0	0	0	0	0	0	1	0	0
NZ_UGQW01000002.1	3p	-	22	8	11	7	12	38	1	0	0	0	0	0	0	0	1	0	1	0	0	0	0	0	0	0	0	0	0
NZ_UGQW01000002.1	3p	-	23	8	13	9	8	38	0	0	0	0	0	0	1	0	0	0	0	0	0	0	0	0	0	0	0	0	0
NZ_UGQW01000002.1	3p	-	24	14	9	10	5	38	0	0	0	0	0	1	1	0	0	0	0	0	0	0	0	0	0	0	0	0	0
NZ_UGQW01000002.1	3p	-	25	8	10	13	7	38	0	1	1	0	0	0	0	0	0	0	0	0	0	0	0	0	0	0	0	0	0
NZ_UGQW01000002.1	3p	-	26	4	13	14	7	38	1	0	0	0	0	0	0	1	0	0	0	1	0	0	0	0	0	0	0	0	0
NZ_UGQW01000002.1	3p	-	27	13	12	5	8	38	1	0	2	0	0	0	1	0	0	0	0	0	0	0	0	0	0	0	0	0	0
NZ_UGQW01000002.1	3p	-	28	13	7	10	8	38	0	1	1	0	0	1	0	0	0	0	0	0	0	0	0	0	0	0	0	0	0
NZ_UGQW01000002.1	3p	-	29	12	5	11	10	38	0	0	1	0	0	0	0	0	0	0	1	0	0	0	0	0	0	0	0	0	0
NZ_UGQW01000002.1	3p	-	30	10	13	7	8	38	1	0	0	1	0	0	1	0	0	0	0	0	0	0	0	0	0	0	0	0	0
NZ_UGQW01000002.1	3p	-	31	8	12	9	2	31	0	2	0	0	0	0	0	0	0	0	0	0	0	0	0	0	0	0	0	0	0
NZ_UGQW01000002.1	3p	-	32	5	7	5	6	23	0	0	0	0	1	0	0	0	0	0	0	0	0	0	0	0	0	0	0	0	0
NZ_UGQW01000002.1	3p	-	33	2	9	3	3	17	0	0	0	0	0	0	0	0	0	0	0	0	0	0	0	0	0	0	0	0	0
NZ_UGQW01000002.1	3p	-	34	2	4	4	7	17	0	0	0	0	0	0	0	0	0	0	0	0	0	0	0	0	0	0	0	0	0
NZ_UGQW01000002.1	3p	-	35	1	4	5	3	13	0	0	0	0	0	0	0	0	0	0	0	1	0	0	0	0	0	0	0	0	0
NZ_UGQW01000002.1	3p	-	36	3	4	3	1	11	0	0	0	0	0	0	0	0	0	0	0	0	0	0	0	0	0	0	0	0	0
NZ_UGQW01000002.1	3p	-	37	2	1	3	3	9	0	0	0	0	0	0	0	0	0	0	0	0	0	0	0	0	0	0	0	0	0
NZ_UGQW01000002.1	3p	-	38	3	2	1	1	7	0	0	0	0	0	0	0	1	0	0	0	0	0	0	0	0	0	0	0	0	0
NZ_UGQW01000002.1	3p	-	39	1	1	2	1	5	0	0	0	0	0	0	0	0	0	0	0	0	0	0	0	0	0	0	0	0	0
NZ_UGQW01000002.1	3p	-	40	2	2	0	1	5	0	0	0	0	0	0	0	0	0	0	0	0	0	0	0	0	0	0	0	0	0
NZ_UGQW01000002.1	3p	-	41	0	2	0	2	4	0	0	0	0	0	0	0	0	0	0	0	0	0	0	0	0	0	0	0	0	0
NZ_UGQW01000002.1	3p	-	42	0	1	0	3	4	0	0	0	0	0	0	0	0	0	0	0	0	0	0	0	0	0	0	0	0	0
NZ_UGQW01000002.1	3p	-	43	0	0	2	2	4	0	0	0	0	0	0	0	0	0	0	0	0	0	0	0	0	0	0	0	0	0
NZ_UGQW01000002.1	3p	-	44	0	2	0	2	4	0	0	0	0	0	0	0	0	0	0	0	0	0	0	0	0	0	0	0	0	0
NZ_UGQW01000002.1	3p	-	45	0	2	1	1	4	0	0	0	0	0	0	0	0	0	0	0	0	0	0	0	0	0	0	0	0	0
NZ_UGQW01000002.1	3p	-	46	1	0	1	1	3	0	0	0	0	0	0	0	0	0	0	0	0	0	0	0	0	0	0	0	0	0
NZ_UGQW01000002.1	3p	-	47	0	1	1	0	2	0	0	0	0	0	0	0	0	0	0	0	0	0	0	0	0	0	0	0	0	0
NZ_UGQW01000002.1	3p	-	48	0	0	1	1	2	0	0	0	0	0	0	0	0	0	0	0	0	0	0	0	0	0	0	0	0	0
NZ_UGQW01000002.1	3p	-	49	1	0	0	1	2	0	0	0	0	0	0	0	0	0	0	0	0	0	0	0	0	0	0	0	0	0
NZ_UGQW01000002.1	3p	-	50	1	0	1	0	2	0	0	0	0	0	0	0	0	0	0	0	0	0	0	0	0	0	0	0	0	0
NZ_UGQW01000002.1	3p	-	51	1	0	1	0	2	0	0	0	0	0	0	0	0	0	0	0	0	0	0	0	0	0	0	0	0	0
NZ_UGQW01000002.1	3p	-	52	0	0	1	0	1	0	0	0	0	0	0	0	0	0	0	0	0	0	0	0	0	0	0	0	0	0
NZ_UGQW01000002.1	3p	-	53	0	0	1	0	1	0	0	0	0	0	0	0	0	0	0	0	0	0	0	0	0	0	0	0	0	0
NZ_UGQW01000002.1	3p	-	54	1	0	0	0	1	0	0	0	0	0	0	0	0	0	0	0	0	0	0	0	0	0	0	0	0	0
NZ_UGQW01000002.1	3p	-	55	0	0	0	0	0	0	0	0	0	0	0	0	0	0	0	0	0	0	0	0	0	0	0	0	0	0
NZ_UGQW01000002.1	3p	-	56	0	0	0	0	0	0	0	0	0	0	0	0	0	0	0	0	0	0	0	0	0	0	0	0	0	0
NZ_UGQW01000002.1	3p	-	57	0	0	0	0	0	0	0	0	0	0	0	0	0	0	0	0	0	0	0	0	0	0	0	0	0	0
NZ_UGQW01000002.1	3p	-	58	0	0	0	0	0	0	0	0	0	0	0	0	0	0	0	0	0	0	0	0	0	0	0	0	0	0
NZ_UGQW01000002.1	3p	-	59	0	0	0	0	0	0	0	0	0	0	0	0	0	0	0	0	0	0	0	0	0	0	0	0	0	0
NZ_UGQW01000002.1	3p	-	60	0	0	0	0	0	0	0	0	0	0	0	0	0	0	0	0	0	0	0	0	0	0	0	0	0	0
NZ_UGQW01000002.1	3p	-	61	0	0	0	0	0	0	0	0	0	0	0	0	0	0	0	0	0	0	0	0	0	0	0	0	0	0
NZ_UGQW01000002.1	3p	-	62	0	0	0	0	0	0	0	0	0	0	0	0	0	0	0	0	0	0	0	0	0	0	0	0	0	0
NZ_UGQW01000002.1	3p	-	63	0	0	0	0	0	0	0	0	0	0	0	0	0	0	0	0	0	0	0	0	0	0	0	0	0	0
NZ_UGQW01000002.1	3p	-	64	0	0	0	0	0	0	0	0	0	0	0	0	0	0	0	0	0	0	0	0	0	0	0	0	0	0
NZ_UGQW01000002.1	3p	-	65	0	0	0	0	0	0	0	0	0	0	0	0	0	0	0	0	0	0	0	0	0	0	0	0	0	0
NZ_UGQW01000002.1	3p	-	66	0	0	0	0	0	0	0	0	0	0	0	0	0	0	0	0	0	0	0	0	0	0	0	0	0	0
NZ_UGQW01000002.1	3p	-	67	0	0	0	0	0	0	0	0	0	0	0	0	0	0	0	0	0	0	0	0	0	0	0	0	0	0
NZ_UGQW01000002.1	3p	-	68	0	0	0	0	0	0	0	0	0	0	0	0	0	0	0	0	0	0	0	0	0	0	0	0	0	0
NZ_UGQW01000002.1	3p	-	69	0	0	0	0	0	0	0	0	0	0	0	0	0	0	0	0	0	0	0	0	0	0	0	0	0	0
NZ_UGQW01000002.1	3p	-	70	0	0	0	0	0	0	0	0	0	0	0	0	0	0	0	0	0	0	0	0	0	0	0	0	0	0
NZ_UGQW01000002.1	5p	+	1	14	19	23	12	68	1	1	1	1	0	0	0	0	0	0	0	0	0	0	0	0	0	0	0	0	0
NZ_UGQW01000002.1	5p	+	2	13	27	17	11	68	2	1	0	0	1	0	0	0	1	0	1	0	0	0	0	0	0	0	0	0	0
NZ_UGQW01000002.1	5p	+	3	12	22	24	10	68	0	0	0	0	0	0	0	0	0	0	0	0	0	0	0	0	0	0	0	0	0
NZ_UGQW01000002.1	5p	+	4	16	14	21	17	68	2	1	0	0	0	0	0	2	0	0	0	0	0	0	0	0	0	0	0	0	0
NZ_UGQW01000002.1	5p	+	5	12	24	20	12	68	0	0	1	1	0	0	0	0	0	0	1	0	0	0	0	0	0	0	0	0	0
NZ_UGQW01000002.1	5p	+	6	16	19	17	16	68	0	0	0	1	0	1	0	1	0	0	0	1	0	0	0	0	0	0	0	0	0
NZ_UGQW01000002.1	5p	+	7	8	24	24	12	68	0	1	0	0	0	0	0	0	0	0	2	0	0	0	0	0	0	0	0	0	0
NZ_UGQW01000002.1	5p	+	8	12	20	22	14	68	3	2	0	1	0	0	3	0	0	0	0	0	0	0	0	0	0	0	0	0	0
NZ_UGQW01000002.1	5p	+	9	20	18	17	13	68	1	0	0	2	0	0	0	0	0	0	0	2	0	0	1	0	0	0	0	0	0
NZ_UGQW01000002.1	5p	+	10	14	20	19	15	68	0	1	1	0	1	1	1	0	0	0	1	0	0	0	0	0	0	0	0	0	0
NZ_UGQW01000002.1	5p	+	11	15	16	21	16	68	0	1	1	0	0	0	1	1	0	0	1	0	0	0	0	0	0	0	0	0	0
NZ_UGQW01000002.1	5p	+	12	18	21	10	19	68	0	2	1	0	0	0	0	0	0	1	0	0	0	0	0	0	0	0	0	0	0
NZ_UGQW01000002.1	5p	+	13	12	27	17	12	68	0	1	0	0	0	0	2	1	0	0	0	0	0	0	0	0	0	0	0	0	0
NZ_UGQW01000002.1	5p	+	14	14	26	17	10	67	0	2	0	0	0	0	0	0	0	0	0	0	0	0	0	0	0	1	0	0	0
NZ_UGQW01000002.1	5p	+	15	20	17	16	15	68	0	1	1	1	0	0	1	0	2	0	0	0	0	0	0	0	0	0	0	0	0
NZ_UGQW01000002.1	5p	+	16	18	21	15	14	68	1	1	1	1	0	0	1	0	0	0	0	0	0	0	0	0	0	0	0	0	0
NZ_UGQW01000002.1	5p	+	17	16	22	12	18	68	0	0	1	1	0	0	0	0	0	0	0	0	1	0	0	0	0	0	0	0	0
NZ_UGQW01000002.1	5p	+	18	16	17	20	15	68	1	0	0	0	0	0	1	0	0	0	0	0	0	0	0	0	0	0	0	0	0
NZ_UGQW01000002.1	5p	+	19	14	22	16	16	68	0	0	2	0	1	0	0	0	0	0	0	0	0	0	0	0	0	0	0	0	0
NZ_UGQW01000002.1	5p	+	20	11	24	22	11	68	0	2	1	0	0	0	0	0	1	0	0	0	0	0	0	0	0	0	0	0	0
NZ_UGQW01000002.1	5p	+	21	17	13	21	17	68	1	0	0	1	0	1	1	0	0	0	0	0	0	0	0	0	0	0	0	0	0
NZ_UGQW01000002.1	5p	+	22	17	24	14	13	68	0	0	0	0	0	0	0	0	0	0	0	0	0	0	0	0	0	0	0	0	0
NZ_UGQW01000002.1	5p	+	23	19	23	13	12	67	1	4	2	1	0	1	0	1	0	0	0	0	0	0	0	0	0	1	0	0	0
NZ_UGQW01000002.1	5p	+	24	16	18	17	17	68	0	0	0	1	0	0	0	0	1	0	1	1	0	0	0	0	0	0	0	0	0
NZ_UGQW01000002.1	5p	+	25	13	23	22	10	68	1	0	0	0	0	0	0	0	0	0	1	0	0	0	0	0	0	0	0	0	0
NZ_UGQW01000002.1	5p	+	26	15	30	15	8	68	1	2	1	0	0	0	1	0	0	0	1	0	0	0	0	0	0	0	0	0	0
NZ_UGQW01000002.1	5p	+	27	13	15	18	22	68	1	0	1	3	0	1	1	0	0	0	0	2	0	0	1	0	0	0	0	0	0
NZ_UGQW01000002.1	5p	+	28	16	12	20	20	68	2	0	1	1	1	0	0	0	0	1	0	0	0	0	0	0	0	0	0	0	0
NZ_UGQW01000002.1	5p	+	29	20	26	10	12	68	2	0	0	0	2	0	0	1	0	0	0	0	0	0	0	0	0	0	0	0	0
NZ_UGQW01000002.1	5p	+	30	14	25	18	11	68	0	2	1	0	0	0	0	0	0	1	0	0	0	0	0	0	0	0	0	0	0
NZ_UGQW01000002.1	5p	+	31	17	12	13	10	52	0	0	1	0	1	0	1	0	0	0	0	0	0	0	0	0	0	0	0	0	0
NZ_UGQW01000002.1	5p	+	32	12	20	6	5	43	0	0	0	0	0	0	1	0	0	0	0	0	0	0	0	0	0	0	0	0	0
NZ_UGQW01000002.1	5p	+	33	14	9	6	5	34	0	1	0	0	0	0	0	0	0	0	0	0	0	0	0	0	0	0	0	0	0
NZ_UGQW01000002.1	5p	+	34	12	7	2	9	30	0	0	1	1	0	0	0	0	0	0	0	0	0	0	0	0	0	0	0	0	0
NZ_UGQW01000002.1	5p	+	35	6	6	8	5	25	0	0	0	1	0	0	1	0	0	0	0	0	0	0	0	0	0	0	0	0	0
NZ_UGQW01000002.1	5p	+	36	5	7	8	2	22	0	0	0	0	0	0	0	0	0	0	0	0	0	0	0	0	0	0	0	0	0
NZ_UGQW01000002.1	5p	+	37	2	7	8	2	19	0	0	0	0	0	0	0	0	0	0	0	0	0	0	0	0	0	0	0	0	0
NZ_UGQW01000002.1	5p	+	38	3	5	2	6	16	1	0	0	0	0	0	0	0	0	0	0	0	0	0	0	0	0	0	0	0	0
NZ_UGQW01000002.1	5p	+	39	4	5	2	3	14	0	1	0	0	0	0	0	0	0	0	0	0	0	0	0	0	0	0	0	0	0
NZ_UGQW01000002.1	5p	+	40	6	5	1	2	14	0	0	0	0	0	0	0	0	0	0	0	0	0	0	0	0	0	0	0	0	0
NZ_UGQW01000002.1	5p	+	41	1	3	5	3	12	0	0	0	0	0	0	0	1	0	0	0	0	0	0	0	0	0	0	0	0	0
NZ_UGQW01000002.1	5p	+	42	4	2	4	1	11	0	0	0	0	0	0	0	0	0	0	0	0	0	0	0	0	0	0	0	0	0
NZ_UGQW01000002.1	5p	+	43	4	2	3	1	10	0	0	0	0	0	0	0	0	0	0	0	0	0	0	0	0	0	0	0	0	0
NZ_UGQW01000002.1	5p	+	44	4	1	3	1	9	1	0	1	0	0	0	0	0	0	0	0	0	0	0	0	0	0	0	0	0	0
NZ_UGQW01000002.1	5p	+	45	1	2	2	1	6	0	0	0	0	0	0	0	0	0	0	0	0	0	0	0	0	0	0	0	0	0
NZ_UGQW01000002.1	5p	+	46	0	1	1	1	3	0	0	0	0	0	0	0	0	0	0	0	0	0	0	0	0	0	0	0	0	0
NZ_UGQW01000002.1	5p	+	47	0	1	1	1	3	0	0	0	0	0	0	0	0	0	0	0	0	0	0	0	0	0	0	0	0	0
NZ_UGQW01000002.1	5p	+	48	0	1	0	1	2	0	0	0	0	0	0	0	0	0	0	0	0	0	0	0	0	0	0	0	0	0
NZ_UGQW01000002.1	5p	+	49	0	1	0	0	1	0	0	0	0	0	0	0	0	0	0	0	0	0	0	0	0	0	0	0	0	0
NZ_UGQW01000002.1	5p	+	50	1	0	0	0	1	0	0	0	0	0	0	0	0	0	0	0	0	0	0	0	0	0	0	0	0	0
NZ_UGQW01000002.1	5p	+	51	1	0	0	0	1	0	0	0	0	0	0	0	0	0	0	0	0	0	0	0	0	0	0	0	0	0
NZ_UGQW01000002.1	5p	+	52	0	0	1	0	1	0	0	0	0	0	0	0	0	0	0	0	0	0	0	0	0	0	0	0	0	0
NZ_UGQW01000002.1	5p	+	53	0	0	0	0	0	0	0	0	0	0	0	0	0	0	0	0	0	0	0	0	0	0	0	0	0	0
NZ_UGQW01000002.1	5p	+	54	0	0	0	0	0	0	0	0	0	0	0	0	0	0	0	0	0	0	0	0	0	0	0	0	0	0
NZ_UGQW01000002.1	5p	+	55	0	0	0	0	0	0	0	0	0	0	0	0	0	0	0	0	0	0	0	0	0	0	0	0	0	0
NZ_UGQW01000002.1	5p	+	56	0	0	0	0	0	0	0	0	0	0	0	0	0	0	0	0	0	0	0	0	0	0	0	0	0	0
NZ_UGQW01000002.1	5p	+	57	0	0	0	0	0	0	0	0	0	0	0	0	0	0	0	0	0	0	0	0	0	0	0	0	0	0
NZ_UGQW01000002.1	5p	+	58	0	0	0	0	0	0	0	0	0	0	0	0	0	0	0	0	0	0	0	0	0	0	0	0	0	0
NZ_UGQW01000002.1	5p	+	59	0	0	0	0	0	0	0	0	0	0	0	0	0	0	0	0	0	0	0	0	0	0	0	0	0	0
NZ_UGQW01000002.1	5p	+	60	0	0	0	0	0	0	0	0	0	0	0	0	0	0	0	0	0	0	0	0	0	0	0	0	0	0
NZ_UGQW01000002.1	5p	+	61	0	0	0	0	0	0	0	0	0	0	0	0	0	0	0	0	0	0	0	0	0	0	0	0	0	0
NZ_UGQW01000002.1	5p	+	62	0	0	0	0	0	0	0	0	0	0	0	0	0	0	0	0	0	0	0	0	0	0	0	0	0	0
NZ_UGQW01000002.1	5p	+	63	0	0	0	0	0	0	0	0	0	0	0	0	0	0	0	0	0	0	0	0	0	0	0	0	0	0
NZ_UGQW01000002.1	5p	+	64	0	0	0	0	0	0	0	0	0	0	0	0	0	0	0	0	0	0	0	0	0	0	0	0	0	0
NZ_UGQW01000002.1	5p	+	65	0	0	0	0	0	0	0	0	0	0	0	0	0	0	0	0	0	0	0	0	0	0	0	0	0	0
NZ_UGQW01000002.1	5p	+	66	0	0	0	0	0	0	0	0	0	0	0	0	0	0	0	0	0	0	0	0	0	0	0	0	0	0
NZ_UGQW01000002.1	5p	+	67	0	0	0	0	0	0	0	0	0	0	0	0	0	0	0	0	0	0	0	0	0	0	0	0	0	0
NZ_UGQW01000002.1	5p	+	68	0	0	0	0	0	0	0	0	0	0	0	0	0	0	0	0	0	0	0	0	0	0	0	0	0	0
NZ_UGQW01000002.1	5p	+	69	0	0	0	0	0	0	0	0	0	0	0	0	0	0	0	0	0	0	0	0	0	0	0	0	0	0
NZ_UGQW01000002.1	5p	+	70	0	0	0	0	0	0	0	0	0	0	0	0	0	0	0	0	0	0	0	0	0	0	0	0	0	0
NZ_UGQW01000002.1	5p	-	1	11	15	4	8	38	0	0	0	0	0	0	0	0	0	0	0	0	0	0	0	0	0	0	0	0	0
NZ_UGQW01000002.1	5p	-	2	8	13	10	7	38	0	0	0	0	0	0	0	0	0	0	0	0	0	0	0	0	0	0	0	0	0
NZ_UGQW01000002.1	5p	-	3	9	10	12	7	38	0	0	0	0	0	0	0	0	0	0	1	0	0	0	0	0	0	0	0	0	0
NZ_UGQW01000002.1	5p	-	4	9	8	10	11	38	0	0	0	0	0	0	1	0	0	0	0	1	0	0	0	0	0	0	0	0	0
NZ_UGQW01000002.1	5p	-	5	9	12	8	9	38	0	0	1	1	0	1	0	0	0	0	0	0	0	0	0	0	0	0	0	0	0
NZ_UGQW01000002.1	5p	-	6	7	12	11	8	38	0	0	1	0	0	0	0	1	0	0	0	1	0	0	0	0	0	0	0	0	0
NZ_UGQW01000002.1	5p	-	7	12	10	8	8	38	0	0	0	0	0	0	1	0	0	0	0	0	0	0	0	0	0	0	0	0	0
NZ_UGQW01000002.1	5p	-	8	10	15	8	5	38	1	1	1	0	0	0	1	0	0	0	0	0	0	0	0	0	0	0	0	0	0
NZ_UGQW01000002.1	5p	-	9	9	7	14	8	38	0	0	0	0	0	0	0	0	0	0	1	0	0	0	0	0	0	0	0	0	0
NZ_UGQW01000002.1	5p	-	10	11	10	8	8	37	0	0	1	0	0	0	0	0	0	0	0	0	0	0	0	0	0	0	1	0	0
NZ_UGQW01000002.1	5p	-	11	6	8	7	17	38	0	0	0	1	0	1	0	0	1	1	0	0	0	0	0	0	0	0	0	0	0
NZ_UGQW01000002.1	5p	-	12	10	6	12	10	38	0	0	1	2	0	1	0	0	0	0	0	0	0	0	0	0	0	0	0	0	0
NZ_UGQW01000002.1	5p	-	13	5	11	10	12	38	0	0	0	0	0	0	1	0	0	0	0	0	0	0	0	0	0	0	0	0	0
NZ_UGQW01000002.1	5p	-	14	9	13	7	9	38	0	2	0	1	0	0	0	1	0	0	0	1	0	0	0	0	0	0	0	0	0
NZ_UGQW01000002.1	5p	-	15	9	11	10	8	38	1	1	0	0	0	0	1	0	0	0	0	0	0	0	0	0	0	0	0	0	0
NZ_UGQW01000002.1	5p	-	16	7	13	11	7	38	0	3	1	0	0	0	0	1	1	0	0	0	0	0	0	0	0	0	0	0	0
NZ_UGQW01000002.1	5p	-	17	8	11	9	10	38	1	0	0	1	0	0	0	0	1	0	0	0	0	0	0	0	0	0	0	0	0
NZ_UGQW01000002.1	5p	-	18	11	10	10	7	38	0	1	0	1	0	0	0	0	0	0	0	0	0	0	0	0	0	0	0	0	0
NZ_UGQW01000002.1	5p	-	19	10	9	9	10	38	0	0	0	0	0	0	0	1	1	0	0	0	0	0	0	0	0	0	0	0	0
NZ_UGQW01000002.1	5p	-	20	13	8	10	7	38	2	0	1	1	1	0	1	0	0	0	0	1	0	0	0	0	0	0	0	0	0
NZ_UGQW01000002.1	5p	-	21	8	12	11	7	38	0	1	0	0	0	0	0	0	0	0	0	1	0	0	0	0	0	0	0	0	0
NZ_UGQW01000002.1	5p	-	22	9	12	10	7	38	0	0	0	0	0	0	0	0	0	0	0	0	0	0	0	0	0	0	0	0	0
NZ_UGQW01000002.1	5p	-	23	10	12	5	11	38	0	0	2	0	0	0	1	0	0	0	0	0	0	0	0	0	0	0	0	0	0
NZ_UGQW01000002.1	5p	-	24	9	10	6	12	37	1	1	0	1	1	0	0	0	0	0	0	0	0	0	0	0	1	0	0	0	0
NZ_UGQW01000002.1	5p	-	25	8	12	7	11	38	1	2	1	0	0	0	0	0	0	0	0	0	0	0	0	0	0	0	0	0	0
NZ_UGQW01000002.1	5p	-	26	9	16	7	6	38	0	2	0	0	0	1	0	0	0	0	0	0	0	0	0	0	0	0	0	0	0
NZ_UGQW01000002.1	5p	-	27	8	12	11	7	38	1	0	0	0	1	0	0	0	0	0	0	0	0	0	0	0	0	0	0	0	0
NZ_UGQW01000002.1	5p	-	28	7	12	9	10	38	0	0	0	0	0	0	1	0	0	0	0	1	0	0	0	0	0	0	0	0	0
NZ_UGQW01000002.1	5p	-	29	7	10	12	9	38	2	0	0	0	0	0	0	0	0	0	0	0	0	0	0	0	0	0	0	0	0
NZ_UGQW01000002.1	5p	-	30	7	14	13	4	38	1	0	0	0	0	0	0	0	0	0	0	0	0	0	0	0	0	0	0	0	0
NZ_UGQW01000002.1	5p	-	31	6	11	8	6	31	0	1	0	0	0	0	0	1	0	0	0	1	0	0	0	0	0	0	0	0	0
NZ_UGQW01000002.1	5p	-	32	3	7	10	3	23	1	1	0	1	0	0	0	0	0	0	0	0	0	0	0	0	0	0	0	0	0
NZ_UGQW01000002.1	5p	-	33	4	2	5	6	17	0	0	0	1	0	0	0	0	0	0	0	0	0	0	0	0	0	0	0	0	0
NZ_UGQW01000002.1	5p	-	34	2	3	5	7	17	0	0	0	0	0	0	0	0	0	0	0	0	0	0	0	0	0	0	0	0	0
NZ_UGQW01000002.1	5p	-	35	3	5	4	1	13	0	0	0	0	0	0	0	0	0	0	0	0	0	0	0	0	0	0	0	0	0
NZ_UGQW01000002.1	5p	-	36	2	0	6	3	11	0	0	0	0	0	0	0	0	0	0	0	0	0	0	0	0	0	0	0	0	0
NZ_UGQW01000002.1	5p	-	37	0	5	1	3	9	0	0	0	0	0	0	0	0	0	0	0	0	0	0	0	0	0	0	0	0	0
NZ_UGQW01000002.1	5p	-	38	1	3	2	1	7	1	0	0	0	0	0	0	0	0	0	0	0	0	0	0	0	0	0	0	0	0
NZ_UGQW01000002.1	5p	-	39	0	1	4	0	5	0	1	0	0	0	0	0	0	0	0	0	0	0	0	0	0	0	0	0	0	0
NZ_UGQW01000002.1	5p	-	40	2	0	2	1	5	0	0	0	0	0	0	0	0	0	0	0	0	0	0	0	0	0	0	0	0	0
NZ_UGQW01000002.1	5p	-	41	2	0	1	1	4	0	0	0	0	0	0	0	0	0	0	0	0	0	0	0	0	0	0	0	0	0
NZ_UGQW01000002.1	5p	-	42	0	3	1	0	4	0	0	0	0	0	0	0	0	0	0	0	0	0	0	0	0	0	0	0	0	0
NZ_UGQW01000002.1	5p	-	43	1	1	2	0	4	0	0	0	0	0	0	0	0	0	0	0	0	0	0	0	0	0	0	0	0	0
NZ_UGQW01000002.1	5p	-	44	1	2	0	1	4	0	0	0	0	0	0	0	0	0	0	0	0	0	0	0	0	0	0	0	0	0
NZ_UGQW01000002.1	5p	-	45	1	1	2	0	4	0	0	0	0	0	0	0	0	0	0	0	0	0	0	0	0	0	0	0	0	0
NZ_UGQW01000002.1	5p	-	46	0	1	0	2	3	0	0	0	0	0	0	0	0	0	0	0	0	0	0	0	0	0	0	0	0	0
NZ_UGQW01000002.1	5p	-	47	0	0	0	2	2	0	0	0	1	0	0	0	0	0	0	0	0	0	0	0	0	0	0	0	0	0
NZ_UGQW01000002.1	5p	-	48	0	0	1	1	2	0	0	0	0	0	0	0	0	0	0	0	0	0	0	0	0	0	0	0	0	0
NZ_UGQW01000002.1	5p	-	49	0	1	0	1	2	0	0	0	0	0	0	0	0	0	0	0	0	0	0	0	0	0	0	0	0	0
NZ_UGQW01000002.1	5p	-	50	1	1	0	0	2	0	0	0	0	0	0	0	0	0	0	0	0	0	0	0	0	0	0	0	0	0
NZ_UGQW01000002.1	5p	-	51	1	0	1	0	2	0	0	0	0	0	0	0	0	0	0	0	0	0	0	0	0	0	0	0	0	0
NZ_UGQW01000002.1	5p	-	52	0	0	0	1	1	0	0	0	0	0	0	0	0	0	0	0	0	0	0	0	0	0	0	0	0	0
NZ_UGQW01000002.1	5p	-	53	0	0	0	1	1	0	0	0	0	0	0	0	0	0	0	0	0	0	0	0	0	0	0	0	0	0
NZ_UGQW01000002.1	5p	-	54	0	0	1	0	1	0	0	0	0	0	0	0	0	0	0	0	0	0	0	0	0	0	0	0	0	0
NZ_UGQW01000002.1	5p	-	55	0	0	0	0	0	0	0	0	0	0	0	0	0	0	0	0	0	0	0	0	0	0	0	0	0	0
NZ_UGQW01000002.1	5p	-	56	0	0	0	0	0	0	0	0	0	0	0	0	0	0	0	0	0	0	0	0	0	0	0	0	0	0
NZ_UGQW01000002.1	5p	-	57	0	0	0	0	0	0	0	0	0	0	0	0	0	0	0	0	0	0	0	0	0	0	0	0	0	0
NZ_UGQW01000002.1	5p	-	58	0	0	0	0	0	0	0	0	0	0	0	0	0	0	0	0	0	0	0	0	0	0	0	0	0	0
NZ_UGQW01000002.1	5p	-	59	0	0	0	0	0	0	0	0	0	0	0	0	0	0	0	0	0	0	0	0	0	0	0	0	0	0
NZ_UGQW01000002.1	5p	-	60	0	0	0	0	0	0	0	0	0	0	0	0	0	0	0	0	0	0	0	0	0	0	0	0	0	0
NZ_UGQW01000002.1	5p	-	61	0	0	0	0	0	0	0	0	0	0	0	0	0	0	0	0	0	0	0	0	0	0	0	0	0	0
NZ_UGQW01000002.1	5p	-	62	0	0	0	0	0	0	0	0	0	0	0	0	0	0	0	0	0	0	0	0	0	0	0	0	0	0
NZ_UGQW01000002.1	5p	-	63	0	0	0	0	0	0	0	0	0	0	0	0	0	0	0	0	0	0	0	0	0	0	0	0	0	0
NZ_UGQW01000002.1	5p	-	64	0	0	0	0	0	0	0	0	0	0	0	0	0	0	0	0	0	0	0	0	0	0	0	0	0	0
NZ_UGQW01000002.1	5p	-	65	0	0	0	0	0	0	0	0	0	0	0	0	0	0	0	0	0	0	0	0	0	0	0	0	0	0
NZ_UGQW01000002.1	5p	-	66	0	0	0	0	0	0	0	0	0	0	0	0	0	0	0	0	0	0	0	0	0	0	0	0	0	0
NZ_UGQW01000002.1	5p	-	67	0	0	0	0	0	0	0	0	0	0	0	0	0	0	0	0	0	0	0	0	0	0	0	0	0	0
NZ_UGQW01000002.1	5p	-	68	0	0	0	0	0	0	0	0	0	0	0	0	0	0	0	0	0	0	0	0	0	0	0	0	0	0
NZ_UGQW01000002.1	5p	-	69	0	0	0	0	0	0	0	0	0	0	0	0	0	0	0	0	0	0	0	0	0	0	0	0	0	0
NZ_UGQW01000002.1	5p	-	70	0	0	0	0	0	0	0	0	0	0	0	0	0	0	0	0	0	0	0	0	0	0	0	0	0	0
