# table produced by mapDamage version 2.2.3
# using mapped file /mnt/archgen/microbiome_calculus/library_ds_vs_ss/04-analysis/normalize_kraken/mapping/lautropia_mirabilis/out/GOY005.A0101.SG1.2_5M.mapped_l_mirabilis_q25l30_rmdup.bam and /mnt/archgen/microbiome_calculus/library_ds_vs_ss/04-analysis/normalize_kraken/mapping/lautropia_mirabilis/input/GCF_900637555.1_51726_E01_genomic.fna as reference file
# Chr: reference from sam/bam header, End: from which termini of DNA sequences, Std: strand of reads
Chr	End	Std	Pos	A	C	G	T	Total	G>A	C>T	A>G	T>C	A>C	A>T	C>G	C>A	T>G	T>A	G>C	G>T	A>-	T>-	C>-	G>-	->A	->T	->C	->G	S
NZ_LR134378.1	3p	+	1	15090	20471	26604	14052	76217	7236	495	377	427	76	57	364	260	95	86	158	129	0	0	0	0	0	0	0	0	0
NZ_LR134378.1	3p	+	2	15453	23787	24097	12880	76217	4833	528	365	464	91	42	321	247	65	68	220	134	0	0	0	0	0	0	0	0	0
NZ_LR134378.1	3p	+	3	13234	25099	24889	12995	76217	3555	464	340	404	76	44	271	173	73	45	203	137	0	1	0	0	0	0	0	0	0
NZ_LR134378.1	3p	+	4	14574	22404	25645	13593	76216	3067	411	341	327	60	41	174	158	74	52	150	113	0	0	0	0	1	0	0	0	0
NZ_LR134378.1	3p	+	5	13798	23701	26078	12639	76216	2693	450	397	372	73	47	237	191	86	43	199	137	0	0	0	0	0	0	1	0	0
NZ_LR134378.1	3p	+	6	13159	25023	25225	12796	76203	2143	465	389	416	61	42	218	196	80	49	195	131	0	0	1	0	5	3	2	4	0
NZ_LR134378.1	3p	+	7	13616	24121	25190	13274	76201	1754	425	340	358	70	31	196	174	65	46	176	105	4	2	3	2	5	3	4	4	0
NZ_LR134378.1	3p	+	8	13059	24390	26425	12327	76201	1608	491	402	396	63	49	201	164	71	39	180	105	3	2	0	1	4	4	2	6	0
NZ_LR134378.1	3p	+	9	12790	25348	25598	12475	76211	1372	547	418	407	83	43	198	168	80	47	186	127	1	3	0	2	0	2	4	0	0
NZ_LR134378.1	3p	+	10	13366	24060	25593	13191	76210	1081	490	335	354	59	34	167	131	64	43	201	95	1	4	1	1	0	0	3	4	0
NZ_LR134378.1	3p	+	11	12881	25104	26210	12018	76213	1082	532	405	389	64	30	195	156	64	36	218	131	2	3	0	1	3	1	0	0	0
NZ_LR134378.1	3p	+	12	12370	25821	25601	12417	76209	972	578	426	421	68	40	217	145	66	34	210	129	1	1	4	7	1	1	2	4	0
NZ_LR134378.1	3p	+	13	13452	24559	25184	13017	76212	823	490	388	368	63	41	180	122	73	39	182	120	1	1	1	2	2	0	1	2	0
NZ_LR134378.1	3p	+	14	12632	25325	26346	11907	76210	845	538	402	409	83	47	216	119	70	43	212	143	3	1	0	0	1	2	3	1	0
NZ_LR134378.1	3p	+	15	12108	25928	25760	12412	76208	763	563	383	452	59	33	222	142	67	46	209	149	3	5	3	0	3	2	2	2	0
NZ_LR134378.1	3p	+	16	13084	24608	25560	12954	76206	691	495	381	338	48	36	192	124	63	34	175	117	1	3	0	3	3	1	4	3	0
NZ_LR134378.1	3p	+	17	12423	25663	26135	11992	76213	704	510	383	400	78	41	212	123	78	30	179	114	2	0	5	0	2	0	1	1	0
NZ_LR134378.1	3p	+	18	12018	26192	25760	12243	76213	687	533	365	456	77	25	230	147	87	27	191	131	1	0	1	2	0	1	2	1	0
NZ_LR134378.1	3p	+	19	12949	25202	25281	12780	76212	601	509	339	347	70	29	175	137	79	35	169	135	0	1	2	2	0	3	1	1	0
NZ_LR134378.1	3p	+	20	12375	25488	26399	11947	76209	709	607	429	371	77	32	204	159	75	36	192	146	0	1	0	2	1	3	1	3	0
NZ_LR134378.1	3p	+	21	12075	26107	25626	12401	76209	615	647	403	454	70	35	209	129	69	39	208	128	1	1	1	1	2	3	1	2	0
NZ_LR134378.1	3p	+	22	13084	24788	25455	12880	76207	602	600	348	356	57	33	170	115	67	35	158	136	0	2	3	5	3	4	1	2	0
NZ_LR134378.1	3p	+	23	12273	26008	26029	11901	76211	632	746	382	424	54	26	200	147	78	34	212	144	0	1	2	1	2	3	1	0	0
NZ_LR134378.1	3p	+	24	12194	25971	25706	12335	76206	613	789	403	419	75	28	219	150	88	43	192	121	3	5	3	4	2	2	4	3	0
NZ_LR134378.1	3p	+	25	13158	24813	25056	13183	76210	573	806	403	371	70	36	179	120	76	48	194	131	3	0	2	4	1	1	3	2	0
NZ_LR134378.1	3p	+	26	12508	25770	25663	12270	76211	548	981	394	387	88	38	198	123	69	39	225	127	1	3	5	3	1	1	0	4	0
NZ_LR134378.1	3p	+	27	12298	26248	24960	12688	76194	590	1148	391	403	67	52	224	149	71	33	198	144	5	1	4	0	6	4	5	8	0
NZ_LR134378.1	3p	+	28	13370	25050	24450	13337	76207	455	1200	341	347	77	39	174	127	61	33	164	148	1	0	2	4	1	2	4	3	0
NZ_LR134378.1	3p	+	29	12818	25552	25334	12503	76207	564	1446	393	375	74	40	171	146	73	37	212	135	2	2	5	2	2	3	1	4	0
NZ_LR134378.1	3p	+	30	12721	25840	24598	13049	76208	548	1932	418	435	78	51	175	133	72	35	223	160	4	2	4	1	1	5	1	2	0
NZ_LR134378.1	3p	+	31	12859	23470	22511	12935	71775	466	1823	334	328	52	39	180	108	65	38	199	159	1	3	2	2	1	0	0	1	0
NZ_LR134378.1	3p	+	32	11533	22706	21725	11209	67173	476	1786	340	339	57	38	153	128	63	23	192	153	3	2	3	2	3	1	0	1	0
NZ_LR134378.1	3p	+	33	10512	21302	20279	10642	62735	487	1632	309	332	47	32	160	109	45	24	149	142	0	3	4	4	2	2	1	1	0
NZ_LR134378.1	3p	+	34	10673	18854	18325	10581	58433	367	1541	263	250	48	34	144	83	43	32	159	144	1	1	2	1	1	2	2	2	0
NZ_LR134378.1	3p	+	35	9466	18246	17380	9111	54203	371	1475	307	260	45	25	132	81	53	31	154	115	2	2	3	0	2	4	2	1	0
NZ_LR134378.1	3p	+	36	8545	17094	15881	8712	50232	335	1463	240	269	46	34	121	88	32	26	134	121	0	0	1	0	0	0	1	1	0
NZ_LR134378.1	3p	+	37	8644	15166	14340	8462	46612	341	1251	213	187	30	25	100	89	38	18	117	82	1	2	0	2	1	1	2	1	0
NZ_LR134378.1	3p	+	38	7531	14266	13990	7414	43201	312	1245	240	212	38	11	111	65	39	25	121	78	1	0	2	1	2	1	0	1	0
NZ_LR134378.1	3p	+	39	6800	13655	12592	7064	40111	284	1198	193	225	27	30	100	69	36	14	123	73	2	1	7	0	2	3	1	2	0
NZ_LR134378.1	3p	+	40	6752	12142	11519	6878	37291	225	1135	178	171	28	21	90	47	27	10	101	70	1	1	2	1	2	0	5	0	0
NZ_LR134378.1	3p	+	41	6068	11587	11169	5885	34709	249	1239	184	161	29	18	71	59	27	18	106	66	0	1	3	1	1	1	1	3	0
NZ_LR134378.1	3p	+	42	5569	10929	10159	5715	32372	211	1156	167	171	34	23	78	59	28	15	95	66	3	1	3	0	0	2	0	0	0
NZ_LR134378.1	3p	+	43	5298	9530	9014	5492	29334	182	993	130	139	19	16	58	45	25	14	72	53	1	1	1	5	2	2	0	1	0
NZ_LR134378.1	3p	+	44	4697	8940	8361	4610	26608	184	889	126	129	24	18	61	56	15	12	84	58	2	1	0	0	1	0	0	0	0
NZ_LR134378.1	3p	+	45	4126	8217	7588	4246	24177	168	823	118	118	18	16	60	51	25	11	80	53	0	1	2	1	0	3	1	0	0
NZ_LR134378.1	3p	+	46	3971	7061	6798	4082	21912	136	754	102	104	20	12	45	30	13	18	60	38	0	1	1	2	0	2	0	1	0
NZ_LR134378.1	3p	+	47	3354	6663	6299	3560	19876	143	665	105	104	12	16	46	30	14	7	74	57	0	1	1	2	1	1	1	0	0
NZ_LR134378.1	3p	+	48	3065	6133	5565	3276	18039	121	589	75	109	15	6	43	32	11	7	46	35	0	0	2	0	0	0	0	4	0
NZ_LR134378.1	3p	+	49	3101	5225	4992	3119	16437	98	549	72	71	18	13	28	27	16	3	33	38	0	0	2	0	0	0	0	0	0
NZ_LR134378.1	3p	+	50	2665	5011	4682	2570	14928	87	479	82	52	12	9	34	23	17	6	30	24	0	0	0	0	1	0	0	0	0
NZ_LR134378.1	3p	+	51	2376	4632	4200	2403	13611	86	449	55	74	9	10	34	21	7	4	39	25	0	0	2	1	0	0	0	1	0
NZ_LR134378.1	3p	+	52	2363	3994	3734	2260	12351	77	377	52	38	11	6	21	18	10	2	27	25	0	1	1	1	0	0	0	0	0
NZ_LR134378.1	3p	+	53	2013	3749	3510	1938	11210	77	343	62	45	6	8	24	9	11	6	20	16	0	0	0	0	0	3	0	0	0
NZ_LR134378.1	3p	+	54	1808	3507	3114	1829	10258	63	332	40	40	11	4	23	12	7	2	23	25	0	1	0	0	0	1	0	0	0
NZ_LR134378.1	3p	+	55	1679	3045	2916	1782	9422	52	274	36	47	7	8	21	18	11	7	25	21	0	0	0	0	0	0	0	0	0
NZ_LR134378.1	3p	+	56	1456	2896	2757	1469	8578	56	274	31	47	6	6	19	17	8	2	23	21	0	0	0	0	0	0	0	0	0
NZ_LR134378.1	3p	+	57	1386	2639	2399	1393	7817	48	239	27	36	9	4	28	11	6	1	26	14	0	2	0	0	1	0	0	0	0
NZ_LR134378.1	3p	+	58	1354	2330	2166	1337	7187	34	207	32	30	9	3	15	15	1	5	17	17	0	0	0	0	1	0	0	0	0
NZ_LR134378.1	3p	+	59	1159	2232	2050	1187	6628	46	194	38	23	11	3	13	10	6	1	20	13	0	1	0	0	0	0	0	0	0
NZ_LR134378.1	3p	+	60	1009	2076	1892	1109	6086	49	179	26	38	2	2	14	5	5	0	14	11	0	0	0	1	0	0	0	0	0
NZ_LR134378.1	3p	+	61	1041	1795	1714	1050	5600	45	151	22	24	1	4	10	4	4	3	10	7	0	0	1	0	0	0	0	0	0
NZ_LR134378.1	3p	+	62	895	1692	1674	915	5176	33	154	28	26	3	2	9	7	3	6	11	10	0	0	0	0	0	1	0	0	0
NZ_LR134378.1	3p	+	63	832	1608	1507	844	4791	46	151	19	21	4	4	4	3	2	2	13	5	0	0	0	0	0	0	0	0	0
NZ_LR134378.1	3p	+	64	820	1385	1414	811	4430	29	123	18	21	2	1	6	7	2	4	11	10	0	0	0	0	0	0	0	1	0
NZ_LR134378.1	3p	+	65	687	1329	1304	694	4014	24	120	17	12	4	1	8	6	2	0	11	13	0	0	0	0	0	0	0	0	0
NZ_LR134378.1	3p	+	66	619	1241	1111	637	3608	29	121	13	13	4	2	11	4	3	2	9	5	0	0	0	0	0	0	0	0	0
NZ_LR134378.1	3p	+	67	665	1067	989	582	3303	20	100	13	14	1	2	9	4	4	2	9	5	0	2	0	0	0	0	0	0	0
NZ_LR134378.1	3p	+	68	517	1026	931	505	2979	19	107	12	18	4	0	6	4	5	3	4	9	0	0	0	0	0	0	1	0	0
NZ_LR134378.1	3p	+	69	450	915	832	484	2681	14	73	7	14	3	1	6	3	2	2	6	6	0	0	0	0	0	0	0	0	0
NZ_LR134378.1	3p	+	70	479	819	677	465	2440	11	73	10	6	2	6	4	3	1	1	8	7	0	0	0	0	0	0	0	0	0
NZ_LR134378.1	3p	-	1	14902	20793	27077	13879	76651	7214	427	377	392	74	51	405	304	84	91	178	142	0	0	0	0	0	0	0	0	0
NZ_LR134378.1	3p	-	2	15247	23739	24495	13170	76651	4955	497	343	491	84	41	334	237	92	77	220	132	0	0	0	0	0	0	0	0	0
NZ_LR134378.1	3p	-	3	12984	25257	25164	13244	76649	3595	496	421	422	64	44	269	179	63	49	199	96	1	0	0	1	0	0	2	0	0
NZ_LR134378.1	3p	-	4	14756	22485	25541	13860	76642	3009	399	381	346	57	36	153	175	65	52	147	116	0	0	0	0	2	0	3	4	0
NZ_LR134378.1	3p	-	5	13777	23877	26433	12557	76644	2628	476	386	406	57	36	207	179	64	34	222	133	3	1	1	1	3	2	1	1	0
NZ_LR134378.1	3p	-	6	13050	25180	25669	12745	76644	2236	471	406	415	70	38	240	176	55	40	216	115	0	0	1	3	3	1	0	3	0
NZ_LR134378.1	3p	-	7	14014	24100	24990	13529	76633	1707	455	360	328	61	46	207	158	55	36	172	126	1	0	1	0	4	3	7	4	0
NZ_LR134378.1	3p	-	8	13084	24330	26680	12547	76641	1516	517	417	409	56	50	202	175	67	33	220	119	0	3	4	0	1	3	3	3	0
NZ_LR134378.1	3p	-	9	12719	25487	25705	12734	76645	1373	567	423	409	68	38	241	173	71	28	173	132	0	5	1	4	1	0	2	3	0
NZ_LR134378.1	3p	-	10	13638	24273	25390	13345	76646	1145	484	368	352	57	38	189	129	50	37	180	115	1	2	0	3	3	0	2	0	0
NZ_LR134378.1	3p	-	11	12812	25280	26427	12123	76642	1108	539	403	383	82	37	203	139	59	34	194	116	3	1	1	3	2	1	3	3	0
NZ_LR134378.1	3p	-	12	12075	25821	26026	12720	76642	1013	540	385	460	63	34	222	157	70	29	249	127	1	2	4	0	3	1	3	2	0
NZ_LR134378.1	3p	-	13	13187	24796	25295	13363	76641	832	511	371	364	74	39	179	121	71	35	144	110	3	1	4	0	2	2	2	4	0
NZ_LR134378.1	3p	-	14	12613	25444	26499	12088	76644	861	538	440	400	83	40	225	152	70	32	210	126	1	0	4	2	0	1	4	2	0
NZ_LR134378.1	3p	-	15	12068	26051	26058	12467	76644	775	584	414	433	73	36	220	116	74	34	218	147	0	1	1	0	0	1	3	3	0
NZ_LR134378.1	3p	-	16	12977	24817	25661	13193	76648	671	470	386	347	69	38	190	122	55	35	201	120	0	4	1	2	0	0	2	1	0
NZ_LR134378.1	3p	-	17	12390	25686	26487	12085	76648	759	490	437	418	81	38	208	127	94	28	175	136	4	1	0	0	0	0	1	2	0
NZ_LR134378.1	3p	-	18	11950	26260	26132	12305	76647	692	558	399	436	70	32	224	131	63	32	214	115	2	0	0	2	1	1	1	1	0
NZ_LR134378.1	3p	-	19	13051	25138	25560	12894	76643	618	506	363	319	76	31	174	133	52	32	168	134	4	1	1	1	1	2	1	4	0
NZ_LR134378.1	3p	-	20	12338	26019	26310	11979	76646	640	593	471	417	74	44	225	123	79	37	199	113	0	5	4	0	2	0	1	2	0
NZ_LR134378.1	3p	-	21	11980	26177	26081	12399	76637	629	618	431	413	78	34	192	136	66	28	187	119	0	2	3	3	2	4	4	4	0
NZ_LR134378.1	3p	-	22	13050	25001	25487	13100	76638	575	603	361	341	71	36	186	125	67	33	164	140	0	0	6	1	3	2	6	2	0
NZ_LR134378.1	3p	-	23	12523	25714	26200	12203	76640	607	727	421	391	75	32	210	137	70	39	196	127	3	2	3	3	3	3	2	3	0
NZ_LR134378.1	3p	-	24	12131	26339	25584	12592	76646	605	841	387	400	63	46	206	115	75	34	225	151	3	0	0	6	0	1	2	2	0
NZ_LR134378.1	3p	-	25	13098	24967	25218	13361	76644	517	809	358	344	81	28	193	123	54	43	158	136	0	0	4	1	1	3	1	2	0
NZ_LR134378.1	3p	-	26	12709	25762	25716	12449	76636	634	972	410	408	70	40	192	130	77	20	188	143	1	2	1	5	3	3	4	5	0
NZ_LR134378.1	3p	-	27	12313	26249	25178	12899	76639	575	1169	377	430	83	38	204	140	56	38	231	130	1	4	0	3	4	3	1	4	0
NZ_LR134378.1	3p	-	28	13432	24802	24794	13613	76641	500	1165	370	335	66	44	166	140	65	39	178	128	2	7	0	5	2	2	3	3	0
NZ_LR134378.1	3p	-	29	12785	25588	25487	12782	76642	597	1409	408	377	70	42	243	160	79	26	220	161	4	0	4	5	1	4	1	3	0
NZ_LR134378.1	3p	-	30	12536	26233	24952	12919	76640	596	1941	397	429	67	50	224	131	68	46	219	161	0	2	1	1	3	3	4	1	0
NZ_LR134378.1	3p	-	31	12972	23286	22796	13226	72280	464	1696	330	338	56	44	141	110	54	31	167	155	5	1	2	1	3	1	1	2	0
NZ_LR134378.1	3p	-	32	11551	22626	22206	11460	67843	528	1784	336	327	59	35	158	130	54	42	198	120	1	1	3	2	1	3	2	0	0
NZ_LR134378.1	3p	-	33	10456	21865	20211	10856	63388	446	1771	304	307	60	43	153	109	67	29	214	151	3	2	5	3	0	1	0	2	0
NZ_LR134378.1	3p	-	34	10710	19027	18505	10716	58958	401	1537	235	273	58	30	129	85	49	25	165	116	0	0	4	1	1	1	1	1	0
NZ_LR134378.1	3p	-	35	9378	18212	17842	9351	54783	399	1483	299	239	55	35	144	93	50	24	168	100	3	2	1	3	0	1	1	2	0
NZ_LR134378.1	3p	-	36	8522	17436	16059	8828	50845	345	1421	273	244	48	26	119	83	49	16	145	101	1	0	3	5	1	2	1	1	0
NZ_LR134378.1	3p	-	37	8484	15356	14649	8704	47193	305	1303	228	195	38	22	88	84	31	12	117	97	1	2	4	2	0	2	2	0	0
NZ_LR134378.1	3p	-	38	7734	14404	14075	7548	43761	350	1278	237	233	42	33	105	76	31	16	118	81	0	0	2	2	1	5	1	2	0
NZ_LR134378.1	3p	-	39	6810	13864	12976	6933	40583	267	1302	198	199	40	35	93	70	33	29	122	72	2	1	2	3	1	4	0	0	0
NZ_LR134378.1	3p	-	40	6975	12010	11715	6967	37667	224	1153	178	151	42	25	71	60	32	18	96	75	0	0	2	2	0	4	0	2	0
NZ_LR134378.1	3p	-	41	6084	11503	11273	6058	34918	247	1123	197	156	34	25	71	51	31	15	123	69	1	1	4	3	0	0	0	0	0
NZ_LR134378.1	3p	-	42	5520	11005	10217	5676	32418	218	1153	176	152	26	23	77	52	38	14	98	78	0	0	2	3	1	0	1	1	0
NZ_LR134378.1	3p	-	43	5489	9476	9035	5567	29567	194	956	139	108	24	27	55	52	14	16	84	64	1	0	2	0	1	0	0	0	0
NZ_LR134378.1	3p	-	44	4746	8881	8581	4673	26881	204	890	144	142	22	8	59	37	20	13	84	55	0	0	0	0	0	0	1	0	0
NZ_LR134378.1	3p	-	45	4088	8307	7604	4420	24419	156	869	117	105	26	17	47	37	25	10	82	51	0	0	2	3	0	1	0	0	0
NZ_LR134378.1	3p	-	46	4152	7166	6750	4079	22147	142	727	94	91	13	18	43	32	15	6	60	40	0	1	0	3	1	0	1	0	0
NZ_LR134378.1	3p	-	47	3490	6628	6447	3526	20091	158	650	98	77	19	9	52	30	11	11	60	44	2	0	2	1	1	0	2	0	0
NZ_LR134378.1	3p	-	48	3074	6266	5708	3264	18312	138	634	81	105	10	7	33	24	15	6	56	38	0	0	0	2	0	0	1	1	0
NZ_LR134378.1	3p	-	49	3095	5302	5071	3174	16642	101	530	70	71	13	12	34	26	15	8	61	33	1	0	0	1	0	1	0	1	0
NZ_LR134378.1	3p	-	50	2696	5034	4747	2669	15146	111	481	94	61	16	10	31	16	11	8	34	30	0	0	2	0	0	0	0	0	0
NZ_LR134378.1	3p	-	51	2309	4761	4268	2438	13776	90	456	72	71	5	12	34	24	10	4	37	19	0	0	1	1	0	0	0	1	0
NZ_LR134378.1	3p	-	52	2315	4048	3841	2351	12555	73	367	53	53	7	7	23	16	16	2	30	26	1	0	0	1	0	0	0	0	0
NZ_LR134378.1	3p	-	53	2055	3768	3644	1950	11417	79	328	51	52	13	4	28	13	5	1	21	23	1	0	0	0	0	1	0	0	0
NZ_LR134378.1	3p	-	54	1721	3604	3293	1843	10461	76	370	53	47	9	2	20	19	3	2	24	28	0	0	1	0	0	1	0	0	0
NZ_LR134378.1	3p	-	55	1797	3010	2919	1816	9542	42	256	36	33	5	10	21	18	5	4	16	12	0	0	1	1	0	0	0	0	0
NZ_LR134378.1	3p	-	56	1513	2850	2759	1563	8685	56	272	39	40	4	2	17	9	6	3	26	15	0	0	0	0	0	0	0	0	0
NZ_LR134378.1	3p	-	57	1391	2720	2441	1385	7937	66	237	39	20	10	7	24	16	7	3	25	15	0	0	0	3	0	0	0	0	0
NZ_LR134378.1	3p	-	58	1336	2386	2263	1286	7271	51	214	27	28	8	6	12	13	2	1	16	18	0	0	1	1	0	0	1	1	0
NZ_LR134378.1	3p	-	59	1175	2213	2092	1205	6685	39	204	35	33	4	3	19	13	3	3	13	17	0	0	0	0	0	0	0	0	0
NZ_LR134378.1	3p	-	60	1085	2145	1868	1058	6156	44	196	30	27	11	3	18	9	2	2	19	12	0	1	1	0	0	0	0	0	0
NZ_LR134378.1	3p	-	61	1035	1884	1748	1014	5681	28	181	16	20	5	5	17	6	2	1	18	7	0	1	0	0	0	0	0	0	0
NZ_LR134378.1	3p	-	62	930	1713	1714	936	5293	32	161	16	29	8	3	10	13	2	1	16	11	0	0	0	0	0	1	0	1	0
NZ_LR134378.1	3p	-	63	887	1700	1433	847	4867	38	147	34	16	3	2	15	5	0	6	15	10	0	0	1	0	0	0	0	0	0
NZ_LR134378.1	3p	-	64	849	1434	1336	863	4482	28	153	15	19	3	5	7	14	2	3	12	9	0	0	1	0	0	0	0	0	0
NZ_LR134378.1	3p	-	65	731	1306	1271	736	4044	27	116	35	19	4	0	11	10	1	3	8	8	0	0	0	0	0	0	0	1	0
NZ_LR134378.1	3p	-	66	632	1245	1131	667	3675	23	125	16	17	4	1	7	4	3	1	20	2	0	0	0	0	0	0	1	0	0
NZ_LR134378.1	3p	-	67	640	1021	1027	647	3335	20	93	17	10	2	0	5	5	2	2	5	4	0	0	0	1	0	0	0	0	0
NZ_LR134378.1	3p	-	68	517	1014	943	553	3027	19	98	14	18	3	3	2	5	1	3	12	3	1	0	0	1	0	0	0	0	0
NZ_LR134378.1	3p	-	69	468	941	811	510	2730	14	94	11	19	1	2	8	3	2	2	8	4	0	1	0	0	0	1	0	1	0
NZ_LR134378.1	3p	-	70	465	805	731	480	2481	15	68	18	8	2	2	3	3	1	1	3	3	0	0	0	0	0	0	0	0	0
NZ_LR134378.1	5p	+	1	14032	27341	19859	14985	76217	481	7384	330	373	76	94	158	132	67	41	411	273	0	0	0	0	0	0	0	0	2
NZ_LR134378.1	5p	+	2	13942	25157	22730	14385	76214	537	4431	410	334	85	58	198	151	69	45	331	210	1	2	2	3	0	2	0	1	0
NZ_LR134378.1	5p	+	3	13865	24812	25254	12278	76209	520	3069	399	394	66	47	194	115	73	49	228	167	3	1	7	2	1	2	1	4	0
NZ_LR134378.1	5p	+	4	14384	25578	22294	13942	76198	428	2838	342	355	67	47	156	122	65	30	181	144	4	1	6	4	5	7	5	2	0
NZ_LR134378.1	5p	+	5	13496	25727	23191	13778	76192	456	2486	370	389	82	44	177	143	64	38	195	174	1	3	8	6	8	9	4	4	0
NZ_LR134378.1	5p	+	6	12917	25051	25324	12908	76200	476	2076	460	374	73	38	211	140	71	39	212	147	3	3	5	0	1	7	2	7	0
NZ_LR134378.1	5p	+	7	13136	25266	24211	13595	76208	393	1651	348	347	54	46	185	140	66	41	155	121	1	3	2	0	1	3	3	2	0
NZ_LR134378.1	5p	+	8	12464	25967	24743	13034	76208	494	1394	384	410	85	39	207	126	69	42	199	146	1	1	3	2	2	2	3	2	0
NZ_LR134378.1	5p	+	9	12594	25596	25614	12405	76209	583	1355	441	384	61	47	205	131	74	36	227	143	3	0	7	4	1	1	1	5	0
NZ_LR134378.1	5p	+	10	13172	25275	24586	13181	76214	517	1093	387	403	59	26	181	114	70	30	192	135	1	1	2	2	0	2	0	1	0
NZ_LR134378.1	5p	+	11	12394	26021	25239	12557	76211	535	1162	386	385	54	25	212	135	76	39	194	175	2	3	2	2	0	1	0	5	0
NZ_LR134378.1	5p	+	12	12488	25534	26066	12123	76211	549	983	436	454	81	28	187	122	70	39	217	147	0	4	5	5	0	3	1	2	0
NZ_LR134378.1	5p	+	13	13014	25192	24903	13101	76210	480	818	349	371	76	24	176	106	64	20	168	129	1	2	1	0	2	2	3	0	0
NZ_LR134378.1	5p	+	14	12186	26140	25309	12577	76212	503	814	367	405	61	40	208	117	79	23	203	157	1	1	0	1	2	2	1	0	0
NZ_LR134378.1	5p	+	15	12213	26088	25941	11967	76209	592	844	414	413	68	36	230	138	71	26	200	146	3	2	2	4	1	2	2	3	0
NZ_LR134378.1	5p	+	16	12944	25080	25396	12786	76206	468	653	381	338	65	34	183	135	59	39	173	125	3	1	3	2	1	1	6	3	0
NZ_LR134378.1	5p	+	17	12002	26017	25714	12473	76206	510	718	405	426	59	30	199	135	74	52	175	145	0	1	3	4	1	4	2	4	0
NZ_LR134378.1	5p	+	18	12135	25823	26271	11980	76209	535	682	409	445	63	32	205	124	68	29	226	142	0	3	0	1	2	4	1	1	0
NZ_LR134378.1	5p	+	19	13039	25359	24991	12817	76206	493	634	385	367	56	43	176	104	68	42	172	128	3	2	2	0	2	3	5	1	0
NZ_LR134378.1	5p	+	20	12158	26195	25397	12461	76211	522	700	355	422	70	35	186	142	60	41	179	135	1	1	3	2	2	1	1	2	0
NZ_LR134378.1	5p	+	21	12234	25667	26604	11706	76211	676	636	420	394	76	40	199	148	72	36	207	125	1	3	2	1	2	2	0	2	0
NZ_LR134378.1	5p	+	22	13061	25212	25277	12658	76208	628	595	356	361	71	31	155	124	67	27	170	125	0	5	2	0	3	1	3	2	0
NZ_LR134378.1	5p	+	23	12434	25877	25392	12505	76208	735	612	392	387	63	37	185	129	83	33	181	134	1	2	1	1	1	0	3	5	0
NZ_LR134378.1	5p	+	24	12584	25389	26203	12030	76206	811	621	420	398	73	44	239	146	57	39	204	120	1	2	2	1	3	3	4	1	0
NZ_LR134378.1	5p	+	25	13303	25060	24948	12899	76210	818	576	364	341	62	34	160	125	70	33	140	116	1	1	1	0	2	2	2	1	0
NZ_LR134378.1	5p	+	26	12595	25645	25462	12508	76210	992	580	394	418	73	36	215	149	86	32	194	126	1	1	2	2	2	1	0	4	0
NZ_LR134378.1	5p	+	27	12619	24874	26601	12119	76213	1251	534	360	404	76	47	208	160	77	39	202	127	2	1	1	2	0	3	1	0	0
NZ_LR134378.1	5p	+	28	13577	24474	24922	13237	76210	1178	551	329	366	62	37	177	150	76	39	160	121	3	2	2	5	1	2	1	3	0
NZ_LR134378.1	5p	+	29	12877	24944	25543	12845	76209	1639	547	387	387	57	39	223	143	62	54	184	144	4	2	3	1	1	3	2	2	0
NZ_LR134378.1	5p	+	30	12968	24542	26226	12472	76208	2080	529	396	363	95	39	226	183	66	46	203	138	2	2	1	1	2	2	2	3	0
NZ_LR134378.1	5p	+	31	13220	22434	23469	12649	71772	1810	480	327	359	54	42	181	160	61	45	184	117	0	0	1	2	1	1	2	1	0
NZ_LR134378.1	5p	+	32	11670	21674	22354	11474	67172	1752	467	311	363	49	27	172	158	53	42	189	111	1	1	1	3	3	1	1	1	0
NZ_LR134378.1	5p	+	33	11173	19942	21379	10244	62738	1738	466	319	371	55	33	201	149	71	46	173	102	1	4	1	0	1	0	2	0	0
NZ_LR134378.1	5p	+	34	10786	18171	19062	10415	58434	1605	391	262	305	50	30	169	129	53	31	150	89	2	0	0	1	1	1	3	1	0
NZ_LR134378.1	5p	+	35	9420	17588	17834	9360	54202	1566	381	279	287	38	30	170	117	48	29	142	85	1	0	0	2	3	1	1	5	0
NZ_LR134378.1	5p	+	36	8833	15974	17220	8202	50229	1526	357	264	228	45	28	147	106	34	36	117	86	2	1	1	1	4	0	0	1	0
NZ_LR134378.1	5p	+	37	8717	14392	15245	8261	46615	1322	300	202	210	45	22	103	99	45	31	111	72	0	0	1	0	2	0	0	0	0
NZ_LR134378.1	5p	+	38	7451	13930	14397	7424	43202	1280	307	199	216	33	29	115	99	38	19	110	55	0	1	2	0	1	2	0	0	0
NZ_LR134378.1	5p	+	39	7194	12662	13634	6624	40114	1286	264	209	209	44	20	116	106	35	13	82	70	0	2	1	2	1	1	1	2	0
NZ_LR134378.1	5p	+	40	6939	11440	12272	6646	37297	1222	248	161	168	34	26	108	69	43	24	81	49	1	0	1	1	0	0	0	1	0
NZ_LR134378.1	5p	+	41	6035	11237	11537	5903	34712	1134	259	177	156	27	15	96	79	29	24	74	58	1	0	1	1	1	0	1	1	0
NZ_LR134378.1	5p	+	42	5740	10183	11030	5419	32372	1180	220	160	171	27	25	107	80	40	29	80	45	0	0	1	1	1	0	0	1	0
NZ_LR134378.1	5p	+	43	5544	8881	9625	5288	29338	1009	208	120	142	30	15	76	78	33	25	74	51	1	0	1	0	0	1	0	0	0
NZ_LR134378.1	5p	+	44	4610	8580	8875	4541	26606	968	198	95	116	20	13	102	70	20	15	66	39	1	1	0	0	2	0	1	0	0
NZ_LR134378.1	5p	+	45	4388	7542	8260	3989	24179	919	168	122	130	23	18	58	52	19	16	52	35	0	0	0	0	2	0	0	0	0
NZ_LR134378.1	5p	+	46	4233	6616	7024	4041	21914	705	130	95	113	16	9	50	41	21	18	55	29	0	0	0	0	0	0	0	1	0
NZ_LR134378.1	5p	+	47	3507	6360	6533	3478	19878	715	163	102	100	18	9	61	51	17	12	37	34	0	1	0	0	0	0	1	0	0
NZ_LR134378.1	5p	+	48	3293	5593	6101	3055	18042	663	124	95	92	20	13	62	42	9	9	43	20	0	1	0	0	1	0	0	0	0
NZ_LR134378.1	5p	+	49	3089	5064	5333	2951	16437	558	93	71	68	14	6	48	33	20	15	33	26	0	0	0	0	0	0	0	0	0
NZ_LR134378.1	5p	+	50	2711	4767	4897	2553	14928	476	97	74	72	14	5	56	21	12	5	42	32	0	0	0	0	1	0	0	0	0
NZ_LR134378.1	5p	+	51	2539	4189	4648	2236	13612	493	85	73	71	11	7	37	24	11	9	20	19	1	0	0	0	0	0	0	0	0
NZ_LR134378.1	5p	+	52	2368	3783	3927	2273	12351	379	76	47	50	10	7	27	17	12	7	24	10	1	1	1	0	0	0	0	0	0
NZ_LR134378.1	5p	+	53	1947	3546	3732	1987	11212	349	68	47	63	12	5	39	26	10	3	29	19	0	0	0	0	0	0	1	0	0
NZ_LR134378.1	5p	+	54	1879	3251	3449	1679	10258	320	63	57	46	9	6	25	20	6	7	23	23	0	0	1	1	0	0	0	1	0
NZ_LR134378.1	5p	+	55	1732	2855	3075	1760	9422	285	40	39	44	8	3	28	19	14	4	18	14	0	1	0	0	0	0	0	0	0
NZ_LR134378.1	5p	+	56	1505	2727	2823	1522	8577	281	59	27	48	7	3	25	12	9	7	15	15	0	0	1	0	0	1	0	0	0
NZ_LR134378.1	5p	+	57	1410	2463	2650	1295	7818	230	60	37	37	10	5	27	16	7	0	24	17	0	0	0	0	0	0	0	0	0
NZ_LR134378.1	5p	+	58	1375	2149	2356	1307	7187	209	44	29	31	4	1	16	14	5	1	13	14	0	0	0	0	1	0	0	0	0
NZ_LR134378.1	5p	+	59	1205	2073	2209	1141	6628	169	50	27	34	3	5	21	13	7	1	18	11	0	1	0	0	0	0	0	0	0
NZ_LR134378.1	5p	+	60	1048	1953	2040	1045	6086	185	32	33	22	6	4	16	17	7	4	16	9	0	0	0	0	0	0	0	0	0
NZ_LR134378.1	5p	+	61	1121	1726	1779	974	5600	161	40	16	26	7	2	13	8	11	3	9	12	0	0	1	0	0	0	0	0	0
NZ_LR134378.1	5p	+	62	923	1659	1721	874	5177	168	28	21	24	5	1	14	13	5	1	9	9	0	1	0	0	0	0	0	0	0
NZ_LR134378.1	5p	+	63	861	1536	1567	827	4791	160	20	26	29	3	3	12	11	5	2	6	7	0	0	1	0	0	0	0	0	0
NZ_LR134378.1	5p	+	64	868	1336	1435	791	4430	154	18	20	17	3	1	10	7	2	1	8	8	0	0	0	0	1	0	0	0	0
NZ_LR134378.1	5p	+	65	741	1262	1321	690	4014	155	25	20	26	2	0	19	7	6	4	11	4	0	0	0	0	0	0	0	0	0
NZ_LR134378.1	5p	+	66	679	1158	1196	575	3608	111	29	18	21	3	1	5	9	1	2	6	5	0	0	0	0	0	0	0	0	0
NZ_LR134378.1	5p	+	67	627	1016	1065	595	3303	114	16	15	18	2	0	6	4	0	0	6	4	0	0	0	0	0	0	0	0	0
NZ_LR134378.1	5p	+	68	500	970	973	537	2980	93	19	8	18	1	1	14	8	3	2	4	5	0	0	0	0	0	0	0	0	0
NZ_LR134378.1	5p	+	69	471	835	927	447	2680	90	14	11	10	2	2	11	4	1	3	11	3	0	0	0	0	0	0	0	1	0
NZ_LR134378.1	5p	+	70	468	717	788	467	2440	75	14	12	13	2	2	5	4	6	1	8	3	0	0	0	1	0	0	0	0	0
NZ_LR134378.1	5p	-	1	14355	27191	19949	15156	76651	407	7382	364	368	78	105	165	134	57	50	364	295	0	0	0	0	0	0	0	0	3
NZ_LR134378.1	5p	-	2	13908	25172	23131	14439	76650	557	4364	429	354	76	68	232	155	74	49	378	231	1	1	2	7	0	1	0	0	2
NZ_LR134378.1	5p	-	3	13628	24993	25704	12325	76650	520	2986	445	320	76	54	178	128	66	32	273	155	4	1	9	4	1	0	0	0	0
NZ_LR134378.1	5p	-	4	14410	25668	22315	14257	76650	410	2872	334	333	68	63	180	132	55	41	210	130	1	0	4	3	0	1	0	0	0
NZ_LR134378.1	5p	-	5	13372	25907	23634	13721	76634	482	2552	351	421	70	56	186	129	75	33	233	177	2	2	5	3	3	6	5	3	0
NZ_LR134378.1	5p	-	6	12685	25322	25496	13122	76625	486	2141	398	370	69	50	199	138	67	37	210	155	2	3	4	4	3	7	5	11	0
NZ_LR134378.1	5p	-	7	13536	25124	24420	13562	76642	506	1719	348	301	57	35	184	130	68	30	185	150	2	1	3	7	1	3	4	1	0
NZ_LR134378.1	5p	-	8	12633	26192	24690	13120	76635	486	1606	378	402	86	45	201	144	64	47	220	141	2	1	3	3	4	6	3	3	0
NZ_LR134378.1	5p	-	9	12563	25694	25902	12482	76641	564	1328	442	413	79	35	196	130	72	30	233	141	2	2	6	2	2	1	2	5	0
NZ_LR134378.1	5p	-	10	13200	25147	24796	13503	76646	548	1114	358	327	79	26	174	103	56	37	181	137	3	3	2	2	3	2	0	0	0
NZ_LR134378.1	5p	-	11	12230	25975	25501	12936	76642	542	1088	433	385	68	37	196	126	56	37	189	140	0	0	0	3	0	6	0	3	0
NZ_LR134378.1	5p	-	12	12393	26044	26061	12144	76642	585	971	425	394	88	39	206	128	58	29	177	154	1	1	2	5	2	2	1	4	0
NZ_LR134378.1	5p	-	13	13134	25271	25108	13133	76646	493	845	363	357	80	28	186	117	73	24	179	116	2	3	1	1	1	1	0	3	0
NZ_LR134378.1	5p	-	14	12102	26281	25417	12843	76643	552	880	408	418	72	30	205	139	70	34	189	135	0	1	5	2	2	3	1	2	0
NZ_LR134378.1	5p	-	15	12301	25652	26482	12204	76639	584	784	470	412	75	43	227	142	82	28	203	140	2	2	2	0	0	2	8	2	0
NZ_LR134378.1	5p	-	16	12929	25321	25335	13061	76646	476	647	377	357	67	51	187	124	54	26	188	106	3	0	2	1	2	1	1	1	0
NZ_LR134378.1	5p	-	17	12118	26203	25788	12533	76642	552	699	418	391	68	36	188	120	59	34	192	139	3	1	2	0	2	5	1	1	0
NZ_LR134378.1	5p	-	18	12284	26070	26391	11896	76641	577	672	442	394	82	34	196	134	80	25	200	132	4	1	2	1	0	4	3	3	0
NZ_LR134378.1	5p	-	19	12750	25548	25253	13088	76639	525	648	336	381	69	37	204	112	64	27	177	119	2	2	2	0	1	2	5	4	0
NZ_LR134378.1	5p	-	20	12195	26092	25672	12686	76645	555	625	399	450	74	35	188	117	59	39	196	130	2	0	1	0	1	1	2	2	0
NZ_LR134378.1	5p	-	21	12190	25679	26647	12132	76648	602	697	399	408	79	41	220	130	58	34	205	119	1	1	3	1	1	1	0	1	0
NZ_LR134378.1	5p	-	22	13016	24920	25473	13236	76645	642	577	356	376	66	28	189	126	76	35	173	127	1	2	2	3	2	1	2	1	0
NZ_LR134378.1	5p	-	23	12156	25938	25809	12740	76643	698	627	424	385	76	41	207	121	82	34	182	129	1	2	1	2	3	0	1	4	0
NZ_LR134378.1	5p	-	24	12442	25599	26470	12133	76644	850	648	414	409	85	43	211	151	69	38	215	123	0	3	3	1	2	0	3	2	0
NZ_LR134378.1	5p	-	25	13184	24890	25391	13180	76645	826	546	373	339	59	36	176	124	72	42	175	123	2	3	0	4	1	3	2	0	0
NZ_LR134378.1	5p	-	26	12495	25791	25765	12595	76646	1001	596	420	381	52	42	203	143	55	35	229	147	1	2	3	6	0	0	2	3	0
NZ_LR134378.1	5p	-	27	12889	25209	26391	12157	76646	1123	530	427	399	69	43	212	132	70	27	207	115	0	2	2	5	1	1	1	2	0
NZ_LR134378.1	5p	-	28	13632	24267	25283	13462	76644	1239	505	354	409	57	36	184	132	47	33	190	112	4	0	2	2	4	0	2	1	0
NZ_LR134378.1	5p	-	29	12803	25318	25759	12764	76644	1557	591	392	373	73	34	197	145	68	35	191	131	0	0	3	2	1	2	2	2	0
NZ_LR134378.1	5p	-	30	13015	24748	26420	12461	76644	2028	552	417	400	71	43	241	157	82	44	204	141	1	1	3	4	0	1	5	1	0
NZ_LR134378.1	5p	-	31	13191	22675	23619	12798	72283	1760	488	339	363	74	38	191	163	70	31	175	104	2	3	1	4	0	2	1	1	0
NZ_LR134378.1	5p	-	32	11662	21882	22636	11662	67842	1829	494	349	359	62	34	208	147	61	25	174	122	0	2	0	2	0	2	4	1	0
NZ_LR134378.1	5p	-	33	10889	20081	22042	10375	63387	1793	440	361	308	55	34	183	161	62	33	174	105	0	2	2	1	1	1	1	1	0
NZ_LR134378.1	5p	-	34	10843	18579	19108	10426	58956	1542	385	266	279	54	28	161	125	41	36	132	82	1	0	1	1	2	1	0	3	0
NZ_LR134378.1	5p	-	35	9597	17691	18096	9400	54784	1515	401	262	259	42	22	164	116	39	32	109	72	0	1	2	1	0	0	1	2	0
NZ_LR134378.1	5p	-	36	8913	16009	17546	8378	50846	1485	362	249	280	52	16	151	115	40	31	127	73	0	1	0	1	1	0	3	0	0
NZ_LR134378.1	5p	-	37	8842	14549	15367	8434	47192	1358	284	218	216	29	22	121	107	28	23	122	66	1	0	2	2	2	1	1	1	0
NZ_LR134378.1	5p	-	38	7431	14169	14567	7599	43766	1331	296	218	216	32	19	144	90	43	22	88	64	2	0	2	1	0	0	1	3	0
NZ_LR134378.1	5p	-	39	7146	12857	13705	6873	40581	1318	267	234	234	34	22	133	80	41	21	93	64	0	3	1	1	3	2	1	1	0
NZ_LR134378.1	5p	-	40	6999	11552	12248	6872	37671	1185	241	150	176	35	18	110	73	28	24	97	58	1	0	2	0	0	0	1	1	0
NZ_LR134378.1	5p	-	41	6126	10876	11683	6226	34911	1166	274	158	172	30	15	85	82	29	14	77	63	2	1	1	3	2	1	2	2	0
NZ_LR134378.1	5p	-	42	5730	10269	11094	5326	32419	1171	189	172	167	26	14	110	88	30	23	86	58	0	0	1	3	2	0	0	0	0
NZ_LR134378.1	5p	-	43	5564	9056	9683	5262	29565	1044	164	138	146	19	16	68	72	23	16	68	41	0	0	1	2	0	2	1	0	0
NZ_LR134378.1	5p	-	44	4806	8606	8872	4593	26877	949	183	125	144	21	16	87	65	21	16	75	39	0	0	1	0	1	0	1	3	0
NZ_LR134378.1	5p	-	45	4281	7603	8436	4096	24416	918	152	121	114	18	18	76	65	21	13	57	47	1	1	0	0	1	1	2	0	0
NZ_LR134378.1	5p	-	46	4212	6778	7137	4021	22148	711	125	103	106	28	6	61	45	21	14	50	39	0	1	0	2	1	0	0	0	0
NZ_LR134378.1	5p	-	47	3471	6496	6580	3546	20093	727	118	93	102	8	10	72	49	13	18	48	28	0	0	0	0	0	0	1	0	0
NZ_LR134378.1	5p	-	48	3274	5711	6263	3066	18314	665	121	103	96	11	7	46	50	14	11	31	32	0	0	0	0	0	0	0	0	0
NZ_LR134378.1	5p	-	49	3162	5111	5349	3021	16643	582	95	84	74	11	7	47	23	17	10	34	27	0	0	1	1	1	0	0	0	0
NZ_LR134378.1	5p	-	50	2733	4858	4866	2688	15145	479	103	65	87	11	7	50	35	15	6	38	27	0	1	0	0	1	0	0	0	0
NZ_LR134378.1	5p	-	51	2494	4292	4644	2346	13776	419	108	81	61	9	7	32	31	7	7	30	23	0	1	0	0	0	0	1	0	0
NZ_LR134378.1	5p	-	52	2408	3787	4060	2299	12554	401	72	64	43	9	7	22	30	6	11	21	13	0	0	0	0	0	0	0	1	0
NZ_LR134378.1	5p	-	53	2031	3654	3757	1976	11418	372	66	41	60	7	3	32	28	6	6	25	23	0	0	0	0	0	0	0	0	0
NZ_LR134378.1	5p	-	54	1906	3281	3528	1744	10459	335	62	51	47	15	5	26	25	15	9	26	20	0	0	0	0	0	0	1	2	0
NZ_LR134378.1	5p	-	55	1794	2926	3089	1732	9541	319	49	40	39	7	5	23	15	13	5	28	12	0	0	0	0	0	0	0	1	0
NZ_LR134378.1	5p	-	56	1494	2766	2882	1542	8684	286	65	39	32	9	1	31	15	10	2	24	12	1	0	0	0	1	0	0	0	0
NZ_LR134378.1	5p	-	57	1384	2526	2691	1336	7937	252	49	48	45	9	3	24	21	4	4	15	8	1	0	0	0	0	0	0	0	0
NZ_LR134378.1	5p	-	58	1385	2138	2366	1384	7273	238	39	28	29	6	3	18	15	3	6	20	14	0	0	0	0	0	0	0	0	0
NZ_LR134378.1	5p	-	59	1207	2094	2213	1171	6685	205	51	27	44	6	6	8	17	3	2	18	7	0	0	0	0	0	0	0	0	0
NZ_LR134378.1	5p	-	60	1103	1997	2008	1047	6155	211	39	35	38	5	5	16	15	6	6	11	16	0	0	0	0	0	0	0	1	0
NZ_LR134378.1	5p	-	61	1067	1768	1816	1030	5681	172	18	20	36	3	3	12	15	4	3	13	10	1	0	0	0	0	0	0	0	0
NZ_LR134378.1	5p	-	62	947	1688	1707	952	5294	183	41	27	18	6	1	15	15	5	5	5	4	0	1	0	1	0	0	1	0	0
NZ_LR134378.1	5p	-	63	873	1506	1691	797	4867	176	38	23	23	3	4	11	14	4	6	12	5	0	0	0	0	0	0	0	0	0
NZ_LR134378.1	5p	-	64	817	1407	1431	826	4481	156	31	24	11	1	1	11	12	1	3	7	3	0	0	1	0	0	0	0	1	0
NZ_LR134378.1	5p	-	65	704	1307	1295	739	4045	123	17	23	21	3	3	6	10	4	3	8	9	0	0	0	0	0	0	0	0	0
NZ_LR134378.1	5p	-	66	674	1140	1248	614	3676	136	18	12	24	6	4	12	10	5	2	10	5	0	0	1	0	0	0	0	0	0
NZ_LR134378.1	5p	-	67	642	967	1105	620	3334	115	22	19	15	3	1	13	5	3	2	1	2	0	0	0	0	0	0	1	0	0
NZ_LR134378.1	5p	-	68	537	992	984	514	3027	107	21	12	11	2	1	6	5	7	2	4	1	0	0	1	0	0	0	0	0	0
NZ_LR134378.1	5p	-	69	517	840	921	454	2732	93	22	17	20	4	6	6	7	3	1	6	3	0	1	0	0	0	0	0	0	0
NZ_LR134378.1	5p	-	70	502	716	820	442	2480	71	18	12	17	3	2	6	1	1	3	6	3	0	0	0	0	0	1	0	0	0
