# table produced by mapDamage version 2.2.3
# using mapped file /mnt/archgen/microbiome_calculus/library_ds_vs_ss/04-analysis/normalize_kraken/mapping/neisseria_elongata/out/FUM002.A0101.SG1.1_5M.mapped_n_elongata_q25l30_rmdup.bam and /mnt/archgen/microbiome_calculus/library_ds_vs_ss/04-analysis/normalize_kraken/mapping/neisseria_elongata/input/GCF_900453895.1_42925_E01_genomic.fna as reference file
# Chr: reference from sam/bam header, End: from which termini of DNA sequences, Std: strand of reads
Chr	End	Std	Pos	A	C	G	T	Total	G>A	C>T	A>G	T>C	A>C	A>T	C>G	C>A	T>G	T>A	G>C	G>T	A>-	T>-	C>-	G>-	->A	->T	->C	->G	S
NZ_UGQW01000001.1	3p	+	1	100	75	104	64	343	38	0	2	2	0	0	0	0	2	0	1	1	0	0	0	0	0	0	0	0	0
NZ_UGQW01000001.1	3p	+	2	91	83	81	88	343	26	0	0	3	0	0	2	0	2	0	0	1	0	0	0	0	0	0	0	0	0
NZ_UGQW01000001.1	3p	+	3	86	94	80	83	343	13	4	2	0	0	0	0	2	1	0	0	0	0	0	0	0	0	0	0	0	0
NZ_UGQW01000001.1	3p	+	4	88	92	82	81	343	15	2	0	4	0	0	2	2	1	0	0	0	0	0	0	0	0	0	0	0	0
NZ_UGQW01000001.1	3p	+	5	77	96	89	81	343	9	3	5	4	0	0	0	1	0	0	0	2	0	0	0	0	0	0	0	0	0
NZ_UGQW01000001.1	3p	+	6	77	89	111	66	343	2	4	1	4	0	0	0	0	0	0	2	0	0	0	0	0	0	0	0	0	0
NZ_UGQW01000001.1	3p	+	7	76	83	108	76	343	6	3	2	2	2	0	0	0	0	0	2	1	0	0	0	0	0	0	0	0	0
NZ_UGQW01000001.1	3p	+	8	78	96	90	79	343	5	5	0	1	0	0	2	0	3	0	0	1	0	0	0	0	0	0	0	0	0
NZ_UGQW01000001.1	3p	+	9	85	99	79	80	343	2	3	0	2	0	0	0	1	1	0	0	1	0	0	0	0	0	0	0	0	0
NZ_UGQW01000001.1	3p	+	10	83	89	90	81	343	4	1	3	3	0	0	1	2	1	0	0	0	0	0	0	0	0	0	0	0	0
NZ_UGQW01000001.1	3p	+	11	76	88	105	74	343	2	4	5	3	0	0	0	1	0	0	0	1	0	0	0	0	0	0	0	0	0
NZ_UGQW01000001.1	3p	+	12	67	89	112	75	343	7	2	1	2	1	0	3	1	0	1	3	1	0	0	0	0	0	0	0	0	0
NZ_UGQW01000001.1	3p	+	13	66	95	100	82	343	6	1	1	2	1	0	0	0	0	0	0	1	0	0	0	0	0	0	0	0	0
NZ_UGQW01000001.1	3p	+	14	66	99	108	70	343	6	4	1	1	0	0	1	0	1	0	0	2	0	0	0	0	0	0	0	0	0
NZ_UGQW01000001.1	3p	+	15	81	95	98	69	343	2	0	4	0	1	0	1	0	0	0	0	0	0	0	0	0	0	0	0	0	0
NZ_UGQW01000001.1	3p	+	16	73	85	110	75	343	5	0	1	2	0	0	0	1	0	0	0	1	0	0	0	0	0	0	0	0	0
NZ_UGQW01000001.1	3p	+	17	62	89	103	89	343	1	4	3	4	0	0	0	0	0	0	0	1	0	0	0	0	0	0	0	0	0
NZ_UGQW01000001.1	3p	+	18	67	98	100	78	343	1	4	2	5	0	0	0	0	1	0	0	1	0	0	0	0	0	0	0	0	0
NZ_UGQW01000001.1	3p	+	19	71	84	97	91	343	1	2	1	2	0	0	0	1	0	0	1	0	0	0	0	0	0	0	0	0	0
NZ_UGQW01000001.1	3p	+	20	73	88	103	79	343	2	4	2	1	0	0	0	0	2	0	0	0	0	0	0	0	0	0	0	0	0
NZ_UGQW01000001.1	3p	+	21	72	104	93	73	342	2	2	2	4	0	0	0	1	2	0	0	0	0	0	0	0	0	1	0	0	0
NZ_UGQW01000001.1	3p	+	22	61	92	102	88	343	2	3	0	0	0	0	0	0	1	0	2	3	0	0	0	0	0	0	0	0	0
NZ_UGQW01000001.1	3p	+	23	70	94	99	80	343	2	3	2	0	0	0	0	0	1	0	0	0	0	0	0	0	0	0	0	0	0
NZ_UGQW01000001.1	3p	+	24	75	85	105	78	343	2	6	4	3	0	1	0	0	0	0	0	1	0	0	0	0	0	0	0	0	0
NZ_UGQW01000001.1	3p	+	25	74	97	91	81	343	3	5	1	2	0	0	0	2	0	0	1	0	0	0	0	0	0	0	0	0	0
NZ_UGQW01000001.1	3p	+	26	64	81	118	80	343	1	2	3	1	0	0	1	0	0	0	1	0	0	0	0	0	0	0	0	0	0
NZ_UGQW01000001.1	3p	+	27	78	108	96	61	343	3	12	0	2	0	1	0	1	0	0	0	2	0	0	0	0	0	0	0	0	0
NZ_UGQW01000001.1	3p	+	28	85	90	90	78	343	1	11	3	0	0	1	1	0	0	0	1	0	0	0	0	0	0	0	0	0	0
NZ_UGQW01000001.1	3p	+	29	68	104	103	68	343	4	11	3	2	0	0	2	0	1	0	2	0	0	0	0	0	0	0	0	0	0
NZ_UGQW01000001.1	3p	+	30	71	95	96	81	343	3	13	2	1	0	0	0	1	2	0	1	1	0	0	0	0	0	0	0	0	0
NZ_UGQW01000001.1	3p	+	31	63	75	100	77	315	4	15	0	3	0	1	0	0	0	0	1	0	0	0	0	0	0	0	0	0	0
NZ_UGQW01000001.1	3p	+	32	64	74	86	62	286	3	10	2	3	0	0	0	0	0	0	0	1	0	0	0	0	0	0	0	0	0
NZ_UGQW01000001.1	3p	+	33	56	89	73	52	270	3	10	1	1	0	0	0	1	0	0	0	1	0	0	0	0	0	0	0	0	0
NZ_UGQW01000001.1	3p	+	34	51	76	59	65	251	3	11	0	0	0	0	3	0	1	0	0	0	0	0	0	0	0	0	0	0	0
NZ_UGQW01000001.1	3p	+	35	66	56	61	51	234	3	5	1	2	0	0	1	1	0	0	0	0	0	0	0	0	0	0	0	0	0
NZ_UGQW01000001.1	3p	+	36	45	62	62	47	216	2	5	0	1	0	1	0	0	2	0	1	0	0	0	0	0	0	0	0	0	0
NZ_UGQW01000001.1	3p	+	37	44	56	51	41	192	1	8	1	0	0	1	0	0	0	0	0	0	0	0	0	0	0	0	0	0	0
NZ_UGQW01000001.1	3p	+	38	37	44	54	37	172	2	1	0	1	0	0	0	1	0	0	0	0	0	0	0	0	0	0	0	0	0
NZ_UGQW01000001.1	3p	+	39	28	49	42	39	158	0	6	0	1	0	0	1	0	0	0	0	1	0	0	0	0	0	0	0	0	0
NZ_UGQW01000001.1	3p	+	40	31	41	33	37	142	1	8	1	1	0	0	0	0	0	0	0	0	0	0	0	0	0	0	0	0	0
NZ_UGQW01000001.1	3p	+	41	26	34	36	35	131	1	4	0	0	0	1	0	0	0	0	1	0	0	0	0	0	0	0	0	0	0
NZ_UGQW01000001.1	3p	+	42	29	33	28	31	121	1	4	1	1	0	0	0	0	0	0	1	1	0	0	0	0	0	0	0	0	0
NZ_UGQW01000001.1	3p	+	43	30	30	21	24	105	0	4	0	1	0	0	0	0	0	0	0	0	0	0	0	0	0	0	0	0	0
NZ_UGQW01000001.1	3p	+	44	21	31	31	16	99	2	5	1	0	0	1	1	0	0	0	0	0	0	0	0	0	0	0	0	0	0
NZ_UGQW01000001.1	3p	+	45	19	27	22	21	89	0	1	0	1	0	1	0	0	0	0	0	1	0	0	0	0	0	0	0	0	0
NZ_UGQW01000001.1	3p	+	46	19	15	28	15	77	1	1	1	0	0	0	0	0	0	0	0	2	0	0	0	0	0	0	0	0	0
NZ_UGQW01000001.1	3p	+	47	11	21	21	14	67	0	1	0	0	0	0	0	0	0	1	0	1	0	0	0	0	0	0	0	0	0
NZ_UGQW01000001.1	3p	+	48	9	15	16	20	60	0	3	0	0	0	0	0	1	1	0	0	0	0	0	0	0	0	0	0	0	0
NZ_UGQW01000001.1	3p	+	49	8	16	14	16	54	1	2	0	0	0	0	0	0	0	0	0	0	0	0	0	0	0	0	0	0	0
NZ_UGQW01000001.1	3p	+	50	12	14	14	10	50	0	0	0	0	0	1	0	0	0	0	0	0	0	0	0	0	0	0	0	0	0
NZ_UGQW01000001.1	3p	+	51	10	15	13	9	47	0	1	0	0	0	0	0	0	0	0	0	0	0	0	0	0	0	0	0	0	0
NZ_UGQW01000001.1	3p	+	52	14	10	7	13	44	0	2	1	1	0	1	0	0	0	0	0	0	0	0	0	0	0	0	0	0	0
NZ_UGQW01000001.1	3p	+	53	13	10	10	4	37	0	1	0	0	0	0	0	0	0	0	0	1	0	0	0	0	0	0	0	0	0
NZ_UGQW01000001.1	3p	+	54	7	13	9	3	32	0	2	0	0	0	0	0	0	0	0	0	0	0	0	0	0	0	0	0	0	0
NZ_UGQW01000001.1	3p	+	55	12	6	7	6	31	0	2	0	0	1	0	0	0	0	0	0	0	0	0	0	0	0	0	0	0	0
NZ_UGQW01000001.1	3p	+	56	6	9	3	7	25	0	3	0	0	0	0	0	0	0	0	0	0	0	0	0	0	0	0	0	0	0
NZ_UGQW01000001.1	3p	+	57	3	5	10	5	23	0	0	0	0	0	0	0	0	0	0	0	0	0	0	0	0	0	0	0	0	0
NZ_UGQW01000001.1	3p	+	58	7	4	7	5	23	0	0	0	1	0	0	0	0	0	0	1	0	0	0	0	0	0	0	0	0	0
NZ_UGQW01000001.1	3p	+	59	3	3	9	6	21	0	0	0	0	0	0	0	0	0	0	0	0	0	0	0	0	0	0	0	0	0
NZ_UGQW01000001.1	3p	+	60	3	4	6	7	20	0	2	0	0	0	0	0	0	0	0	0	0	0	0	0	0	0	0	0	0	0
NZ_UGQW01000001.1	3p	+	61	4	6	5	4	19	0	1	0	0	0	0	0	0	0	0	1	0	0	0	0	0	0	0	0	0	0
NZ_UGQW01000001.1	3p	+	62	0	6	6	4	16	0	1	0	0	0	0	0	0	0	0	0	0	0	0	0	0	0	0	0	0	0
NZ_UGQW01000001.1	3p	+	63	0	3	9	2	14	0	0	0	0	0	0	0	0	0	0	0	0	0	0	0	0	0	0	0	0	0
NZ_UGQW01000001.1	3p	+	64	2	5	2	4	13	0	0	0	0	0	0	0	0	0	0	0	0	0	0	0	0	0	0	0	0	0
NZ_UGQW01000001.1	3p	+	65	4	3	4	2	13	0	0	0	0	0	0	0	0	0	0	0	0	0	0	0	0	0	0	0	0	0
NZ_UGQW01000001.1	3p	+	66	1	4	5	2	12	0	0	0	0	0	0	0	0	0	0	0	0	0	0	0	0	0	0	0	0	0
NZ_UGQW01000001.1	3p	+	67	2	4	3	1	10	0	0	0	0	0	0	0	0	0	0	0	0	0	0	0	0	0	0	0	0	0
NZ_UGQW01000001.1	3p	+	68	2	1	5	1	9	1	0	0	0	0	0	0	0	0	0	0	0	0	0	0	0	0	0	0	0	0
NZ_UGQW01000001.1	3p	+	69	1	1	4	3	9	0	0	0	0	0	0	0	0	0	0	0	0	0	0	0	0	0	0	0	0	0
NZ_UGQW01000001.1	3p	+	70	3	4	1	1	9	0	0	0	0	0	0	0	0	0	0	0	0	0	0	0	0	0	0	0	0	0
NZ_UGQW01000001.1	3p	-	1	86	60	94	62	302	35	0	2	2	0	0	0	0	0	0	0	1	0	0	0	0	0	0	0	0	0
NZ_UGQW01000001.1	3p	-	2	73	78	90	61	302	25	1	2	3	0	1	0	2	1	1	0	1	0	0	0	0	0	0	0	0	0
NZ_UGQW01000001.1	3p	-	3	66	108	66	62	302	10	2	3	0	0	0	1	0	0	0	0	0	0	0	0	0	0	0	0	0	0
NZ_UGQW01000001.1	3p	-	4	68	75	93	66	302	12	1	1	3	0	0	0	0	0	0	0	1	0	0	0	0	0	0	0	0	0
NZ_UGQW01000001.1	3p	-	5	68	80	92	62	302	10	1	3	1	0	0	0	0	0	0	1	1	0	0	0	0	0	0	0	0	0
NZ_UGQW01000001.1	3p	-	6	74	95	69	64	302	5	1	2	3	0	0	1	1	0	0	0	0	0	1	0	0	0	0	0	0	0
NZ_UGQW01000001.1	3p	-	7	68	81	77	76	302	3	3	2	1	1	0	0	0	0	1	0	0	1	1	0	0	0	0	0	0	0
NZ_UGQW01000001.1	3p	-	8	59	80	92	71	302	6	2	2	0	0	0	0	2	1	0	0	0	0	0	0	0	0	0	0	0	0
NZ_UGQW01000001.1	3p	-	9	68	101	74	59	302	3	4	1	2	1	0	0	1	0	0	1	1	0	0	0	0	0	0	0	0	0
NZ_UGQW01000001.1	3p	-	10	93	68	77	64	302	3	2	5	1	0	0	0	0	0	0	1	0	0	0	0	0	0	0	0	0	0
NZ_UGQW01000001.1	3p	-	11	64	110	65	63	302	2	2	3	2	0	1	1	4	0	0	0	0	0	0	0	0	0	0	0	0	0
NZ_UGQW01000001.1	3p	-	12	75	88	74	65	302	1	2	2	1	0	0	0	1	0	0	0	2	0	0	0	0	0	0	0	0	0
NZ_UGQW01000001.1	3p	-	13	79	78	91	54	302	4	0	3	1	1	0	1	0	1	0	0	1	0	0	0	0	0	0	0	0	0
NZ_UGQW01000001.1	3p	-	14	68	90	77	66	301	2	3	2	2	0	0	0	1	1	0	1	0	0	0	0	0	0	0	1	0	0
NZ_UGQW01000001.1	3p	-	15	63	93	88	58	302	1	3	6	0	0	0	0	0	0	0	0	2	0	0	0	0	0	0	0	0	0
NZ_UGQW01000001.1	3p	-	16	76	77	87	62	302	2	1	2	4	0	0	0	0	1	0	0	1	0	0	0	0	0	0	0	0	0
NZ_UGQW01000001.1	3p	-	17	64	102	80	56	302	4	0	2	1	0	0	0	0	0	0	1	0	0	0	0	0	0	0	0	0	0
NZ_UGQW01000001.1	3p	-	18	65	98	89	50	302	4	4	2	1	0	0	0	1	1	1	0	0	0	0	0	0	0	0	0	0	0
NZ_UGQW01000001.1	3p	-	19	75	72	96	59	302	2	1	3	2	0	0	0	1	0	0	0	0	0	0	0	0	0	0	0	0	0
NZ_UGQW01000001.1	3p	-	20	66	92	88	56	302	3	4	1	0	0	0	0	0	1	0	0	1	0	0	0	0	0	0	0	0	0
NZ_UGQW01000001.1	3p	-	21	58	109	70	65	302	3	6	5	0	1	0	0	0	1	1	0	0	0	0	0	0	0	0	0	0	0
NZ_UGQW01000001.1	3p	-	22	63	99	76	64	302	2	5	3	2	0	0	0	1	0	0	0	0	0	0	0	0	0	0	0	0	0
NZ_UGQW01000001.1	3p	-	23	72	78	91	61	302	5	7	1	1	0	1	0	1	1	0	0	0	0	0	0	0	0	0	0	0	0
NZ_UGQW01000001.1	3p	-	24	64	90	92	56	302	3	2	2	3	1	0	0	1	0	0	0	1	0	0	0	0	0	0	0	0	0
NZ_UGQW01000001.1	3p	-	25	75	84	89	54	302	1	7	0	1	0	1	0	2	0	0	0	0	0	0	0	0	0	0	0	0	0
NZ_UGQW01000001.1	3p	-	26	59	86	98	59	302	1	5	4	2	0	0	0	1	0	0	0	1	0	0	0	0	0	0	0	0	0
NZ_UGQW01000001.1	3p	-	27	70	87	78	67	302	2	6	2	1	0	0	1	1	0	1	1	0	0	0	0	0	0	0	0	0	0
NZ_UGQW01000001.1	3p	-	28	71	97	73	61	302	1	3	1	0	1	0	1	1	0	0	0	0	0	0	0	0	0	0	0	0	0
NZ_UGQW01000001.1	3p	-	29	67	86	88	61	302	3	9	4	1	1	0	1	1	0	1	1	0	0	0	0	0	0	0	0	0	0
NZ_UGQW01000001.1	3p	-	30	74	85	83	60	302	2	7	0	3	0	0	0	1	2	0	0	0	0	0	0	0	0	0	0	0	0
NZ_UGQW01000001.1	3p	-	31	60	91	70	62	283	0	5	1	1	1	0	2	1	0	0	1	0	0	0	0	0	0	0	0	0	0
NZ_UGQW01000001.1	3p	-	32	54	85	70	53	262	3	7	2	1	0	0	0	1	2	0	0	2	0	0	0	0	0	0	0	0	0
NZ_UGQW01000001.1	3p	-	33	57	76	59	50	242	0	6	1	2	0	0	1	0	0	0	1	1	0	0	0	0	0	0	0	0	0
NZ_UGQW01000001.1	3p	-	34	52	62	66	47	227	2	6	3	1	0	0	0	1	0	0	0	0	0	0	0	0	0	0	0	0	0
NZ_UGQW01000001.1	3p	-	35	39	61	55	55	210	1	7	2	1	1	1	0	1	0	1	0	1	0	0	0	0	0	0	0	0	0
NZ_UGQW01000001.1	3p	-	36	46	49	50	47	192	0	4	1	0	0	0	0	0	1	0	0	0	0	0	0	0	0	0	0	0	0
NZ_UGQW01000001.1	3p	-	37	51	48	39	43	181	0	3	2	0	0	0	0	0	0	0	0	0	0	0	0	0	0	0	0	0	0
NZ_UGQW01000001.1	3p	-	38	31	49	46	43	169	1	6	1	1	0	0	0	0	0	0	0	0	0	0	0	0	0	0	0	0	0
NZ_UGQW01000001.1	3p	-	39	42	43	35	40	160	2	4	3	1	0	0	0	2	0	0	0	0	0	0	0	0	0	0	0	0	0
NZ_UGQW01000001.1	3p	-	40	39	34	38	39	150	0	3	0	0	0	1	0	0	0	0	1	0	0	0	0	0	0	0	0	0	0
NZ_UGQW01000001.1	3p	-	41	39	29	39	30	137	2	5	0	0	0	0	0	0	0	0	0	0	0	0	0	0	0	0	0	0	0
NZ_UGQW01000001.1	3p	-	42	29	41	27	30	127	0	5	0	1	0	0	0	0	0	0	0	1	0	0	0	0	0	0	0	0	0
NZ_UGQW01000001.1	3p	-	43	32	23	41	19	115	0	4	2	0	0	0	0	0	0	0	0	0	0	0	0	0	0	0	0	0	0
NZ_UGQW01000001.1	3p	-	44	18	33	25	19	95	0	6	0	0	0	0	0	0	1	0	0	1	0	0	0	0	0	0	0	0	0
NZ_UGQW01000001.1	3p	-	45	15	32	23	19	89	0	2	0	0	0	0	1	0	1	0	0	0	0	0	0	0	0	0	0	0	0
NZ_UGQW01000001.1	3p	-	46	20	19	14	23	76	0	1	0	0	0	0	1	0	0	0	0	0	0	0	0	0	0	0	0	0	0
NZ_UGQW01000001.1	3p	-	47	16	23	15	16	70	0	6	1	0	0	0	0	0	0	0	0	0	0	0	0	0	0	0	0	0	0
NZ_UGQW01000001.1	3p	-	48	16	24	13	13	66	1	3	0	0	0	0	0	0	0	0	0	0	0	0	0	0	0	0	0	0	0
NZ_UGQW01000001.1	3p	-	49	9	22	23	6	60	0	2	0	0	0	0	0	0	0	0	0	0	0	0	0	0	0	0	0	0	0
NZ_UGQW01000001.1	3p	-	50	10	19	13	14	56	1	2	0	0	0	0	0	0	0	0	0	0	0	0	0	0	0	0	0	0	0
NZ_UGQW01000001.1	3p	-	51	14	13	14	7	48	0	3	1	0	0	0	0	0	0	0	0	0	0	0	0	0	0	0	0	0	0
NZ_UGQW01000001.1	3p	-	52	11	14	10	9	44	0	2	0	1	0	0	0	0	0	0	0	0	0	0	0	0	0	0	0	0	0
NZ_UGQW01000001.1	3p	-	53	10	14	8	9	41	0	0	1	0	0	0	0	0	0	0	0	0	0	0	0	0	0	0	0	0	0
NZ_UGQW01000001.1	3p	-	54	4	15	8	11	38	0	3	0	1	0	0	0	0	0	0	1	0	0	0	0	0	0	0	0	0	0
NZ_UGQW01000001.1	3p	-	55	5	10	11	10	36	1	0	0	0	0	0	1	0	0	0	0	0	0	0	0	0	0	0	0	0	0
NZ_UGQW01000001.1	3p	-	56	3	9	11	9	32	0	2	1	0	0	0	0	0	0	0	0	0	0	0	0	0	0	0	0	0	0
NZ_UGQW01000001.1	3p	-	57	5	8	7	10	30	0	2	0	0	1	0	0	0	0	0	0	0	0	0	0	0	0	0	0	0	0
NZ_UGQW01000001.1	3p	-	58	2	8	7	9	26	0	1	0	0	0	0	0	0	0	0	0	0	0	0	0	0	0	0	0	0	0
NZ_UGQW01000001.1	3p	-	59	6	3	7	5	21	0	0	1	0	0	0	0	0	0	0	0	0	0	0	0	0	0	0	0	0	0
NZ_UGQW01000001.1	3p	-	60	3	6	4	6	19	0	0	0	0	0	0	0	0	0	0	0	0	0	0	0	0	0	0	0	0	0
NZ_UGQW01000001.1	3p	-	61	3	6	6	4	19	0	0	0	0	0	0	0	0	0	0	0	0	0	0	0	0	0	0	0	0	0
NZ_UGQW01000001.1	3p	-	62	1	4	6	4	15	0	1	0	0	0	0	0	0	0	0	0	0	0	0	0	0	0	0	0	0	0
NZ_UGQW01000001.1	3p	-	63	3	6	3	2	14	0	0	0	0	0	0	0	0	0	0	0	0	0	0	0	0	0	0	0	0	0
NZ_UGQW01000001.1	3p	-	64	4	5	3	2	14	0	1	0	0	0	0	0	0	0	0	0	0	0	0	0	0	0	0	0	0	0
NZ_UGQW01000001.1	3p	-	65	1	3	8	2	14	1	0	0	0	0	0	0	0	0	0	0	0	0	0	0	0	0	0	0	0	0
NZ_UGQW01000001.1	3p	-	66	1	6	5	1	13	0	0	0	0	0	0	0	0	0	0	0	0	0	0	0	0	0	0	0	0	0
NZ_UGQW01000001.1	3p	-	67	4	2	3	3	12	0	0	0	0	0	0	0	0	0	0	0	0	0	0	0	0	0	0	0	0	0
NZ_UGQW01000001.1	3p	-	68	3	3	4	1	11	0	0	1	0	0	0	0	0	0	0	0	0	0	0	0	0	0	0	0	0	0
NZ_UGQW01000001.1	3p	-	69	3	2	5	1	11	0	0	0	0	0	0	0	0	0	0	0	0	0	0	0	0	0	0	0	0	0
NZ_UGQW01000001.1	3p	-	70	3	4	3	1	11	0	0	0	0	0	0	0	0	0	0	0	0	0	0	0	0	0	0	0	0	0
NZ_UGQW01000001.1	5p	+	1	55	110	73	105	343	2	44	2	2	0	1	0	0	0	1	3	1	0	0	0	0	0	0	0	0	0
NZ_UGQW01000001.1	5p	+	2	85	85	93	80	343	2	21	0	3	0	2	0	0	0	0	0	2	0	0	0	0	0	0	0	0	0
NZ_UGQW01000001.1	5p	+	3	79	76	108	80	343	2	11	3	4	0	1	3	1	0	0	1	0	0	0	0	0	0	0	0	0	0
NZ_UGQW01000001.1	5p	+	4	80	95	91	77	343	3	15	2	0	0	0	0	1	0	0	0	0	0	0	0	0	0	0	0	0	0
NZ_UGQW01000001.1	5p	+	5	72	96	91	84	343	3	8	4	5	1	1	0	0	1	0	1	0	0	0	0	0	0	0	0	0	0
NZ_UGQW01000001.1	5p	+	6	66	94	101	82	343	1	9	1	1	0	0	0	0	0	0	1	0	0	0	0	0	0	0	0	0	0
NZ_UGQW01000001.1	5p	+	7	72	80	103	88	343	2	10	1	3	0	1	0	0	0	0	1	0	0	0	0	0	0	0	0	0	0
NZ_UGQW01000001.1	5p	+	8	68	99	91	85	343	0	8	2	0	0	1	0	0	0	0	0	2	0	0	0	0	0	0	0	0	0
NZ_UGQW01000001.1	5p	+	9	78	97	103	65	343	0	7	0	0	0	0	1	0	0	0	3	1	0	0	0	0	0	0	0	0	0
NZ_UGQW01000001.1	5p	+	10	74	97	95	77	343	3	6	2	0	0	1	2	0	2	0	1	1	0	0	0	0	0	0	0	0	0
NZ_UGQW01000001.1	5p	+	11	63	112	106	62	343	2	4	0	2	0	0	0	1	1	0	1	2	0	0	0	0	0	0	0	0	0
NZ_UGQW01000001.1	5p	+	12	68	88	120	67	343	3	2	2	4	0	0	0	0	0	0	1	1	0	0	0	0	0	0	0	0	0
NZ_UGQW01000001.1	5p	+	13	74	93	92	83	342	0	2	2	2	0	0	0	1	1	0	0	0	0	0	0	0	0	1	0	0	0
NZ_UGQW01000001.1	5p	+	14	59	120	95	69	343	2	9	1	1	0	0	0	0	0	0	0	0	0	0	0	0	0	0	0	0	0
NZ_UGQW01000001.1	5p	+	15	69	88	102	84	343	5	4	2	1	0	0	1	0	2	0	1	1	0	0	0	0	0	0	0	0	0
NZ_UGQW01000001.1	5p	+	16	73	89	112	69	343	3	1	2	2	0	0	0	0	0	0	0	1	0	0	0	0	0	0	0	0	0
NZ_UGQW01000001.1	5p	+	17	85	104	84	70	343	2	5	3	3	1	0	1	0	0	0	0	0	0	0	0	0	0	0	0	0	0
NZ_UGQW01000001.1	5p	+	18	77	87	106	73	343	2	1	2	0	0	0	1	0	0	0	0	2	0	0	0	0	0	0	0	0	0
NZ_UGQW01000001.1	5p	+	19	72	88	96	87	343	3	3	1	2	0	0	0	1	0	0	1	0	0	0	0	0	0	0	0	0	0
NZ_UGQW01000001.1	5p	+	20	55	105	100	83	343	2	7	2	6	0	0	0	0	1	0	0	1	0	0	0	0	0	0	0	0	0
NZ_UGQW01000001.1	5p	+	21	77	77	113	76	343	4	3	2	2	0	1	0	0	0	0	0	0	0	0	0	0	0	0	0	0	0
NZ_UGQW01000001.1	5p	+	22	71	97	89	86	343	1	3	1	2	0	0	1	1	2	0	0	0	0	0	0	0	0	0	0	0	0
NZ_UGQW01000001.1	5p	+	23	78	95	99	71	343	4	4	5	2	0	0	0	0	2	0	0	0	0	0	0	0	0	0	0	0	0
NZ_UGQW01000001.1	5p	+	24	81	94	103	65	343	8	3	0	1	1	0	2	2	0	0	0	1	0	0	0	0	0	0	0	0	0
NZ_UGQW01000001.1	5p	+	25	79	80	107	77	343	3	0	1	2	0	0	0	0	0	0	1	1	0	0	0	0	0	0	0	0	0
NZ_UGQW01000001.1	5p	+	26	77	90	102	74	343	3	4	2	1	0	0	0	0	3	0	1	1	0	0	0	0	0	0	0	0	0
NZ_UGQW01000001.1	5p	+	27	80	89	109	65	343	3	6	0	1	0	1	0	1	0	0	0	2	0	0	0	0	0	0	0	0	0
NZ_UGQW01000001.1	5p	+	28	75	105	91	72	343	8	2	2	5	2	0	1	2	1	0	0	1	0	0	0	0	0	0	0	0	0
NZ_UGQW01000001.1	5p	+	29	66	105	85	87	343	6	3	1	4	0	0	2	2	1	0	0	3	0	0	0	0	0	0	0	0	0
NZ_UGQW01000001.1	5p	+	30	76	88	93	86	343	6	5	2	0	0	0	1	0	1	0	0	0	0	0	0	0	0	0	0	0	0
NZ_UGQW01000001.1	5p	+	31	69	72	94	80	315	8	3	0	3	1	0	0	3	0	1	1	0	0	0	0	0	0	0	0	0	0
NZ_UGQW01000001.1	5p	+	32	65	85	71	65	286	5	0	2	3	0	1	0	0	0	0	0	1	0	0	0	0	0	0	0	0	0
NZ_UGQW01000001.1	5p	+	33	67	75	79	49	270	9	5	2	1	0	0	3	1	2	0	2	0	0	0	0	0	0	0	0	0	0
NZ_UGQW01000001.1	5p	+	34	57	81	65	48	251	7	2	2	1	0	0	1	0	0	0	1	2	0	0	0	0	0	0	0	0	0
NZ_UGQW01000001.1	5p	+	35	68	67	67	32	234	7	1	2	0	0	0	0	0	0	0	0	2	0	0	0	0	0	0	0	0	0
NZ_UGQW01000001.1	5p	+	36	53	51	73	39	216	8	1	0	0	0	0	1	0	1	0	0	0	0	0	0	0	0	0	0	0	0
NZ_UGQW01000001.1	5p	+	37	44	56	45	47	192	6	3	1	1	0	0	0	1	0	0	0	0	0	0	0	0	0	0	0	0	0
NZ_UGQW01000001.1	5p	+	38	43	45	46	38	172	5	2	0	1	0	0	1	0	0	0	0	0	0	0	0	0	0	0	0	0	0
NZ_UGQW01000001.1	5p	+	39	43	30	46	39	158	7	0	0	0	0	0	0	0	1	0	0	0	0	0	0	0	0	0	0	0	0
NZ_UGQW01000001.1	5p	+	40	36	41	33	32	142	1	3	1	1	0	0	0	0	0	0	0	1	0	0	0	0	0	0	0	0	0
NZ_UGQW01000001.1	5p	+	41	26	30	39	36	131	6	0	0	0	0	0	0	1	0	0	1	0	0	0	0	0	0	0	0	0	0
NZ_UGQW01000001.1	5p	+	42	27	37	31	26	121	6	0	0	0	0	0	0	0	0	0	0	0	0	0	0	0	0	0	0	0	0
NZ_UGQW01000001.1	5p	+	43	27	24	28	26	105	3	1	0	0	0	0	0	1	0	0	1	0	0	0	0	0	0	0	0	0	0
NZ_UGQW01000001.1	5p	+	44	28	26	25	20	99	2	0	1	0	0	0	0	0	0	0	0	0	0	0	0	0	0	0	0	0	0
NZ_UGQW01000001.1	5p	+	45	22	22	26	19	89	5	1	1	1	0	0	0	0	0	0	0	0	0	0	0	0	0	0	0	0	0
NZ_UGQW01000001.1	5p	+	46	18	21	17	21	77	3	0	0	0	0	0	0	0	1	0	0	0	0	0	0	0	0	0	0	0	0
NZ_UGQW01000001.1	5p	+	47	13	15	21	18	67	3	1	0	1	0	0	0	0	0	0	0	0	0	0	0	0	0	0	0	0	0
NZ_UGQW01000001.1	5p	+	48	18	13	14	15	60	2	0	1	0	0	0	0	0	0	0	0	0	0	0	0	0	0	0	0	0	0
NZ_UGQW01000001.1	5p	+	49	9	11	13	21	54	3	1	0	0	0	0	0	0	0	0	0	0	0	0	0	0	0	0	0	0	0
NZ_UGQW01000001.1	5p	+	50	13	12	11	14	50	2	2	0	0	0	0	0	0	0	0	0	0	0	0	0	0	0	0	0	0	0
NZ_UGQW01000001.1	5p	+	51	8	13	12	14	47	3	0	1	0	0	0	0	0	0	0	0	0	0	0	0	0	0	0	0	0	0
NZ_UGQW01000001.1	5p	+	52	13	10	9	12	44	1	0	0	2	0	0	0	0	0	0	0	0	0	0	0	0	0	0	0	0	0
NZ_UGQW01000001.1	5p	+	53	5	9	13	10	37	1	0	0	0	0	0	0	0	1	0	0	0	0	0	0	0	0	0	0	0	0
NZ_UGQW01000001.1	5p	+	54	6	8	10	8	32	0	0	1	1	0	0	0	0	0	0	0	0	0	0	0	0	0	0	0	0	0
NZ_UGQW01000001.1	5p	+	55	7	5	8	11	31	0	0	0	0	0	0	0	0	1	0	0	0	0	0	0	0	0	0	0	0	0
NZ_UGQW01000001.1	5p	+	56	3	9	7	6	25	2	0	0	0	0	0	0	0	1	0	0	0	0	0	0	0	0	0	0	0	0
NZ_UGQW01000001.1	5p	+	57	7	6	5	5	23	0	0	0	0	0	0	0	0	0	0	0	0	0	0	0	0	0	0	0	0	0
NZ_UGQW01000001.1	5p	+	58	4	6	7	6	23	0	0	0	1	0	0	0	0	0	0	0	0	0	0	0	0	0	0	0	0	0
NZ_UGQW01000001.1	5p	+	59	4	4	6	7	21	1	0	0	0	0	0	0	0	0	0	0	0	0	0	0	0	0	0	0	0	0
NZ_UGQW01000001.1	5p	+	60	6	2	6	6	20	0	0	0	0	0	0	0	0	0	0	0	0	0	0	0	0	0	0	0	0	0
NZ_UGQW01000001.1	5p	+	61	2	8	1	8	19	0	0	0	1	0	0	0	0	0	0	0	0	0	0	0	0	0	0	0	0	0
NZ_UGQW01000001.1	5p	+	62	6	1	5	4	16	1	0	1	0	0	0	0	0	0	0	0	0	0	0	0	0	0	0	0	0	0
NZ_UGQW01000001.1	5p	+	63	4	4	4	2	14	0	0	0	0	0	0	0	0	0	0	0	0	0	0	0	0	0	0	0	0	0
NZ_UGQW01000001.1	5p	+	64	3	3	6	1	13	1	1	0	0	0	0	0	0	0	0	0	0	0	0	0	0	0	0	0	0	0
NZ_UGQW01000001.1	5p	+	65	1	4	4	4	13	2	0	0	0	0	0	0	0	0	0	0	0	0	0	0	0	0	0	0	0	0
NZ_UGQW01000001.1	5p	+	66	3	3	5	1	12	1	0	0	1	0	0	0	0	0	0	0	0	0	0	0	0	0	0	0	0	0
NZ_UGQW01000001.1	5p	+	67	3	1	5	1	10	2	0	0	0	0	0	0	0	0	0	0	1	0	0	0	0	0	0	0	0	0
NZ_UGQW01000001.1	5p	+	68	5	2	1	1	9	0	0	0	0	0	0	0	1	0	0	0	0	0	0	0	0	0	0	0	0	0
NZ_UGQW01000001.1	5p	+	69	4	0	2	3	9	1	0	0	0	0	0	0	0	0	0	0	0	0	0	0	0	0	0	0	0	0
NZ_UGQW01000001.1	5p	+	70	2	0	3	4	9	2	0	0	0	0	0	0	0	0	0	0	0	0	0	0	0	0	0	0	0	0
NZ_UGQW01000001.1	5p	-	1	40	108	54	100	302	3	46	1	0	0	0	1	0	0	0	0	1	0	0	0	0	0	0	0	0	0
NZ_UGQW01000001.1	5p	-	2	57	95	68	82	302	2	17	2	0	1	1	1	0	0	0	1	1	0	0	0	0	0	0	0	0	0
NZ_UGQW01000001.1	5p	-	3	85	64	92	61	302	1	10	1	1	1	0	1	0	1	0	1	1	0	0	0	0	0	0	0	0	0
NZ_UGQW01000001.1	5p	-	4	77	82	77	66	302	1	9	1	0	0	0	1	0	0	0	0	0	0	0	0	0	0	0	0	0	0
NZ_UGQW01000001.1	5p	-	5	73	82	74	73	302	0	12	2	2	0	0	1	0	0	0	2	0	0	0	0	0	0	0	0	0	0
NZ_UGQW01000001.1	5p	-	6	69	81	92	60	302	2	5	3	2	1	0	0	0	0	0	0	1	0	0	0	0	0	0	0	0	0
NZ_UGQW01000001.1	5p	-	7	73	85	86	58	302	1	7	1	1	0	1	0	1	2	0	0	0	0	0	0	0	0	0	0	0	0
NZ_UGQW01000001.1	5p	-	8	71	94	67	70	302	0	7	1	6	0	0	0	0	0	0	0	0	0	0	0	0	0	0	0	0	0
NZ_UGQW01000001.1	5p	-	9	64	84	91	63	302	3	2	3	1	0	1	0	0	0	1	1	0	0	0	0	0	0	0	0	0	0
NZ_UGQW01000001.1	5p	-	10	68	80	82	72	302	0	3	0	1	1	0	1	0	0	1	1	0	0	0	0	0	0	0	0	0	0
NZ_UGQW01000001.1	5p	-	11	60	109	78	55	302	2	7	1	2	0	0	1	0	0	0	0	1	0	0	0	0	0	0	0	0	0
NZ_UGQW01000001.1	5p	-	12	74	79	91	58	302	1	2	4	1	1	0	0	3	1	0	0	0	0	0	0	0	0	0	0	0	0
NZ_UGQW01000001.1	5p	-	13	66	105	71	60	302	0	6	0	1	0	0	0	1	1	2	0	0	0	0	0	0	0	0	0	0	0
NZ_UGQW01000001.1	5p	-	14	62	98	82	60	302	2	3	4	0	0	0	0	1	1	0	0	1	0	0	0	0	0	0	0	0	0
NZ_UGQW01000001.1	5p	-	15	77	83	81	61	302	2	2	4	3	1	0	2	1	2	0	0	0	0	0	0	0	0	0	0	0	0
NZ_UGQW01000001.1	5p	-	16	69	95	80	58	302	3	6	1	0	0	0	0	1	0	0	0	0	0	0	0	0	0	0	0	0	0
NZ_UGQW01000001.1	5p	-	17	57	88	99	58	302	4	3	3	1	0	0	0	1	0	0	2	0	0	0	0	0	0	0	0	0	0
NZ_UGQW01000001.1	5p	-	18	64	87	94	56	301	1	4	2	2	0	0	0	3	0	0	0	1	0	0	0	0	0	0	1	0	0
NZ_UGQW01000001.1	5p	-	19	77	86	78	61	302	1	1	3	1	1	1	0	0	1	0	0	0	0	0	0	0	0	0	0	0	0
NZ_UGQW01000001.1	5p	-	20	66	107	70	59	302	1	3	2	1	0	1	0	1	1	0	0	0	0	0	0	0	0	0	0	0	0
NZ_UGQW01000001.1	5p	-	21	54	87	98	63	302	2	2	3	3	0	0	0	3	0	0	0	2	0	0	0	0	0	0	0	0	0
NZ_UGQW01000001.1	5p	-	22	64	80	101	57	302	4	1	2	2	0	0	0	0	1	0	0	1	0	0	0	0	0	0	0	0	0
NZ_UGQW01000001.1	5p	-	23	59	102	85	56	302	3	2	3	3	1	0	0	0	0	0	0	1	0	0	0	0	0	0	0	0	0
NZ_UGQW01000001.1	5p	-	24	70	99	88	45	302	3	2	1	1	1	0	0	0	0	1	0	2	0	0	0	0	0	0	0	0	0
NZ_UGQW01000001.1	5p	-	25	86	77	76	63	302	3	1	2	1	0	0	0	2	0	0	0	0	0	0	0	0	0	0	0	0	0
NZ_UGQW01000001.1	5p	-	26	71	82	76	73	302	5	3	5	2	0	0	0	0	0	0	0	1	1	0	0	0	0	0	0	0	0
NZ_UGQW01000001.1	5p	-	27	78	71	81	72	302	2	3	3	3	0	0	0	2	1	0	0	0	0	0	0	0	0	0	0	0	0
NZ_UGQW01000001.1	5p	-	28	77	93	69	63	302	1	3	3	0	0	0	0	0	0	0	0	0	0	0	0	0	0	0	0	0	0
NZ_UGQW01000001.1	5p	-	29	70	96	83	53	302	9	3	3	1	0	0	0	0	0	1	0	0	0	0	0	0	0	0	0	0	0
NZ_UGQW01000001.1	5p	-	30	73	75	89	65	302	9	4	3	1	0	0	0	1	2	0	0	0	0	1	0	0	0	0	0	0	0
NZ_UGQW01000001.1	5p	-	31	66	82	70	65	283	10	0	3	2	0	0	1	3	1	1	1	0	0	1	0	0	0	0	0	0	0
NZ_UGQW01000001.1	5p	-	32	56	84	67	55	262	4	0	3	4	0	0	0	0	0	0	0	0	0	0	0	0	0	0	0	0	0
NZ_UGQW01000001.1	5p	-	33	54	62	81	45	242	7	2	1	0	0	0	0	0	0	0	0	1	0	0	0	0	0	0	0	0	0
NZ_UGQW01000001.1	5p	-	34	56	60	59	52	227	8	0	1	0	0	0	0	1	0	0	1	2	0	0	0	0	0	0	0	0	0
NZ_UGQW01000001.1	5p	-	35	57	58	42	53	210	3	0	0	0	0	0	0	0	0	0	0	0	0	0	0	0	0	0	0	0	0
NZ_UGQW01000001.1	5p	-	36	46	52	54	40	192	10	3	4	0	0	0	0	0	0	0	0	0	0	0	0	0	0	0	0	0	0
NZ_UGQW01000001.1	5p	-	37	48	48	47	38	181	4	0	0	1	0	0	0	0	0	0	0	0	0	0	0	0	0	0	0	0	0
NZ_UGQW01000001.1	5p	-	38	35	64	38	32	169	4	0	1	1	0	0	0	1	0	0	0	0	0	0	0	0	0	0	0	0	0
NZ_UGQW01000001.1	5p	-	39	39	45	43	33	160	6	1	0	1	0	0	1	0	0	0	0	0	0	0	0	0	0	0	0	0	0
NZ_UGQW01000001.1	5p	-	40	34	41	44	31	150	2	0	0	2	0	0	0	2	0	0	0	0	0	0	0	0	0	0	0	0	0
NZ_UGQW01000001.1	5p	-	41	29	40	41	27	137	5	2	2	1	0	1	1	0	0	0	0	0	0	0	0	0	0	0	0	0	0
NZ_UGQW01000001.1	5p	-	42	22	31	41	33	127	5	0	2	0	0	0	0	0	0	0	0	0	0	0	0	0	0	0	0	0	0
NZ_UGQW01000001.1	5p	-	43	26	35	30	24	115	5	1	0	0	0	0	0	1	0	0	0	0	0	0	0	0	0	0	0	0	0
NZ_UGQW01000001.1	5p	-	44	27	29	24	15	95	3	0	1	0	1	0	0	0	0	0	0	0	0	0	0	0	0	0	0	0	0
NZ_UGQW01000001.1	5p	-	45	26	24	27	12	89	3	0	2	0	0	0	0	0	0	0	1	0	0	0	0	0	0	0	0	0	0
NZ_UGQW01000001.1	5p	-	46	13	24	23	16	76	1	2	0	0	0	0	0	1	0	0	0	1	0	0	0	0	0	0	0	0	0
NZ_UGQW01000001.1	5p	-	47	15	21	21	13	70	0	1	0	0	0	0	0	0	1	0	0	2	0	0	0	0	0	0	0	0	0
NZ_UGQW01000001.1	5p	-	48	8	25	16	17	66	3	2	1	1	0	0	0	0	0	0	0	0	0	0	0	0	0	0	0	0	0
NZ_UGQW01000001.1	5p	-	49	12	15	19	14	60	3	0	2	0	0	0	0	0	0	0	0	0	0	0	0	0	0	0	0	0	0
NZ_UGQW01000001.1	5p	-	50	15	15	14	12	56	3	0	1	0	0	0	0	0	0	0	0	0	0	0	0	0	0	0	0	0	0
NZ_UGQW01000001.1	5p	-	51	11	15	14	8	48	3	0	0	0	0	0	0	0	0	0	0	0	0	0	0	0	0	0	0	0	0
NZ_UGQW01000001.1	5p	-	52	7	9	14	14	44	1	0	0	0	0	0	0	0	0	0	0	0	0	0	0	0	0	0	0	0	0
NZ_UGQW01000001.1	5p	-	53	11	11	9	10	41	1	0	2	0	0	0	0	0	0	0	0	0	0	0	0	0	0	0	0	0	0
NZ_UGQW01000001.1	5p	-	54	9	11	7	11	38	0	1	0	0	0	0	0	0	0	0	0	0	0	0	0	0	0	0	0	0	0
NZ_UGQW01000001.1	5p	-	55	11	7	13	5	36	0	0	1	0	0	0	0	0	0	0	0	0	0	0	0	0	0	0	0	0	0
NZ_UGQW01000001.1	5p	-	56	5	12	11	4	32	0	0	0	0	0	0	0	0	0	0	0	0	0	0	0	0	0	0	0	0	0
NZ_UGQW01000001.1	5p	-	57	8	11	7	4	30	1	0	1	0	0	0	0	0	0	0	0	0	0	0	0	0	0	0	0	0	0
NZ_UGQW01000001.1	5p	-	58	11	8	4	3	26	1	0	0	0	0	0	0	0	0	0	0	0	0	0	0	0	0	0	0	0	0
NZ_UGQW01000001.1	5p	-	59	8	6	5	2	21	0	0	0	0	0	0	0	0	0	0	0	0	0	0	0	0	0	0	0	0	0
NZ_UGQW01000001.1	5p	-	60	3	8	4	4	19	0	0	0	0	0	0	0	0	0	0	0	0	0	0	0	0	0	0	0	0	0
NZ_UGQW01000001.1	5p	-	61	5	5	7	2	19	1	1	0	0	0	0	0	0	0	0	0	0	0	0	0	0	0	0	0	0	0
NZ_UGQW01000001.1	5p	-	62	3	4	6	2	15	0	1	0	0	0	0	0	0	0	0	0	0	0	0	0	0	0	0	0	0	0
NZ_UGQW01000001.1	5p	-	63	5	3	5	1	14	0	0	0	0	0	0	0	0	0	0	0	0	0	0	0	0	0	0	0	0	0
NZ_UGQW01000001.1	5p	-	64	3	2	4	5	14	1	0	0	0	0	0	0	0	0	0	0	0	0	0	0	0	0	0	0	0	0
NZ_UGQW01000001.1	5p	-	65	3	1	5	5	14	1	0	0	0	0	0	0	0	0	0	0	0	0	0	0	0	0	0	0	0	0
NZ_UGQW01000001.1	5p	-	66	3	6	3	1	13	0	0	0	0	0	0	0	0	0	0	0	0	0	0	0	0	0	0	0	0	0
NZ_UGQW01000001.1	5p	-	67	3	4	3	2	12	0	0	0	0	0	0	0	0	0	0	0	0	0	0	0	0	0	0	0	0	0
NZ_UGQW01000001.1	5p	-	68	3	2	2	4	11	0	0	0	0	0	0	0	0	0	0	0	0	0	0	0	0	0	0	0	0	0
NZ_UGQW01000001.1	5p	-	69	2	3	3	3	11	0	1	0	0	0	0	0	0	0	0	0	0	0	0	0	0	0	0	0	0	0
NZ_UGQW01000001.1	5p	-	70	2	3	3	3	11	1	0	0	0	0	0	0	0	0	0	0	0	0	0	0	0	0	0	0	0	0
NZ_UGQW01000002.1	3p	+	1	884	546	903	528	2861	398	11	9	13	2	3	2	5	5	2	1	2	0	0	0	0	0	0	0	0	0
NZ_UGQW01000002.1	3p	+	2	785	756	736	584	2861	204	17	9	21	6	6	8	5	6	4	4	5	0	0	0	0	0	0	0	0	0
NZ_UGQW01000002.1	3p	+	3	696	878	678	609	2861	109	22	15	12	1	7	5	7	4	4	5	5	0	0	0	0	0	0	0	0	0
NZ_UGQW01000002.1	3p	+	4	704	746	745	666	2861	96	14	11	14	3	1	4	8	8	3	4	3	0	0	0	0	0	0	0	0	0
NZ_UGQW01000002.1	3p	+	5	667	808	756	630	2861	71	20	21	15	2	1	3	8	4	0	7	3	0	0	0	0	0	0	0	0	0
NZ_UGQW01000002.1	3p	+	6	655	850	719	637	2861	70	11	20	16	3	0	6	10	2	3	2	3	0	0	0	0	0	0	0	0	0
NZ_UGQW01000002.1	3p	+	7	674	736	786	663	2859	53	10	20	12	1	1	8	8	1	1	3	5	0	0	0	0	1	0	1	0	0
NZ_UGQW01000002.1	3p	+	8	618	810	820	612	2860	48	20	16	13	3	2	2	8	3	2	3	2	0	1	0	0	1	0	0	0	0
NZ_UGQW01000002.1	3p	+	9	646	842	787	586	2861	43	17	27	14	6	3	6	13	3	2	5	9	0	1	0	0	0	0	0	0	0
NZ_UGQW01000002.1	3p	+	10	685	769	784	623	2861	31	13	15	8	2	5	4	7	5	1	7	4	0	0	0	0	0	0	0	0	0
NZ_UGQW01000002.1	3p	+	11	619	803	857	581	2860	32	12	12	17	3	1	4	4	2	1	6	4	0	1	0	0	0	1	0	0	0
NZ_UGQW01000002.1	3p	+	12	620	880	756	603	2859	23	17	16	23	4	3	5	4	1	1	5	6	0	0	0	0	2	0	0	0	0
NZ_UGQW01000002.1	3p	+	13	665	712	898	584	2859	30	17	17	10	2	3	2	6	5	1	3	9	0	1	0	1	2	0	0	0	0
NZ_UGQW01000002.1	3p	+	14	643	789	854	574	2860	37	21	20	17	7	3	1	4	1	1	6	10	0	1	0	0	0	1	0	0	0
NZ_UGQW01000002.1	3p	+	15	606	864	802	589	2861	28	19	21	13	3	1	5	7	1	3	2	1	0	0	0	0	0	0	0	0	0
NZ_UGQW01000002.1	3p	+	16	630	788	807	635	2860	20	21	18	10	1	1	3	3	2	2	3	3	0	0	0	0	0	1	0	0	0
NZ_UGQW01000002.1	3p	+	17	613	813	848	586	2860	31	10	14	14	5	1	6	4	5	0	2	5	1	0	0	0	1	0	0	0	0
NZ_UGQW01000002.1	3p	+	18	586	893	787	595	2861	29	24	24	19	3	2	3	5	2	2	5	6	0	0	0	0	0	0	0	0	0
NZ_UGQW01000002.1	3p	+	19	613	774	830	643	2860	24	15	20	12	2	1	0	1	4	1	2	6	0	0	0	0	0	1	0	0	0
NZ_UGQW01000002.1	3p	+	20	630	820	812	598	2860	29	18	25	13	3	3	5	13	3	1	5	8	0	0	0	0	0	1	0	0	0
NZ_UGQW01000002.1	3p	+	21	620	855	792	594	2861	19	24	15	13	5	1	6	7	2	1	5	5	0	0	0	0	0	0	0	0	0
NZ_UGQW01000002.1	3p	+	22	680	778	786	616	2860	24	19	20	10	3	0	2	5	9	0	1	4	0	0	1	0	0	1	0	0	0
NZ_UGQW01000002.1	3p	+	23	611	839	833	578	2861	19	29	24	16	1	0	6	11	4	0	3	2	0	1	0	0	0	0	0	0	0
NZ_UGQW01000002.1	3p	+	24	597	905	766	592	2860	17	32	19	17	6	0	5	4	1	1	4	8	0	0	0	2	0	0	0	1	0
NZ_UGQW01000002.1	3p	+	25	625	826	829	581	2861	14	35	20	13	2	0	1	11	0	1	5	1	0	0	0	0	0	0	0	0	0
NZ_UGQW01000002.1	3p	+	26	591	804	878	587	2860	29	35	19	18	4	5	5	5	3	3	5	6	0	0	0	0	0	1	0	0	0
NZ_UGQW01000002.1	3p	+	27	575	940	751	595	2861	20	38	21	17	4	1	5	3	2	2	4	5	0	0	0	1	0	0	0	0	0
NZ_UGQW01000002.1	3p	+	28	680	777	755	646	2858	24	39	22	14	3	1	2	5	3	1	3	4	1	0	1	0	0	2	0	1	0
NZ_UGQW01000002.1	3p	+	29	652	766	825	616	2859	25	48	19	18	3	0	3	5	5	2	2	2	0	0	0	0	1	1	0	0	0
NZ_UGQW01000002.1	3p	+	30	635	843	735	648	2861	15	81	18	13	3	2	4	6	3	1	4	8	0	0	0	0	0	0	0	0	0
NZ_UGQW01000002.1	3p	+	31	645	719	693	619	2676	24	66	13	13	2	4	2	6	2	1	4	4	0	0	0	0	0	1	0	0	0
NZ_UGQW01000002.1	3p	+	32	560	659	718	545	2482	21	63	9	10	4	2	5	6	1	0	3	6	0	0	1	0	0	1	0	0	0
NZ_UGQW01000002.1	3p	+	33	500	682	612	512	2306	25	68	9	13	8	1	4	4	3	0	4	4	1	1	0	0	1	0	0	0	0
NZ_UGQW01000002.1	3p	+	34	513	562	585	476	2136	10	59	9	8	3	2	2	6	0	0	0	7	0	0	0	0	0	0	1	0	0
NZ_UGQW01000002.1	3p	+	35	471	545	549	417	1982	12	56	11	11	2	3	1	1	2	2	5	2	0	0	0	0	0	0	0	0	0
NZ_UGQW01000002.1	3p	+	36	404	521	464	443	1832	7	52	10	5	2	1	0	4	3	1	1	5	0	0	0	0	0	1	0	0	0
NZ_UGQW01000002.1	3p	+	37	405	446	447	409	1707	7	58	12	4	3	0	0	2	1	1	1	3	1	1	0	0	0	0	0	0	0
NZ_UGQW01000002.1	3p	+	38	371	447	417	333	1568	9	43	15	5	4	3	2	4	3	0	1	5	0	0	0	0	0	0	0	0	0
NZ_UGQW01000002.1	3p	+	39	315	455	367	320	1457	10	41	11	5	2	1	2	0	2	0	1	1	0	0	0	0	0	0	0	0	0
NZ_UGQW01000002.1	3p	+	40	309	376	335	310	1330	7	35	4	10	0	2	1	2	3	0	1	3	1	0	1	0	0	0	0	0	0
NZ_UGQW01000002.1	3p	+	41	283	358	318	272	1231	11	38	6	5	4	0	2	2	0	0	1	4	0	0	0	1	0	0	0	0	0
NZ_UGQW01000002.1	3p	+	42	243	343	301	264	1151	10	44	8	4	0	1	2	0	1	0	0	3	0	0	1	0	0	0	0	0	0
NZ_UGQW01000002.1	3p	+	43	248	270	260	257	1035	8	36	7	5	1	1	3	2	1	0	2	1	0	0	0	0	0	0	0	0	0
NZ_UGQW01000002.1	3p	+	44	197	283	259	199	938	10	37	2	5	1	2	0	3	1	0	1	1	0	0	0	0	0	0	0	0	0
NZ_UGQW01000002.1	3p	+	45	210	243	201	192	846	6	36	3	6	0	0	3	0	0	0	0	0	0	0	0	0	0	0	0	0	0
NZ_UGQW01000002.1	3p	+	46	188	206	204	167	765	4	23	2	2	1	0	1	1	1	0	1	1	0	0	0	0	0	0	0	0	0
NZ_UGQW01000002.1	3p	+	47	156	192	195	158	701	8	23	3	1	1	0	1	1	1	0	1	2	0	0	0	0	0	0	0	0	0
NZ_UGQW01000002.1	3p	+	48	145	181	183	133	642	2	13	2	5	0	0	0	1	0	0	0	1	0	0	0	0	0	0	0	0	0
NZ_UGQW01000002.1	3p	+	49	123	161	151	143	578	2	21	2	2	0	0	0	1	0	0	1	2	0	0	0	0	0	0	0	0	0
NZ_UGQW01000002.1	3p	+	50	112	162	149	112	535	5	18	5	3	1	1	0	1	0	0	0	0	0	0	0	0	0	0	0	0	0
NZ_UGQW01000002.1	3p	+	51	109	161	118	107	495	2	21	2	2	1	0	2	2	0	1	1	1	0	0	0	0	0	0	0	0	0
NZ_UGQW01000002.1	3p	+	52	97	135	129	90	451	2	13	3	1	0	0	0	1	1	0	1	1	0	0	0	0	0	0	0	0	0
NZ_UGQW01000002.1	3p	+	53	98	116	119	86	419	2	14	2	0	2	0	2	0	0	0	0	1	0	0	0	0	0	0	0	0	0
NZ_UGQW01000002.1	3p	+	54	77	123	84	90	374	2	11	1	4	0	0	1	0	0	0	1	0	0	0	0	0	0	0	0	0	0
NZ_UGQW01000002.1	3p	+	55	75	94	87	81	337	3	11	0	2	0	0	0	0	0	0	1	1	0	0	0	0	0	0	0	0	0
NZ_UGQW01000002.1	3p	+	56	77	84	76	74	311	1	8	2	2	0	0	0	0	0	0	0	1	0	0	0	0	0	0	0	0	0
NZ_UGQW01000002.1	3p	+	57	47	87	77	73	284	0	7	0	1	0	0	0	0	1	0	0	2	0	0	0	0	0	0	0	0	0
NZ_UGQW01000002.1	3p	+	58	59	75	70	56	260	2	6	0	2	2	0	0	0	0	0	0	0	0	0	0	0	0	0	0	0	0
NZ_UGQW01000002.1	3p	+	59	61	59	60	62	242	2	4	0	1	0	0	0	0	0	0	0	0	0	0	0	0	0	0	0	0	0
NZ_UGQW01000002.1	3p	+	60	59	54	64	49	226	3	5	2	2	0	0	0	0	1	0	0	2	0	0	0	0	0	0	0	0	0
NZ_UGQW01000002.1	3p	+	61	47	63	58	45	213	1	4	0	2	1	0	0	0	0	0	0	0	0	0	0	0	0	0	0	0	0
NZ_UGQW01000002.1	3p	+	62	40	57	56	38	191	2	7	2	0	0	0	2	0	0	1	0	0	0	0	0	0	0	0	0	0	0
NZ_UGQW01000002.1	3p	+	63	52	48	36	39	175	1	4	3	1	0	0	1	0	0	0	0	0	0	0	0	0	0	0	0	0	0
NZ_UGQW01000002.1	3p	+	64	39	44	56	25	164	2	2	0	0	0	0	0	0	0	0	0	0	0	0	0	0	0	0	0	0	0
NZ_UGQW01000002.1	3p	+	65	29	38	49	34	150	1	4	0	1	0	0	0	0	0	0	0	0	0	0	0	0	0	0	0	0	0
NZ_UGQW01000002.1	3p	+	66	23	40	38	35	136	1	7	2	2	0	0	0	0	0	0	0	0	0	0	0	0	0	0	0	0	0
NZ_UGQW01000002.1	3p	+	67	26	42	22	33	123	1	4	0	1	0	0	0	0	0	0	0	0	0	0	0	0	0	0	0	0	0
NZ_UGQW01000002.1	3p	+	68	24	28	25	31	108	0	2	1	0	0	0	0	0	0	0	0	0	0	0	0	0	0	0	0	0	0
NZ_UGQW01000002.1	3p	+	69	22	23	35	25	105	0	3	0	0	0	0	0	0	0	0	1	0	0	0	0	0	0	0	0	0	0
NZ_UGQW01000002.1	3p	+	70	31	20	26	21	98	0	4	0	0	0	0	0	0	0	0	0	0	0	0	0	0	0	0	0	0	0
NZ_UGQW01000002.1	3p	-	1	838	590	897	545	2870	394	10	21	12	0	1	6	12	4	10	7	10	0	0	0	0	0	0	0	0	0
NZ_UGQW01000002.1	3p	-	2	757	730	718	665	2870	188	10	13	25	2	1	5	13	3	1	6	9	0	0	0	0	0	0	0	0	0
NZ_UGQW01000002.1	3p	-	3	677	858	715	620	2870	123	12	8	11	3	2	3	9	1	1	3	4	0	0	0	0	0	0	0	0	0
NZ_UGQW01000002.1	3p	-	4	702	717	779	672	2870	93	20	17	14	3	2	3	4	3	2	2	1	0	0	0	0	0	0	0	0	0
NZ_UGQW01000002.1	3p	-	5	640	750	857	622	2869	78	23	20	20	4	2	4	6	6	4	7	8	0	0	0	0	0	0	0	1	0
NZ_UGQW01000002.1	3p	-	6	655	775	767	672	2869	60	14	9	18	1	0	8	13	5	2	3	3	0	0	0	0	0	1	0	0	0
NZ_UGQW01000002.1	3p	-	7	637	791	800	640	2868	59	21	12	12	0	2	6	6	4	1	0	4	0	0	0	0	2	0	0	0	0
NZ_UGQW01000002.1	3p	-	8	626	749	863	632	2870	48	13	19	21	3	0	1	3	0	3	4	3	0	0	0	0	0	0	0	0	0
NZ_UGQW01000002.1	3p	-	9	659	801	771	639	2870	46	19	13	23	4	3	3	6	3	1	4	1	0	0	0	0	0	0	0	0	0
NZ_UGQW01000002.1	3p	-	10	621	768	847	634	2870	38	18	10	15	4	1	2	5	0	3	6	8	0	0	0	0	0	0	0	0	0
NZ_UGQW01000002.1	3p	-	11	614	804	820	632	2870	31	9	17	13	6	2	3	5	3	1	3	4	0	0	0	0	0	0	0	0	0
NZ_UGQW01000002.1	3p	-	12	602	832	810	626	2870	34	15	12	17	2	2	5	4	4	1	5	12	1	0	0	0	0	0	0	0	0
NZ_UGQW01000002.1	3p	-	13	608	782	837	642	2869	32	25	8	12	3	2	4	10	2	3	7	4	0	0	0	0	1	0	0	0	0
NZ_UGQW01000002.1	3p	-	14	593	837	872	568	2870	24	11	21	14	4	2	7	13	1	4	8	12	0	1	0	0	0	0	0	0	0
NZ_UGQW01000002.1	3p	-	15	617	826	815	611	2869	27	18	18	12	1	2	6	4	6	0	4	3	0	0	0	0	0	1	0	0	0
NZ_UGQW01000002.1	3p	-	16	635	792	845	598	2870	33	17	15	15	1	0	4	4	2	0	8	2	0	0	0	0	0	0	0	0	0
NZ_UGQW01000002.1	3p	-	17	579	779	915	597	2870	26	19	10	14	4	1	6	6	2	3	5	8	0	1	0	0	0	0	0	0	0
NZ_UGQW01000002.1	3p	-	18	609	815	827	619	2870	26	18	16	18	4	0	3	8	7	2	5	5	0	0	0	0	0	0	0	0	0
NZ_UGQW01000002.1	3p	-	19	633	819	821	597	2870	25	16	16	15	0	1	1	9	4	3	1	10	0	0	0	0	0	0	0	0	0
NZ_UGQW01000002.1	3p	-	20	609	808	840	613	2870	17	16	17	11	1	3	3	7	2	2	5	7	0	0	0	0	0	0	0	0	0
NZ_UGQW01000002.1	3p	-	21	644	787	841	598	2870	19	23	13	19	4	0	1	7	3	2	10	7	0	0	0	0	0	0	0	0	0
NZ_UGQW01000002.1	3p	-	22	662	753	849	606	2870	21	18	16	18	2	1	3	1	3	2	8	7	0	0	0	0	0	0	0	0	0
NZ_UGQW01000002.1	3p	-	23	604	861	812	593	2870	18	29	14	14	7	3	6	8	3	4	3	5	1	0	0	0	0	0	0	0	0
NZ_UGQW01000002.1	3p	-	24	609	808	802	651	2870	21	24	17	17	4	1	4	3	4	2	4	2	0	0	0	0	0	0	0	0	0
NZ_UGQW01000002.1	3p	-	25	624	767	845	633	2869	18	27	11	18	1	1	3	11	1	3	4	7	1	0	1	0	0	1	0	0	0
NZ_UGQW01000002.1	3p	-	26	614	762	868	626	2870	26	28	16	18	4	1	5	10	3	1	6	3	0	0	2	0	0	0	0	0	0
NZ_UGQW01000002.1	3p	-	27	613	832	774	651	2870	25	48	13	19	0	2	5	9	2	4	1	7	1	0	0	0	0	0	0	0	0
NZ_UGQW01000002.1	3p	-	28	661	778	794	637	2870	20	33	15	16	8	4	5	5	5	1	3	6	0	0	0	1	0	0	0	0	0
NZ_UGQW01000002.1	3p	-	29	624	815	822	609	2870	24	66	21	19	5	2	2	5	1	2	3	4	0	0	0	0	0	0	0	0	0
NZ_UGQW01000002.1	3p	-	30	579	802	783	706	2870	16	78	13	13	3	5	6	6	1	0	2	9	0	1	0	1	0	0	0	0	0
NZ_UGQW01000002.1	3p	-	31	603	708	665	683	2659	18	76	18	18	1	3	7	6	4	1	1	7	0	0	0	1	0	0	0	0	0
NZ_UGQW01000002.1	3p	-	32	529	641	716	567	2453	18	62	11	10	7	0	2	2	3	0	4	0	0	0	0	0	0	0	0	0	0
NZ_UGQW01000002.1	3p	-	33	490	661	616	507	2274	22	77	9	13	1	3	2	1	4	2	3	4	0	0	0	0	0	0	0	0	0
NZ_UGQW01000002.1	3p	-	34	501	589	548	470	2108	14	73	11	13	1	4	2	6	1	0	0	8	0	0	0	0	0	0	0	0	0
NZ_UGQW01000002.1	3p	-	35	417	532	575	422	1946	18	61	8	10	2	2	0	4	1	0	4	4	0	0	0	0	0	0	0	0	0
NZ_UGQW01000002.1	3p	-	36	394	485	473	441	1793	19	38	11	8	1	3	2	0	1	1	0	3	0	0	0	0	0	0	0	0	0
NZ_UGQW01000002.1	3p	-	37	345	442	453	394	1634	16	49	11	9	1	0	4	3	1	0	1	2	0	0	0	0	0	0	0	0	0
NZ_UGQW01000002.1	3p	-	38	303	395	425	374	1497	10	38	8	11	1	1	3	1	1	2	4	2	0	0	0	0	0	0	0	0	0
NZ_UGQW01000002.1	3p	-	39	296	370	358	351	1375	8	46	10	6	1	1	1	4	0	1	2	5	0	0	0	0	1	0	0	0	0
NZ_UGQW01000002.1	3p	-	40	291	324	346	316	1277	7	33	9	8	0	1	3	1	0	0	2	3	0	0	0	0	0	0	0	0	0
NZ_UGQW01000002.1	3p	-	41	256	340	329	267	1192	7	36	1	2	1	0	1	0	1	1	1	2	0	0	0	1	0	0	0	0	0
NZ_UGQW01000002.1	3p	-	42	246	332	282	245	1105	4	51	5	5	1	4	1	0	0	0	1	0	0	0	0	0	0	0	0	0	0
NZ_UGQW01000002.1	3p	-	43	221	256	268	251	996	8	33	3	7	1	0	2	1	0	0	0	4	0	0	0	0	0	0	0	0	0
NZ_UGQW01000002.1	3p	-	44	191	248	269	201	909	5	29	0	3	2	2	1	2	2	0	1	2	1	0	0	0	0	0	0	0	0
NZ_UGQW01000002.1	3p	-	45	194	218	220	188	820	6	34	5	4	1	1	0	1	1	1	0	0	0	0	0	0	0	0	0	0	0
NZ_UGQW01000002.1	3p	-	46	172	195	198	176	741	5	24	5	4	1	0	1	3	1	0	0	0	0	0	0	0	0	0	0	0	0
NZ_UGQW01000002.1	3p	-	47	103	193	198	170	664	3	21	3	2	0	0	0	2	0	0	1	2	0	0	0	0	0	0	0	0	0
NZ_UGQW01000002.1	3p	-	48	139	166	152	154	611	5	26	5	4	0	0	0	0	0	0	0	0	0	0	0	0	0	0	0	0	0
NZ_UGQW01000002.1	3p	-	49	115	150	147	136	548	3	28	2	0	1	0	1	1	0	1	0	3	0	0	0	0	0	0	0	0	0
NZ_UGQW01000002.1	3p	-	50	102	150	128	115	495	5	21	2	4	1	0	1	0	1	0	0	1	0	0	0	0	0	0	0	0	0
NZ_UGQW01000002.1	3p	-	51	96	126	125	110	457	3	16	1	1	0	0	1	2	1	0	3	0	0	0	0	0	0	0	0	0	0
NZ_UGQW01000002.1	3p	-	52	91	125	104	97	417	5	13	1	1	2	0	0	1	1	2	0	2	0	0	0	0	0	0	0	0	0
NZ_UGQW01000002.1	3p	-	53	81	99	103	87	370	1	9	1	4	0	0	1	1	0	0	0	1	0	0	0	0	0	0	0	0	0
NZ_UGQW01000002.1	3p	-	54	77	91	103	81	352	3	10	2	3	0	0	1	0	0	0	0	1	0	0	0	0	0	0	0	0	0
NZ_UGQW01000002.1	3p	-	55	63	86	97	81	327	2	11	1	1	0	0	0	1	1	0	0	0	0	0	0	0	0	0	0	0	0
NZ_UGQW01000002.1	3p	-	56	61	92	73	76	302	0	12	2	2	0	0	0	0	0	0	0	1	0	0	0	0	0	0	0	0	0
NZ_UGQW01000002.1	3p	-	57	69	72	67	63	271	3	3	3	1	0	0	0	0	1	0	0	0	0	0	0	0	0	0	0	0	0
NZ_UGQW01000002.1	3p	-	58	63	68	67	58	256	0	8	0	0	0	0	0	0	0	0	0	0	0	0	0	0	0	0	0	0	0
NZ_UGQW01000002.1	3p	-	59	45	65	73	46	229	0	5	1	1	1	0	0	1	0	0	1	0	0	0	0	0	0	0	0	0	0
NZ_UGQW01000002.1	3p	-	60	45	65	49	49	208	0	3	0	1	1	0	0	0	0	0	0	1	0	0	0	0	0	0	0	0	0
NZ_UGQW01000002.1	3p	-	61	41	50	57	43	191	1	6	0	1	1	0	0	0	0	0	0	1	0	0	0	0	0	0	0	0	0
NZ_UGQW01000002.1	3p	-	62	34	54	43	44	175	0	5	3	0	0	1	0	0	0	0	0	0	0	0	0	0	0	0	0	0	0
NZ_UGQW01000002.1	3p	-	63	39	45	47	38	169	1	4	1	3	0	0	1	0	0	0	0	0	0	0	0	0	0	0	0	0	0
NZ_UGQW01000002.1	3p	-	64	36	47	36	36	155	1	3	3	1	1	0	0	0	0	0	0	1	0	0	0	0	0	0	0	0	0
NZ_UGQW01000002.1	3p	-	65	31	42	48	26	147	0	6	0	2	0	0	0	2	0	0	0	0	0	0	0	0	0	0	0	0	0
NZ_UGQW01000002.1	3p	-	66	31	42	39	24	136	0	3	1	0	1	0	0	0	0	0	0	1	0	0	0	0	0	0	0	0	0
NZ_UGQW01000002.1	3p	-	67	26	38	29	34	127	1	0	2	0	0	0	0	0	0	0	0	0	0	0	0	0	0	0	0	0	0
NZ_UGQW01000002.1	3p	-	68	24	25	35	36	120	3	0	0	1	0	0	0	1	0	0	0	0	0	0	0	0	0	0	0	0	0
NZ_UGQW01000002.1	3p	-	69	25	24	38	19	106	0	3	0	0	0	0	0	0	0	0	0	1	0	0	0	0	0	0	0	0	0
NZ_UGQW01000002.1	3p	-	70	22	19	28	30	99	0	2	0	0	1	0	0	0	0	0	0	1	0	0	0	0	0	0	0	0	0
NZ_UGQW01000002.1	5p	+	1	483	948	539	891	2861	16	396	15	13	3	5	5	5	2	2	3	11	0	0	0	0	0	0	0	0	0
NZ_UGQW01000002.1	5p	+	2	686	768	709	698	2861	19	164	16	15	10	5	4	8	6	1	7	8	0	0	0	1	0	0	0	0	0
NZ_UGQW01000002.1	5p	+	3	787	688	779	605	2859	14	84	20	11	3	3	4	4	2	2	0	4	0	0	1	0	1	0	1	0	0
NZ_UGQW01000002.1	5p	+	4	742	756	704	659	2861	20	82	13	16	6	0	3	6	2	1	1	3	0	1	0	0	0	0	0	0	0
NZ_UGQW01000002.1	5p	+	5	663	851	741	603	2858	20	70	29	11	4	3	4	3	2	2	4	10	1	0	0	0	0	2	0	1	0
NZ_UGQW01000002.1	5p	+	6	654	788	793	624	2859	14	69	16	18	8	3	2	4	5	0	3	5	0	0	0	0	0	2	0	0	0
NZ_UGQW01000002.1	5p	+	7	616	887	736	620	2859	11	65	21	10	3	2	4	6	0	0	3	3	0	0	0	0	0	2	0	0	0
NZ_UGQW01000002.1	5p	+	8	615	841	813	592	2861	18	41	11	15	3	0	4	11	1	1	7	1	1	0	0	0	0	0	0	0	0
NZ_UGQW01000002.1	5p	+	9	643	790	811	616	2860	14	33	25	14	4	1	6	9	1	0	1	7	0	0	0	0	0	1	0	0	0
NZ_UGQW01000002.1	5p	+	10	684	819	721	635	2859	21	40	12	17	4	0	7	4	3	1	5	2	1	0	1	0	1	1	0	0	0
NZ_UGQW01000002.1	5p	+	11	628	844	780	609	2861	19	32	18	21	2	1	5	6	5	0	5	8	0	0	0	1	0	0	0	0	0
NZ_UGQW01000002.1	5p	+	12	636	791	865	569	2861	19	31	21	11	2	1	5	5	7	0	4	2	0	1	1	0	0	0	0	0	0
NZ_UGQW01000002.1	5p	+	13	670	826	754	610	2860	23	27	19	16	3	0	4	2	3	1	3	4	0	0	0	1	0	1	0	0	0
NZ_UGQW01000002.1	5p	+	14	594	914	789	564	2861	14	35	25	12	1	3	5	3	2	2	7	3	0	0	1	0	0	0	0	0	0
NZ_UGQW01000002.1	5p	+	15	627	795	867	572	2861	20	29	25	14	0	2	3	4	2	5	2	8	0	1	0	0	0	0	0	0	0
NZ_UGQW01000002.1	5p	+	16	603	828	776	654	2861	11	22	18	9	1	1	2	4	3	0	2	2	0	0	0	0	0	0	0	0	0
NZ_UGQW01000002.1	5p	+	17	582	874	803	602	2861	15	28	13	14	1	1	3	9	2	5	3	2	0	0	0	0	0	0	0	0	0
NZ_UGQW01000002.1	5p	+	18	669	789	829	574	2861	17	18	24	13	9	0	4	5	7	1	4	6	0	0	1	0	0	0	0	0	0
NZ_UGQW01000002.1	5p	+	19	622	812	792	634	2860	22	20	14	4	3	2	3	5	1	1	4	4	0	1	0	0	1	0	0	0	0
NZ_UGQW01000002.1	5p	+	20	595	833	840	592	2860	29	24	18	13	4	2	3	6	4	2	3	8	0	0	0	0	0	1	0	0	0
NZ_UGQW01000002.1	5p	+	21	625	848	827	561	2861	18	18	21	16	1	2	5	5	0	0	4	7	0	1	0	0	0	0	0	0	0
NZ_UGQW01000002.1	5p	+	22	603	831	803	624	2861	28	25	14	17	6	2	6	6	1	0	4	8	0	0	0	0	0	0	0	0	0
NZ_UGQW01000002.1	5p	+	23	586	834	815	625	2860	27	22	14	16	3	0	7	4	5	3	7	7	0	0	0	1	0	1	0	0	0
NZ_UGQW01000002.1	5p	+	24	677	740	829	612	2858	28	20	23	16	5	3	6	5	3	1	4	6	0	0	0	0	2	0	1	0	0
NZ_UGQW01000002.1	5p	+	25	659	801	768	629	2857	23	17	7	18	9	4	3	14	2	1	4	3	0	0	0	0	3	1	0	0	0
NZ_UGQW01000002.1	5p	+	26	628	833	814	586	2861	38	18	25	14	1	2	5	8	4	0	4	9	0	0	0	0	0	0	0	0	0
NZ_UGQW01000002.1	5p	+	27	644	810	849	558	2861	36	23	18	8	4	0	3	8	3	1	5	4	0	0	0	0	0	0	0	0	0
NZ_UGQW01000002.1	5p	+	28	663	835	750	613	2861	32	18	18	15	4	2	5	3	6	4	4	5	0	0	0	0	0	0	0	0	0
NZ_UGQW01000002.1	5p	+	29	622	840	799	600	2861	48	22	20	19	3	2	1	7	5	1	0	1	0	0	0	0	0	0	0	0	0
NZ_UGQW01000002.1	5p	+	30	672	751	828	609	2860	88	13	16	18	2	4	5	3	7	1	5	5	0	0	0	0	0	0	0	1	0
NZ_UGQW01000002.1	5p	+	31	655	709	728	585	2677	89	19	13	13	1	5	4	3	2	2	5	4	0	0	0	0	0	0	0	0	0
NZ_UGQW01000002.1	5p	+	32	614	698	666	505	2483	74	15	14	8	2	3	3	7	3	4	3	5	0	0	0	0	0	0	0	0	0
NZ_UGQW01000002.1	5p	+	33	545	635	632	495	2307	54	13	14	11	2	1	3	3	0	1	1	8	1	0	0	0	0	0	0	0	0
NZ_UGQW01000002.1	5p	+	34	515	623	549	450	2137	63	14	9	13	3	0	5	3	2	1	0	1	0	0	0	0	0	0	0	0	0
NZ_UGQW01000002.1	5p	+	35	475	513	576	418	1982	54	13	12	11	1	1	3	4	3	0	5	8	0	0	0	1	0	0	0	0	0
NZ_UGQW01000002.1	5p	+	36	447	463	505	418	1833	54	10	9	12	2	0	1	8	4	0	4	0	0	0	0	0	0	0	0	0	0
NZ_UGQW01000002.1	5p	+	37	367	483	450	407	1707	51	8	7	11	1	1	1	6	0	1	0	1	1	1	0	0	0	0	0	0	0
NZ_UGQW01000002.1	5p	+	38	347	457	432	332	1568	55	10	11	9	2	0	4	3	1	0	1	1	0	0	0	0	0	0	0	0	0
NZ_UGQW01000002.1	5p	+	39	350	375	432	300	1457	49	13	6	6	0	2	2	3	2	0	0	2	0	1	0	0	0	0	0	0	0
NZ_UGQW01000002.1	5p	+	40	302	350	379	299	1330	49	7	4	6	1	3	1	2	1	0	2	5	0	0	0	0	0	0	0	0	0
NZ_UGQW01000002.1	5p	+	41	279	339	343	270	1231	45	10	7	7	3	2	1	2	0	1	2	2	0	0	0	0	0	0	0	0	0
NZ_UGQW01000002.1	5p	+	42	278	308	328	237	1151	53	7	4	3	1	1	0	3	0	0	0	2	0	0	0	0	0	0	0	0	0
NZ_UGQW01000002.1	5p	+	43	264	277	273	221	1035	40	3	11	4	2	0	1	3	1	0	0	4	0	0	0	0	0	0	0	0	0
NZ_UGQW01000002.1	5p	+	44	233	262	252	191	938	27	5	5	8	2	0	0	1	3	0	0	0	0	0	0	0	0	0	0	0	0
NZ_UGQW01000002.1	5p	+	45	192	232	232	190	846	29	5	2	4	0	0	1	4	1	2	1	0	0	0	0	0	0	0	0	0	0
NZ_UGQW01000002.1	5p	+	46	193	198	222	152	765	34	6	2	3	0	1	1	1	0	0	0	2	0	1	0	0	0	0	0	0	0
NZ_UGQW01000002.1	5p	+	47	148	205	206	142	701	25	4	5	1	1	1	1	1	1	0	2	0	0	0	0	0	0	0	0	0	0
NZ_UGQW01000002.1	5p	+	48	158	155	190	139	642	25	3	2	3	0	1	0	0	0	0	2	1	0	0	0	0	0	0	0	0	0
NZ_UGQW01000002.1	5p	+	49	148	161	140	129	578	20	4	0	2	0	0	0	0	1	0	0	1	0	0	0	0	0	0	0	0	0
NZ_UGQW01000002.1	5p	+	50	124	156	148	107	535	16	3	3	3	1	1	0	2	0	0	1	0	0	0	0	0	0	0	0	0	0
NZ_UGQW01000002.1	5p	+	51	123	133	140	99	495	16	2	2	2	0	1	0	2	1	0	1	0	0	0	0	0	0	0	0	0	0
NZ_UGQW01000002.1	5p	+	52	121	122	110	98	451	10	1	2	1	0	0	0	0	0	0	2	0	0	0	0	0	0	0	0	0	0
NZ_UGQW01000002.1	5p	+	53	104	101	127	86	418	19	1	2	0	0	0	0	1	0	0	1	0	0	0	0	0	0	1	0	0	0
NZ_UGQW01000002.1	5p	+	54	94	82	100	98	374	16	4	1	2	0	0	0	0	1	0	0	1	0	0	0	0	0	0	0	0	0
NZ_UGQW01000002.1	5p	+	55	88	85	73	91	337	10	4	3	2	0	0	0	1	0	0	1	1	0	0	0	0	0	0	0	0	0
NZ_UGQW01000002.1	5p	+	56	74	99	80	58	311	15	3	2	2	2	0	0	1	0	0	0	1	0	0	0	0	0	0	0	0	0
NZ_UGQW01000002.1	5p	+	57	68	73	82	61	284	5	0	1	0	0	0	1	1	1	1	0	0	0	0	0	0	0	0	0	0	0
NZ_UGQW01000002.1	5p	+	58	58	68	71	63	260	7	1	1	4	0	0	1	0	0	0	1	0	0	0	0	0	0	0	0	0	0
NZ_UGQW01000002.1	5p	+	59	55	65	79	43	242	13	1	0	2	0	0	0	1	0	0	1	0	0	0	0	0	0	0	0	0	0
NZ_UGQW01000002.1	5p	+	60	58	62	50	56	226	7	1	1	2	0	0	0	1	0	0	0	0	0	0	0	0	0	0	0	0	0
NZ_UGQW01000002.1	5p	+	61	55	59	56	43	213	10	0	2	0	1	0	0	1	0	0	0	0	0	0	0	0	0	0	0	0	0
NZ_UGQW01000002.1	5p	+	62	43	51	63	34	191	7	1	0	0	0	0	0	0	0	0	0	0	0	0	0	0	0	0	0	0	0
NZ_UGQW01000002.1	5p	+	63	38	51	45	41	175	8	1	1	1	0	0	0	1	1	0	0	0	0	0	0	0	0	0	0	0	0
NZ_UGQW01000002.1	5p	+	64	49	33	44	38	164	4	1	0	1	0	0	0	0	0	0	0	0	0	0	0	0	0	0	0	0	0
NZ_UGQW01000002.1	5p	+	65	32	39	42	36	149	5	1	1	1	0	0	0	1	0	0	0	0	0	0	0	0	1	0	0	0	0
NZ_UGQW01000002.1	5p	+	66	29	35	40	32	136	3	2	1	0	0	0	0	0	0	1	0	1	0	0	0	0	0	0	0	0	0
NZ_UGQW01000002.1	5p	+	67	29	31	36	27	123	2	0	1	0	0	0	0	1	0	0	0	0	0	0	0	0	0	0	0	0	0
NZ_UGQW01000002.1	5p	+	68	20	37	21	30	108	3	0	0	0	0	0	0	0	0	0	0	1	0	0	0	0	0	0	0	0	0
NZ_UGQW01000002.1	5p	+	69	23	30	30	22	105	1	2	2	0	0	0	0	0	0	0	0	0	0	0	0	0	0	0	0	0	0
NZ_UGQW01000002.1	5p	+	70	18	26	27	27	98	3	0	0	0	0	0	0	0	0	0	0	0	0	0	0	0	0	0	0	0	0
NZ_UGQW01000002.1	5p	-	1	481	910	530	949	2870	5	423	11	11	5	7	7	4	1	2	2	9	0	0	0	0	0	0	0	0	0
NZ_UGQW01000002.1	5p	-	2	637	747	717	769	2870	19	172	18	18	8	6	6	6	4	0	2	9	0	0	0	0	0	0	0	0	0
NZ_UGQW01000002.1	5p	-	3	632	681	888	669	2870	30	96	22	11	5	3	3	7	4	2	2	6	0	0	0	0	0	0	0	0	0
NZ_UGQW01000002.1	5p	-	4	673	748	755	694	2870	21	71	9	9	1	4	2	3	2	3	1	7	0	0	0	0	0	0	0	0	0
NZ_UGQW01000002.1	5p	-	5	674	789	728	679	2870	17	68	11	17	4	2	5	3	4	5	5	3	0	0	0	0	0	0	0	0	0
NZ_UGQW01000002.1	5p	-	6	623	732	830	685	2870	23	46	18	22	1	2	6	5	2	0	4	3	0	0	0	1	0	0	0	0	0
NZ_UGQW01000002.1	5p	-	7	685	805	722	658	2870	13	43	13	15	4	3	6	5	1	1	1	4	1	0	0	0	0	0	0	0	0
NZ_UGQW01000002.1	5p	-	8	638	782	813	637	2870	14	57	20	13	5	0	5	6	2	2	4	7	0	0	0	1	0	0	0	0	0
NZ_UGQW01000002.1	5p	-	9	668	757	824	621	2870	25	42	10	15	5	1	2	5	5	3	6	5	0	0	0	0	0	0	0	0	0
NZ_UGQW01000002.1	5p	-	10	644	777	780	669	2870	19	25	11	19	3	3	5	1	2	3	3	7	0	0	0	1	0	0	0	0	0
NZ_UGQW01000002.1	5p	-	11	574	838	832	626	2870	14	32	11	12	1	0	3	8	4	2	4	8	0	0	0	0	0	0	0	0	0
NZ_UGQW01000002.1	5p	-	12	575	817	880	597	2869	22	36	11	23	3	3	3	7	5	0	7	11	0	0	0	0	0	1	0	0	0
NZ_UGQW01000002.1	5p	-	13	660	793	823	594	2870	13	30	18	14	3	0	1	3	2	0	4	5	0	0	0	0	0	0	0	0	0
NZ_UGQW01000002.1	5p	-	14	613	832	830	595	2870	15	22	22	25	5	4	5	9	2	1	1	3	0	0	0	0	0	0	0	0	0
NZ_UGQW01000002.1	5p	-	15	587	787	886	610	2870	20	31	14	20	3	1	7	5	2	4	5	7	1	0	0	0	0	0	0	0	0
NZ_UGQW01000002.1	5p	-	16	638	830	795	607	2870	17	30	17	17	4	1	3	5	0	1	5	4	0	0	1	0	0	0	0	0	0
NZ_UGQW01000002.1	5p	-	17	624	832	810	603	2869	18	24	20	18	6	1	4	8	1	1	3	2	0	0	0	0	0	1	0	0	0
NZ_UGQW01000002.1	5p	-	18	613	821	882	554	2870	15	25	15	12	3	2	1	4	2	2	10	7	0	0	0	0	0	0	0	0	0
NZ_UGQW01000002.1	5p	-	19	623	780	832	635	2870	20	17	15	19	0	2	2	6	2	3	4	2	0	1	0	0	0	0	0	0	0
NZ_UGQW01000002.1	5p	-	20	601	823	842	604	2870	22	19	11	15	3	1	5	12	2	1	2	5	1	1	0	0	0	0	0	0	0
NZ_UGQW01000002.1	5p	-	21	598	790	874	608	2870	20	28	11	13	1	3	4	3	2	1	4	10	0	0	1	0	0	0	0	0	0
NZ_UGQW01000002.1	5p	-	22	633	809	813	615	2870	30	17	18	21	3	1	4	6	2	2	4	8	0	0	1	0	0	0	0	0	0
NZ_UGQW01000002.1	5p	-	23	581	843	837	609	2870	29	23	15	12	3	2	5	7	2	1	4	5	0	0	0	1	0	0	0	0	0
NZ_UGQW01000002.1	5p	-	24	596	796	859	617	2868	31	20	11	21	4	2	4	4	4	0	3	6	0	0	0	0	2	0	0	0	0
NZ_UGQW01000002.1	5p	-	25	649	776	818	626	2869	29	20	13	13	2	2	4	8	2	3	6	8	0	0	0	0	0	1	0	0	0
NZ_UGQW01000002.1	5p	-	26	592	847	820	611	2870	44	18	14	17	2	0	4	5	8	2	6	3	0	0	0	0	0	0	0	0	0
NZ_UGQW01000002.1	5p	-	27	595	806	880	589	2870	50	23	15	12	4	2	2	3	1	3	6	7	0	0	0	0	0	0	0	0	0
NZ_UGQW01000002.1	5p	-	28	639	812	813	606	2870	49	18	12	14	3	1	1	10	3	1	4	2	0	0	0	0	0	0	0	0	0
NZ_UGQW01000002.1	5p	-	29	585	788	825	672	2870	57	16	12	20	2	1	3	11	0	3	3	2	0	0	0	0	0	0	0	0	0
NZ_UGQW01000002.1	5p	-	30	690	695	860	625	2870	76	19	16	18	1	0	4	7	3	6	5	9	0	0	0	0	0	0	0	0	0
NZ_UGQW01000002.1	5p	-	31	603	731	696	628	2658	80	18	16	11	3	2	5	9	7	1	6	7	0	1	0	0	1	0	0	0	0
NZ_UGQW01000002.1	5p	-	32	592	681	674	506	2453	67	18	14	9	1	3	5	10	3	1	4	2	0	0	0	0	0	0	0	0	0
NZ_UGQW01000002.1	5p	-	33	564	571	665	473	2273	68	15	16	11	3	1	4	4	1	2	5	6	0	0	0	0	1	0	0	0	0
NZ_UGQW01000002.1	5p	-	34	505	565	553	485	2108	51	9	7	11	3	0	1	4	3	1	1	5	0	0	0	0	0	0	0	0	0
NZ_UGQW01000002.1	5p	-	35	468	546	512	420	1946	53	11	10	10	2	1	2	2	4	1	2	2	0	0	0	0	0	0	0	0	0
NZ_UGQW01000002.1	5p	-	36	422	479	509	383	1793	47	11	22	10	3	0	4	5	2	3	4	4	0	0	0	0	0	0	0	0	0
NZ_UGQW01000002.1	5p	-	37	377	413	479	365	1634	61	8	4	9	1	0	1	6	0	1	1	6	0	0	0	0	0	0	0	0	0
NZ_UGQW01000002.1	5p	-	38	333	425	411	328	1497	53	8	6	12	2	0	3	2	3	5	4	3	0	0	0	0	0	0	0	0	0
NZ_UGQW01000002.1	5p	-	39	350	338	375	313	1376	51	10	6	10	1	0	2	3	0	1	2	1	0	0	0	0	0	0	0	0	0
NZ_UGQW01000002.1	5p	-	40	311	340	324	302	1277	34	8	4	4	1	3	2	1	2	0	0	3	1	0	0	0	0	0	0	0	0
NZ_UGQW01000002.1	5p	-	41	252	320	323	297	1192	42	11	6	5	0	0	1	4	1	0	3	5	0	0	0	0	0	0	0	0	0
NZ_UGQW01000002.1	5p	-	42	255	265	343	242	1105	48	4	5	10	2	2	1	4	0	0	0	2	0	0	0	0	0	0	0	0	0
NZ_UGQW01000002.1	5p	-	43	236	281	253	226	996	44	10	4	2	0	0	4	2	1	0	1	2	0	0	0	0	0	0	0	0	0
NZ_UGQW01000002.1	5p	-	44	214	264	255	176	909	35	5	7	2	1	1	1	3	0	2	0	3	0	0	0	0	0	0	0	0	0
NZ_UGQW01000002.1	5p	-	45	207	205	251	157	820	37	5	5	1	0	1	0	0	3	1	0	0	1	0	0	0	0	0	0	0	0
NZ_UGQW01000002.1	5p	-	46	182	201	183	175	741	29	1	4	4	0	0	2	3	0	0	2	1	0	0	0	0	0	0	0	0	0
NZ_UGQW01000002.1	5p	-	47	145	182	188	149	664	22	2	3	4	0	0	0	0	0	0	2	1	0	0	0	0	0	0	0	0	0
NZ_UGQW01000002.1	5p	-	48	129	154	202	126	611	24	2	4	5	0	1	0	2	1	1	1	1	0	0	0	0	0	0	0	0	0
NZ_UGQW01000002.1	5p	-	49	118	140	168	122	548	16	3	1	4	0	0	1	1	0	0	2	0	0	0	0	0	0	0	0	0	0
NZ_UGQW01000002.1	5p	-	50	119	144	133	99	495	16	3	0	1	0	0	1	1	1	1	3	1	0	0	0	0	0	0	0	0	0
NZ_UGQW01000002.1	5p	-	51	112	102	144	99	457	17	4	4	3	0	0	0	1	2	0	1	0	0	0	0	0	0	0	0	0	0
NZ_UGQW01000002.1	5p	-	52	98	91	117	111	417	16	2	4	3	1	0	0	0	0	0	0	0	0	0	0	0	0	0	0	0	0
NZ_UGQW01000002.1	5p	-	53	75	109	102	84	370	11	6	2	3	0	0	1	2	1	2	0	0	0	0	0	0	0	0	0	0	0
NZ_UGQW01000002.1	5p	-	54	76	101	95	80	352	8	1	1	0	0	1	0	1	1	0	0	0	0	0	0	0	0	0	0	0	0
NZ_UGQW01000002.1	5p	-	55	85	82	80	80	327	8	3	1	1	0	0	0	1	1	0	1	2	0	0	0	0	0	0	0	0	0
NZ_UGQW01000002.1	5p	-	56	59	84	93	66	302	15	1	3	1	0	0	0	1	0	0	0	0	0	0	0	0	0	0	0	0	0
NZ_UGQW01000002.1	5p	-	57	62	79	69	61	271	7	5	1	3	0	0	0	2	1	0	0	0	0	0	0	0	0	0	0	0	0
NZ_UGQW01000002.1	5p	-	58	62	75	64	54	255	9	2	0	0	0	0	2	1	0	0	0	0	0	0	0	0	0	0	0	1	0
NZ_UGQW01000002.1	5p	-	59	49	58	66	56	229	8	2	0	3	0	0	0	2	0	0	0	2	0	0	0	0	0	0	0	0	0
NZ_UGQW01000002.1	5p	-	60	47	54	62	45	208	7	0	1	2	0	0	0	1	1	0	0	1	0	0	0	0	0	0	0	0	0
NZ_UGQW01000002.1	5p	-	61	37	40	58	56	191	9	1	0	2	0	0	0	0	0	0	0	0	0	0	0	0	0	0	0	0	0
NZ_UGQW01000002.1	5p	-	62	42	32	58	43	175	4	0	0	0	0	0	0	0	0	0	0	1	0	0	0	0	0	0	0	0	0
NZ_UGQW01000002.1	5p	-	63	32	44	51	42	169	7	0	0	1	0	0	0	1	0	0	0	0	0	0	0	0	0	0	0	0	0
NZ_UGQW01000002.1	5p	-	64	48	38	35	34	155	4	1	2	0	1	0	0	0	0	0	0	0	0	0	0	0	0	0	0	0	0
NZ_UGQW01000002.1	5p	-	65	37	30	48	32	147	7	1	1	0	1	0	0	0	0	0	0	0	0	0	0	0	0	0	0	0	0
NZ_UGQW01000002.1	5p	-	66	36	31	39	30	136	2	1	0	1	0	0	0	1	0	0	0	1	0	0	0	0	0	0	0	0	0
NZ_UGQW01000002.1	5p	-	67	34	32	31	30	127	7	0	0	0	0	0	0	0	0	0	0	0	0	0	0	0	0	0	0	0	0
NZ_UGQW01000002.1	5p	-	68	24	38	30	28	120	3	1	0	0	0	0	0	0	0	0	0	0	0	0	0	0	0	0	0	0	0
NZ_UGQW01000002.1	5p	-	69	18	32	37	19	106	7	2	0	2	0	0	1	0	0	0	0	0	0	0	0	0	0	0	0	0	0
NZ_UGQW01000002.1	5p	-	70	21	27	29	22	99	4	0	0	0	0	0	0	0	0	0	0	0	0	0	0	0	0	0	0	0	0
