# table produced by mapDamage version 2.2.3
# using mapped file /mnt/archgen/microbiome_calculus/library_ds_vs_ss/04-analysis/normalize_kraken/mapping/flexilinea_sp001717545/mapDamage2_ssLibs/input/FUM003.A0102.SG1.4_5M.mapped_f_sp001717545_q25l30_rmdup.bam and /mnt/archgen/microbiome_calculus/library_ds_vs_ss/04-analysis/normalize_kraken/mapping/flexilinea_sp001717545/input/GCA_001717545.1_ASM171754v1_genomic.fna as reference file
# Chr: reference from sam/bam header, End: from which termini of DNA sequences, Std: strand of reads
Chr	End	Std	Pos	A	C	G	T	Total	G>A	C>T	A>G	T>C	A>C	A>T	C>G	C>A	T>G	T>A	G>C	G>T	A>-	T>-	C>-	G>-	->A	->T	->C	->G	S
CP017039.1	3p	+	1	173	415	185	228	1001	3	59	6	4	4	3	2	5	1	1	5	3	0	0	0	0	0	0	0	0	0
CP017039.1	3p	+	2	257	298	251	195	1001	12	31	7	8	1	1	3	2	2	1	0	4	0	0	0	0	0	0	0	0	0
CP017039.1	3p	+	3	216	307	282	196	1001	6	29	7	9	3	2	10	2	2	1	10	1	0	0	0	0	0	0	0	0	0
CP017039.1	3p	+	4	210	297	250	244	1001	9	16	8	7	4	1	4	5	2	0	6	3	0	0	0	0	0	0	0	0	0
CP017039.1	3p	+	5	217	249	278	257	1001	7	16	3	9	2	1	4	3	2	0	1	7	0	0	0	0	0	0	0	0	0
CP017039.1	3p	+	6	225	285	237	254	1001	13	11	4	4	5	1	4	2	1	2	7	2	0	0	0	0	0	0	0	0	0
CP017039.1	3p	+	7	217	285	252	246	1000	8	17	8	7	2	1	5	3	4	1	1	3	0	0	0	0	0	1	0	0	0
CP017039.1	3p	+	8	239	265	258	239	1001	4	11	8	1	1	2	2	2	2	1	6	4	0	0	0	1	0	0	0	0	0
CP017039.1	3p	+	9	206	302	254	239	1001	8	18	10	3	0	0	5	6	1	2	4	4	0	0	0	0	0	0	0	0	0
CP017039.1	3p	+	10	211	282	267	240	1000	10	14	4	7	1	1	4	5	0	1	2	3	0	0	0	2	0	0	0	1	0
CP017039.1	3p	+	11	213	275	249	263	1000	6	12	4	8	1	1	4	1	1	1	2	2	0	1	0	2	0	1	0	0	0
CP017039.1	3p	+	12	203	288	287	223	1001	8	12	5	4	3	1	6	2	3	0	9	2	1	0	0	0	0	0	0	0	0
CP017039.1	3p	+	13	208	308	275	210	1001	6	11	4	4	1	0	5	3	2	1	8	1	2	0	0	0	0	0	0	0	0
CP017039.1	3p	+	14	222	277	261	239	999	7	12	4	4	0	1	2	3	3	1	3	2	0	1	0	0	0	1	1	0	0
CP017039.1	3p	+	15	206	287	278	229	1000	6	12	8	8	1	0	11	2	3	3	8	1	0	0	0	1	0	1	0	0	0
CP017039.1	3p	+	16	204	289	251	256	1000	8	15	4	8	2	0	2	4	1	1	5	4	0	1	0	0	0	0	0	1	0
CP017039.1	3p	+	17	237	266	277	221	1001	8	12	6	6	1	2	2	1	1	1	5	2	1	0	1	0	0	0	0	0	0
CP017039.1	3p	+	18	221	288	279	213	1001	10	12	5	8	2	0	6	0	0	1	4	3	0	0	0	0	0	0	0	0	0
CP017039.1	3p	+	19	208	312	265	215	1000	4	19	6	8	3	0	2	5	1	0	4	3	0	0	1	0	0	0	0	1	0
CP017039.1	3p	+	20	246	266	272	215	999	4	11	6	6	0	2	6	2	0	0	1	3	0	0	0	0	0	0	2	0	0
CP017039.1	3p	+	21	217	279	287	218	1001	7	15	3	11	1	2	8	2	1	4	4	1	1	0	0	0	0	0	0	0	0
CP017039.1	3p	+	22	215	295	261	230	1001	10	6	5	5	0	2	4	3	4	1	7	3	0	0	0	1	0	0	0	0	0
CP017039.1	3p	+	23	216	292	254	239	1001	2	14	4	10	0	1	2	2	3	2	5	5	0	0	1	0	0	0	0	0	0
CP017039.1	3p	+	24	192	303	283	222	1000	6	21	5	7	2	1	10	2	2	1	9	2	1	0	0	0	0	1	0	0	0
CP017039.1	3p	+	25	194	303	254	248	999	9	12	5	5	2	2	1	1	2	0	6	2	0	0	0	0	0	0	1	1	0
CP017039.1	3p	+	26	240	282	273	205	1000	4	10	7	7	3	0	2	0	2	1	5	3	0	0	0	0	0	0	0	1	0
CP017039.1	3p	+	27	200	300	299	202	1001	7	22	10	7	3	0	9	1	3	0	3	2	0	1	0	0	0	0	0	0	0
CP017039.1	3p	+	28	196	323	263	217	999	8	17	3	13	1	1	2	1	4	0	3	2	0	0	0	0	0	2	0	0	0
CP017039.1	3p	+	29	229	288	256	228	1001	9	21	4	8	2	1	2	2	1	4	2	3	0	0	0	0	0	0	0	0	0
CP017039.1	3p	+	30	209	296	273	223	1001	11	19	9	10	1	3	7	4	2	0	5	3	0	0	0	0	0	0	0	0	0
CP017039.1	3p	+	31	206	260	213	208	887	6	16	6	5	1	2	5	2	0	2	4	2	0	0	0	0	0	0	0	1	0
CP017039.1	3p	+	32	157	217	210	172	756	7	18	3	5	3	1	0	3	1	0	2	2	0	0	1	0	0	0	0	0	0
CP017039.1	3p	+	33	133	195	185	149	662	4	14	4	6	0	3	5	1	2	0	2	0	0	0	0	0	0	0	0	0	0
CP017039.1	3p	+	34	124	169	149	150	592	4	14	2	5	2	1	0	0	1	0	2	2	0	0	0	0	0	1	0	0	0
CP017039.1	3p	+	35	124	150	124	140	538	4	10	2	3	0	1	0	1	1	0	5	2	0	0	0	0	0	0	0	0	0
CP017039.1	3p	+	36	110	148	105	116	479	2	11	4	0	1	0	1	2	0	1	2	0	0	0	0	0	0	0	0	0	0
CP017039.1	3p	+	37	88	120	100	113	421	3	12	1	1	3	1	0	0	0	0	4	0	0	0	0	0	0	0	0	0	0
CP017039.1	3p	+	38	91	101	92	92	376	2	4	3	1	0	0	0	0	0	0	1	3	0	0	0	0	0	0	0	0	0
CP017039.1	3p	+	39	72	103	83	83	341	5	9	0	2	1	1	3	0	1	0	4	1	0	0	0	0	0	0	0	0	0
CP017039.1	3p	+	40	47	96	88	75	306	7	9	0	3	0	0	1	0	0	1	2	3	0	0	0	0	0	0	0	0	0
CP017039.1	3p	+	41	59	93	48	68	268	2	6	3	3	1	0	0	0	0	0	2	0	0	0	0	0	0	0	0	0	0
CP017039.1	3p	+	42	42	63	70	62	237	1	5	1	1	0	0	1	1	1	0	1	0	0	0	0	0	0	0	0	0	0
CP017039.1	3p	+	43	42	55	56	58	211	2	4	0	1	0	0	0	1	0	0	0	0	0	0	0	0	0	0	0	0	0
CP017039.1	3p	+	44	40	58	44	46	188	1	6	1	0	0	0	0	0	0	0	1	0	0	0	0	0	0	0	0	0	0
CP017039.1	3p	+	45	43	60	32	31	166	1	8	0	0	1	0	1	0	1	0	1	1	0	0	0	0	0	0	0	0	0
CP017039.1	3p	+	46	39	40	36	34	149	1	9	0	1	0	0	0	0	0	1	0	1	0	0	0	0	0	0	0	0	0
CP017039.1	3p	+	47	32	39	26	40	137	0	3	1	1	0	0	0	0	0	1	0	0	0	0	0	0	0	0	0	0	0
CP017039.1	3p	+	48	30	28	29	30	117	1	0	0	0	0	0	0	0	1	0	0	0	0	0	0	0	0	0	0	0	0
CP017039.1	3p	+	49	29	28	27	21	105	1	4	1	2	0	0	0	0	0	0	1	0	0	0	0	0	0	0	0	0	0
CP017039.1	3p	+	50	17	28	17	32	94	0	3	0	0	0	0	0	0	1	0	0	0	0	0	0	0	0	0	0	0	0
CP017039.1	3p	+	51	17	29	22	15	83	0	0	0	0	0	0	0	0	0	0	0	0	0	0	0	0	0	0	0	0	0
CP017039.1	3p	+	52	15	21	17	21	74	1	1	0	0	0	0	0	0	0	0	0	0	0	0	0	0	0	0	0	0	0
CP017039.1	3p	+	53	12	17	21	15	65	0	1	0	1	0	0	1	0	0	0	0	0	0	0	0	0	0	0	0	0	0
CP017039.1	3p	+	54	15	16	14	16	61	0	1	0	0	0	0	0	0	1	0	0	0	0	0	0	0	0	0	0	0	0
CP017039.1	3p	+	55	12	14	9	13	48	0	1	0	0	0	0	0	1	0	0	0	0	0	0	0	0	0	0	0	0	0
CP017039.1	3p	+	56	6	18	10	8	42	0	0	0	0	0	0	0	0	0	0	1	0	0	0	0	0	0	0	0	0	0
CP017039.1	3p	+	57	11	10	7	13	41	0	0	0	0	0	0	0	0	0	0	0	0	0	0	0	0	0	0	0	0	0
CP017039.1	3p	+	58	10	9	8	9	36	2	1	1	0	0	0	0	0	0	0	0	0	0	0	0	1	0	0	0	0	0
CP017039.1	3p	+	59	7	7	5	11	30	0	1	1	0	0	0	0	0	0	0	0	0	0	0	0	0	0	0	0	0	0
CP017039.1	3p	+	60	7	11	3	7	28	0	3	0	0	0	0	0	0	0	0	0	0	0	0	0	0	0	0	0	0	0
CP017039.1	3p	+	61	6	6	6	6	24	0	1	0	0	0	0	0	0	0	0	0	0	0	0	0	0	0	0	0	0	0
CP017039.1	3p	+	62	5	6	8	5	24	0	1	0	1	0	0	0	0	0	0	0	0	0	0	0	0	0	0	0	0	0
CP017039.1	3p	+	63	6	3	7	7	23	0	0	0	0	0	0	0	0	0	0	0	0	0	0	0	0	0	0	0	0	0
CP017039.1	3p	+	64	4	8	4	5	21	0	0	0	0	0	0	0	0	0	0	0	0	0	0	0	0	0	0	0	0	0
CP017039.1	3p	+	65	3	6	4	6	19	0	0	0	0	1	0	0	0	0	0	0	0	0	0	0	0	0	0	0	0	0
CP017039.1	3p	+	66	3	8	1	5	17	0	1	0	0	0	0	0	0	0	0	0	0	0	0	0	0	0	0	0	0	0
CP017039.1	3p	+	67	5	8	1	3	17	0	1	0	0	0	0	0	0	0	0	0	0	0	0	0	0	0	0	0	0	0
CP017039.1	3p	+	68	4	4	5	4	17	0	1	0	0	0	0	0	0	0	0	0	0	0	0	0	0	0	0	0	0	0
CP017039.1	3p	+	69	2	7	1	6	16	0	0	0	0	0	0	0	0	0	0	0	0	0	0	0	0	0	0	0	0	0
CP017039.1	3p	+	70	3	1	5	6	15	0	0	0	0	0	0	0	0	0	0	0	0	0	0	0	0	0	0	0	0	0
CP017039.1	3p	-	1	144	358	197	209	908	5	59	1	5	0	7	4	4	0	2	9	7	0	0	0	0	0	0	0	0	0
CP017039.1	3p	-	2	254	273	205	176	908	9	23	5	6	0	3	6	1	1	0	2	5	0	0	0	0	0	0	0	0	0
CP017039.1	3p	-	3	181	252	278	197	908	11	26	6	2	2	3	7	1	1	1	6	1	0	0	0	0	0	0	0	0	0
CP017039.1	3p	-	4	193	240	254	220	907	7	18	4	5	2	0	2	0	0	0	4	2	0	0	0	0	0	0	1	0	0
CP017039.1	3p	-	5	204	221	253	230	908	7	11	1	5	1	3	2	1	0	1	4	1	0	0	0	0	0	0	0	0	0
CP017039.1	3p	-	6	205	236	270	197	908	13	11	4	6	1	3	3	3	3	0	8	2	1	0	0	0	0	0	0	0	0
CP017039.1	3p	-	7	169	256	263	216	904	4	16	8	3	0	1	4	1	1	1	4	6	0	0	1	1	1	1	2	0	0
CP017039.1	3p	-	8	210	240	225	232	907	6	10	5	3	0	0	5	1	1	2	7	0	0	0	0	0	0	0	0	1	0
CP017039.1	3p	-	9	221	236	256	195	908	7	6	10	4	3	0	5	1	1	0	2	1	0	0	0	0	0	0	0	0	0
CP017039.1	3p	-	10	199	257	227	224	907	6	11	4	2	3	1	3	0	1	2	5	1	0	0	0	3	0	0	1	0	0
CP017039.1	3p	-	11	192	236	256	224	908	5	9	5	8	0	1	1	1	2	1	4	3	1	0	2	0	0	0	0	0	0
CP017039.1	3p	-	12	209	254	265	180	908	8	12	5	6	2	0	2	3	1	1	4	1	0	0	0	1	0	0	0	0	0
CP017039.1	3p	-	13	211	243	249	204	907	5	17	4	5	2	3	5	3	1	0	4	2	1	0	0	0	0	0	0	1	0
CP017039.1	3p	-	14	229	260	209	208	906	7	15	5	3	1	1	4	3	1	1	1	3	0	0	0	0	0	2	0	0	0
CP017039.1	3p	-	15	202	252	256	198	908	7	11	5	6	4	1	1	0	4	0	6	1	0	0	0	0	0	0	0	0	0
CP017039.1	3p	-	16	166	280	255	206	907	10	17	4	4	0	0	8	4	0	1	4	4	0	0	0	0	0	0	1	0	0
CP017039.1	3p	-	17	199	247	254	208	908	4	15	7	3	0	1	1	2	3	0	2	3	0	0	0	1	0	0	0	0	0
CP017039.1	3p	-	18	181	265	256	205	907	4	6	8	7	2	2	8	5	2	1	1	1	1	0	0	0	0	1	0	0	0
CP017039.1	3p	-	19	184	243	242	239	908	4	9	2	4	2	0	5	3	0	3	5	4	0	0	1	0	0	0	0	0	0
CP017039.1	3p	-	20	214	228	244	222	908	11	8	6	7	1	0	5	0	2	0	1	1	0	0	0	0	0	0	0	0	0
CP017039.1	3p	-	21	177	271	272	187	907	8	8	10	8	3	0	2	1	3	0	2	4	0	0	0	0	0	0	0	1	0
CP017039.1	3p	-	22	186	269	243	210	908	8	9	4	4	1	0	5	1	2	0	4	3	0	0	0	0	0	0	0	0	0
CP017039.1	3p	-	23	197	243	251	217	908	3	13	2	7	0	1	2	2	1	1	4	2	0	0	0	1	0	0	0	0	0
CP017039.1	3p	-	24	212	249	239	207	907	7	15	7	5	3	1	3	1	0	0	2	0	0	0	0	0	0	0	0	1	0
CP017039.1	3p	-	25	190	256	247	214	907	6	17	7	6	0	0	4	1	1	1	3	6	0	0	1	1	0	1	0	0	0
CP017039.1	3p	-	26	234	237	239	197	907	4	9	7	5	1	0	0	3	0	1	3	0	0	0	0	1	0	1	0	0	0
CP017039.1	3p	-	27	180	259	263	206	908	7	19	4	4	3	3	3	6	3	2	6	4	0	0	0	0	0	0	0	0	0
CP017039.1	3p	-	28	184	279	222	223	908	6	8	8	8	2	0	4	3	2	1	4	3	0	0	0	0	0	0	0	0	0
CP017039.1	3p	-	29	203	260	222	223	908	7	17	8	4	1	2	5	2	1	1	9	4	0	0	0	0	0	0	0	0	0
CP017039.1	3p	-	30	204	229	235	240	908	14	19	3	6	1	1	2	2	0	1	5	6	0	0	0	0	0	0	0	0	0
CP017039.1	3p	-	31	175	223	203	207	808	12	16	4	9	1	0	4	1	1	4	4	2	0	0	1	0	0	0	0	0	0
CP017039.1	3p	-	32	169	179	181	176	705	5	19	6	5	2	0	2	2	1	0	4	1	0	0	1	0	0	0	0	0	0
CP017039.1	3p	-	33	130	179	155	150	614	6	18	3	6	0	0	5	1	2	1	5	2	0	0	0	0	0	0	0	0	0
CP017039.1	3p	-	34	120	163	134	137	554	6	11	1	1	0	0	0	1	0	1	2	0	0	0	0	0	0	0	0	0	0
CP017039.1	3p	-	35	113	133	107	126	479	3	14	1	2	0	0	0	0	1	0	3	1	0	0	0	0	0	0	0	0	0
CP017039.1	3p	-	36	101	111	108	102	422	4	12	5	3	0	0	2	2	3	1	1	1	0	0	0	0	0	0	0	0	0
CP017039.1	3p	-	37	89	100	89	96	374	3	6	2	1	0	0	0	1	0	0	1	0	0	0	0	0	0	0	0	0	0
CP017039.1	3p	-	38	94	83	67	97	341	0	7	1	1	1	0	0	0	0	0	1	0	0	0	0	0	0	0	0	0	0
CP017039.1	3p	-	39	66	85	72	78	301	5	6	5	0	0	0	1	0	0	0	1	0	0	0	0	0	0	0	0	0	0
CP017039.1	3p	-	40	54	87	63	76	280	1	7	4	1	0	0	0	0	1	2	0	1	0	0	0	0	0	0	0	0	0
CP017039.1	3p	-	41	62	71	62	57	252	1	4	0	1	0	0	2	0	2	0	0	0	0	0	0	0	0	1	0	0	0
CP017039.1	3p	-	42	45	69	62	55	231	5	5	0	4	2	0	0	0	1	0	3	0	0	0	0	0	0	0	0	0	0
CP017039.1	3p	-	43	49	57	52	47	205	0	7	0	1	0	1	1	1	0	0	1	0	0	0	0	0	0	0	0	0	0
CP017039.1	3p	-	44	43	50	38	47	178	1	4	0	1	1	0	1	2	0	1	0	1	0	0	0	0	0	0	0	0	0
CP017039.1	3p	-	45	35	40	38	43	156	0	4	0	1	0	0	0	0	0	0	0	0	0	0	0	0	0	0	0	0	0
CP017039.1	3p	-	46	32	37	31	37	137	0	3	1	1	0	0	0	0	0	0	2	2	0	0	0	0	0	0	0	0	0
CP017039.1	3p	-	47	37	23	29	38	127	1	2	1	0	0	0	1	0	1	0	0	0	0	0	0	0	0	0	0	0	0
CP017039.1	3p	-	48	29	32	26	26	113	0	2	1	0	0	0	0	0	0	0	0	0	0	0	0	0	0	0	0	0	0
CP017039.1	3p	-	49	19	39	24	22	104	0	4	1	0	0	0	0	0	0	1	0	1	0	0	0	0	0	0	0	0	0
CP017039.1	3p	-	50	25	21	29	21	96	2	4	1	1	0	0	0	0	0	0	0	0	0	0	0	0	0	0	0	0	0
CP017039.1	3p	-	51	17	27	22	20	86	1	4	0	0	0	0	0	0	0	0	1	0	0	0	0	0	0	0	0	0	0
CP017039.1	3p	-	52	9	26	17	21	73	0	2	0	1	0	0	0	0	0	0	0	0	0	0	0	0	0	0	0	0	0
CP017039.1	3p	-	53	15	17	16	18	66	0	1	0	1	0	0	0	0	0	0	0	0	0	0	0	0	0	0	0	0	0
CP017039.1	3p	-	54	10	21	14	18	63	0	4	0	0	0	0	0	0	0	0	0	0	0	0	0	0	0	0	0	0	0
CP017039.1	3p	-	55	22	21	6	11	60	0	2	0	0	0	0	0	0	0	0	0	0	0	0	0	0	0	0	0	0	0
CP017039.1	3p	-	56	9	14	11	22	56	1	0	0	0	0	0	0	0	0	0	0	0	0	0	0	0	0	0	0	0	0
CP017039.1	3p	-	57	17	10	13	13	53	0	1	0	0	0	0	0	0	0	0	0	0	0	0	0	0	0	0	0	0	0
CP017039.1	3p	-	58	10	11	9	19	49	0	1	0	0	0	0	0	0	0	0	0	0	0	0	0	0	0	0	0	0	0
CP017039.1	3p	-	59	12	11	12	8	43	0	0	0	0	0	0	0	0	0	0	0	0	0	0	0	0	0	0	0	0	0
CP017039.1	3p	-	60	8	8	9	14	39	0	1	0	0	0	0	0	0	0	0	0	0	0	0	0	0	0	0	0	0	0
CP017039.1	3p	-	61	6	11	8	12	37	0	1	0	0	0	0	0	0	0	0	0	0	0	0	0	0	0	0	0	0	0
CP017039.1	3p	-	62	7	8	4	11	30	0	1	0	0	0	0	0	0	0	0	0	0	0	0	0	0	0	0	0	0	0
CP017039.1	3p	-	63	7	4	7	9	27	0	0	0	0	0	0	0	0	0	0	0	0	0	0	0	0	0	0	0	0	0
CP017039.1	3p	-	64	3	10	5	6	24	0	2	0	0	1	0	0	0	0	0	0	0	0	0	0	0	0	0	0	0	0
CP017039.1	3p	-	65	6	6	3	7	22	1	0	0	0	0	0	0	0	0	0	0	0	0	0	0	0	0	0	0	0	0
CP017039.1	3p	-	66	7	2	6	4	19	0	0	0	0	0	0	0	0	0	0	0	0	0	0	0	0	0	0	0	0	0
CP017039.1	3p	-	67	5	6	4	3	18	0	0	0	0	0	0	0	0	0	0	0	0	0	0	0	0	0	0	0	0	0
CP017039.1	3p	-	68	4	3	6	3	16	0	0	0	0	0	0	0	0	1	0	0	0	0	0	0	0	0	0	0	0	0
CP017039.1	3p	-	69	3	6	4	0	13	0	1	0	0	0	0	0	0	0	0	0	0	0	0	0	0	0	0	0	0	0
CP017039.1	3p	-	70	2	2	3	3	10	0	0	0	0	0	0	0	0	0	0	0	0	0	0	0	0	0	0	0	0	0
CP017039.1	5p	+	1	194	283	140	384	1001	9	71	5	5	3	4	5	6	2	3	5	3	0	0	0	0	0	0	0	0	0
CP017039.1	5p	+	2	209	314	230	248	1001	10	40	8	6	1	2	4	1	3	3	8	2	0	0	0	0	0	0	0	0	0
CP017039.1	5p	+	3	228	294	283	196	1001	7	12	11	7	1	1	3	2	2	0	8	2	0	0	0	0	0	0	0	0	0
CP017039.1	5p	+	4	215	285	278	223	1001	10	20	3	12	4	0	4	1	2	1	3	3	0	0	0	0	0	0	0	0	0
CP017039.1	5p	+	5	213	321	271	193	998	6	23	7	7	4	1	6	1	3	1	7	1	0	0	0	0	0	2	0	1	0
CP017039.1	5p	+	6	227	294	252	226	999	12	17	5	7	4	0	4	1	4	0	4	3	0	0	0	0	0	0	1	1	0
CP017039.1	5p	+	7	208	301	243	248	1000	10	12	5	6	3	2	7	0	2	0	3	2	0	0	0	0	0	1	0	0	0
CP017039.1	5p	+	8	193	285	304	219	1001	4	13	4	10	2	1	4	3	3	2	8	3	0	0	0	0	0	0	0	0	0
CP017039.1	5p	+	9	212	291	282	216	1001	9	16	9	12	3	1	5	4	3	1	10	4	0	0	0	0	0	0	0	0	0
CP017039.1	5p	+	10	214	308	258	221	1001	3	13	3	6	1	0	2	2	1	1	2	3	0	1	0	0	0	0	0	0	0
CP017039.1	5p	+	11	206	323	257	214	1000	12	12	2	5	1	3	4	3	2	1	3	2	0	0	1	0	0	0	1	0	0
CP017039.1	5p	+	12	216	281	294	209	1000	7	14	8	13	0	1	6	3	2	1	3	4	1	0	0	1	0	0	1	0	0
CP017039.1	5p	+	13	227	289	255	229	1000	4	16	6	4	2	0	4	1	1	0	2	3	1	0	0	0	0	0	0	1	0
CP017039.1	5p	+	14	211	296	272	221	1000	4	15	4	10	1	1	6	3	1	1	8	7	0	0	1	0	0	1	0	0	0
CP017039.1	5p	+	15	232	275	272	222	1001	9	11	10	5	2	2	3	1	1	0	9	1	0	0	1	0	0	0	0	0	0
CP017039.1	5p	+	16	243	293	247	218	1001	5	16	3	5	1	1	2	0	3	1	4	4	0	0	1	0	0	0	0	0	0
CP017039.1	5p	+	17	199	307	272	223	1001	8	9	6	8	2	3	6	3	2	1	3	2	0	0	0	0	0	0	0	0	0
CP017039.1	5p	+	18	218	290	266	224	998	3	8	6	3	0	0	7	6	2	2	4	2	0	0	0	0	0	1	1	1	0
CP017039.1	5p	+	19	228	291	269	213	1001	10	6	2	6	0	1	4	1	0	0	1	2	1	0	0	0	0	0	0	0	0
CP017039.1	5p	+	20	197	307	273	224	1001	3	16	6	5	2	1	5	1	0	2	9	2	0	0	0	2	0	0	0	0	0
CP017039.1	5p	+	21	202	288	271	239	1000	6	13	10	6	0	1	5	3	1	0	5	1	0	1	0	0	0	0	0	1	0
CP017039.1	5p	+	22	222	276	258	245	1001	7	11	4	3	0	1	2	2	1	0	7	0	0	0	0	1	0	0	0	0	0
CP017039.1	5p	+	23	199	293	271	237	1000	9	12	6	2	1	0	3	1	2	1	4	5	0	0	0	0	0	1	0	0	0
CP017039.1	5p	+	24	214	296	276	215	1001	12	12	8	9	2	0	3	6	4	2	6	1	0	0	0	0	0	0	0	0	0
CP017039.1	5p	+	25	249	259	244	247	999	2	8	4	8	2	1	3	1	2	1	3	3	0	0	0	0	0	1	0	1	0
CP017039.1	5p	+	26	194	307	267	233	1001	7	20	8	9	3	3	5	0	1	1	3	5	0	0	0	1	0	0	0	0	0
CP017039.1	5p	+	27	208	260	295	238	1001	9	11	6	7	4	0	5	4	1	2	1	7	0	0	0	1	0	0	0	0	0
CP017039.1	5p	+	28	208	267	261	265	1001	8	14	5	6	1	4	3	4	0	1	2	2	0	0	0	0	0	0	0	0	0
CP017039.1	5p	+	29	213	286	279	223	1001	12	22	2	8	1	1	5	2	1	2	6	3	1	0	0	0	0	0	0	0	0
CP017039.1	5p	+	30	218	309	263	210	1000	13	29	3	4	1	1	5	2	1	1	3	7	1	0	0	0	0	1	0	0	0
CP017039.1	5p	+	31	217	263	193	215	888	6	28	5	5	1	2	1	4	1	1	4	1	0	0	0	1	0	0	0	0	0
CP017039.1	5p	+	32	146	231	184	195	756	7	13	5	5	1	1	1	4	3	0	1	1	0	0	0	0	0	0	0	0	0
CP017039.1	5p	+	33	149	202	163	148	662	3	10	1	6	0	0	4	3	0	2	3	1	0	0	0	0	0	0	0	0	0
CP017039.1	5p	+	34	149	163	137	144	593	5	19	3	4	1	2	1	0	1	0	0	1	0	0	0	0	0	0	0	0	0
CP017039.1	5p	+	35	119	158	145	116	538	4	11	5	1	0	0	1	1	2	1	3	3	0	0	0	0	0	0	0	0	0
CP017039.1	5p	+	36	110	151	106	112	479	5	12	3	1	0	0	3	2	0	0	2	0	0	1	0	0	0	0	0	0	0
CP017039.1	5p	+	37	96	108	109	108	421	3	7	1	2	0	1	1	1	0	1	2	1	1	0	0	0	0	0	0	0	0
CP017039.1	5p	+	38	59	117	104	96	376	3	4	0	7	0	0	2	1	1	0	3	0	0	1	0	0	0	0	0	0	0
CP017039.1	5p	+	39	65	112	94	70	341	3	5	1	2	0	0	5	3	1	0	3	0	0	0	0	1	0	0	0	0	0
CP017039.1	5p	+	40	71	94	70	71	306	2	9	0	1	3	0	1	0	0	0	4	1	0	0	0	0	0	0	0	0	0
CP017039.1	5p	+	41	61	73	63	71	268	0	8	3	0	1	0	1	0	0	0	0	0	0	0	0	0	0	0	0	0	0
CP017039.1	5p	+	42	53	62	70	52	237	2	8	1	0	1	0	0	1	0	1	3	0	0	0	0	0	0	0	0	0	0
CP017039.1	5p	+	43	36	71	48	56	211	1	6	0	2	1	0	1	0	0	0	1	0	0	0	0	0	0	0	0	0	0
CP017039.1	5p	+	44	34	66	47	41	188	0	4	1	1	0	0	0	0	1	0	0	0	0	0	0	0	0	0	0	0	0
CP017039.1	5p	+	45	38	40	48	40	166	0	5	2	0	1	0	0	0	0	0	0	0	0	0	0	0	0	0	0	0	0
CP017039.1	5p	+	46	37	52	24	36	149	0	6	0	0	0	0	0	0	1	0	0	0	0	0	0	0	0	0	0	0	0
CP017039.1	5p	+	47	34	40	33	30	137	1	4	0	0	0	0	1	0	0	0	1	0	0	0	0	0	0	0	0	0	0
CP017039.1	5p	+	48	19	31	34	33	117	0	1	0	0	1	0	1	0	0	0	0	0	0	0	0	0	0	0	0	0	0
CP017039.1	5p	+	49	28	28	19	30	105	0	2	0	2	0	0	0	0	0	0	0	1	0	0	0	0	0	0	0	0	0
CP017039.1	5p	+	50	20	28	24	22	94	0	1	1	0	0	0	0	0	0	0	0	0	0	0	0	0	0	0	0	0	0
CP017039.1	5p	+	51	22	18	23	20	83	0	4	2	0	0	0	0	0	1	0	0	0	0	0	0	0	0	0	0	0	0
CP017039.1	5p	+	52	15	23	22	14	74	1	0	0	1	0	0	0	0	0	0	1	0	0	0	0	0	0	0	0	0	0
CP017039.1	5p	+	53	9	15	22	19	65	0	0	0	1	0	0	0	0	0	0	0	0	0	0	0	0	0	0	0	0	0
CP017039.1	5p	+	54	16	20	12	13	61	0	2	0	0	1	0	0	0	1	0	0	0	0	0	0	0	0	0	0	0	0
CP017039.1	5p	+	55	15	16	7	10	48	0	1	0	1	0	0	0	0	0	0	0	1	0	0	0	0	0	0	0	0	0
CP017039.1	5p	+	56	4	14	15	9	42	0	2	0	0	0	0	0	0	0	0	0	0	0	0	0	0	0	0	0	0	0
CP017039.1	5p	+	57	11	9	11	10	41	0	2	1	1	0	0	0	0	0	0	0	0	0	0	0	0	0	0	0	0	0
CP017039.1	5p	+	58	11	11	5	9	36	0	1	1	0	0	0	0	0	1	0	0	0	0	0	0	0	0	0	0	0	0
CP017039.1	5p	+	59	4	10	10	6	30	0	0	0	0	0	0	0	0	0	0	0	0	0	0	0	0	0	0	0	0	0
CP017039.1	5p	+	60	4	10	6	8	28	0	0	0	0	0	0	0	0	0	0	0	0	0	0	0	0	0	0	0	0	0
CP017039.1	5p	+	61	7	8	8	1	24	0	1	0	0	1	0	0	0	0	0	0	0	0	0	0	0	0	0	0	0	0
CP017039.1	5p	+	62	7	6	8	3	24	0	0	0	0	0	0	0	0	0	0	0	0	0	0	0	0	0	0	0	0	0
CP017039.1	5p	+	63	10	4	5	4	23	0	0	0	0	0	0	0	0	0	0	0	0	0	0	0	0	0	0	0	0	0
CP017039.1	5p	+	64	8	3	4	6	21	0	0	0	0	0	0	0	0	0	0	0	0	0	0	0	0	0	0	0	0	0
CP017039.1	5p	+	65	5	6	3	5	19	0	0	0	0	0	0	0	0	0	0	0	0	0	0	0	0	0	0	0	0	0
CP017039.1	5p	+	66	4	4	7	2	17	0	0	0	1	0	0	0	0	0	0	0	0	0	0	0	0	0	0	0	0	0
CP017039.1	5p	+	67	4	4	5	4	17	0	0	0	0	0	0	0	0	0	0	0	0	0	0	0	0	0	0	0	0	0
CP017039.1	5p	+	68	5	7	3	2	17	1	0	0	0	0	0	0	0	0	0	0	0	0	0	0	0	0	0	0	0	0
CP017039.1	5p	+	69	5	2	4	5	16	0	0	0	0	0	0	0	0	0	0	0	0	0	0	0	0	0	0	0	0	0
CP017039.1	5p	+	70	5	4	1	5	15	0	0	0	1	0	0	0	0	0	0	0	1	0	0	0	0	0	0	0	0	0
CP017039.1	5p	-	1	191	258	133	326	908	8	62	2	1	2	0	5	1	2	0	4	6	0	0	0	0	0	0	0	0	0
CP017039.1	5p	-	2	226	264	189	229	908	13	34	3	13	3	0	5	4	3	1	6	2	0	0	1	0	0	0	0	0	0
CP017039.1	5p	-	3	218	245	250	195	908	12	12	13	8	1	0	2	0	1	4	4	3	0	0	1	0	0	0	0	0	0
CP017039.1	5p	-	4	214	229	245	220	908	11	23	5	1	0	4	1	2	1	3	8	2	0	0	0	0	0	0	0	0	0
CP017039.1	5p	-	5	181	282	225	220	908	5	16	5	3	2	0	6	5	2	1	3	2	0	0	0	0	0	0	0	0	0
CP017039.1	5p	-	6	190	238	247	233	908	9	17	10	8	3	0	4	3	4	2	9	3	0	0	0	0	0	0	0	0	0
CP017039.1	5p	-	7	194	286	210	218	908	8	14	2	6	0	0	2	0	1	2	3	3	0	0	0	1	0	0	0	0	0
CP017039.1	5p	-	8	200	270	251	186	907	2	12	6	7	1	0	3	3	0	2	7	3	0	0	0	0	0	0	0	1	0
CP017039.1	5p	-	9	195	224	270	219	908	9	11	6	7	1	0	3	5	1	1	2	2	0	0	0	0	0	0	0	0	0
CP017039.1	5p	-	10	196	245	222	245	908	2	11	5	5	0	2	3	1	1	0	6	2	0	0	0	0	0	0	0	0	0
CP017039.1	5p	-	11	183	282	251	192	908	7	13	3	6	3	1	2	1	3	0	5	0	0	0	0	0	0	0	0	0	0
CP017039.1	5p	-	12	197	265	239	206	907	3	16	6	7	3	0	6	3	2	1	2	4	0	0	0	0	0	0	0	1	0
CP017039.1	5p	-	13	200	247	245	215	907	8	12	6	6	1	1	3	2	1	2	1	3	0	0	1	1	0	1	0	0	0
CP017039.1	5p	-	14	180	259	242	227	908	8	15	7	6	2	1	4	2	3	1	4	2	0	0	0	0	0	0	0	0	0
CP017039.1	5p	-	15	178	263	259	207	907	12	4	3	9	1	0	4	4	1	0	2	1	0	0	0	0	0	1	0	0	0
CP017039.1	5p	-	16	206	240	245	217	908	6	10	5	5	1	0	0	2	4	1	5	1	0	0	0	0	0	0	0	0	0
CP017039.1	5p	-	17	204	271	256	176	907	7	12	12	2	3	1	5	3	1	0	6	4	0	0	0	0	0	1	0	0	0
CP017039.1	5p	-	18	215	242	255	194	906	11	13	3	5	2	1	10	1	4	1	5	2	0	0	0	0	0	0	1	1	0
CP017039.1	5p	-	19	195	244	234	234	907	5	9	8	3	2	2	2	0	4	1	0	1	0	0	0	0	0	1	0	0	0
CP017039.1	5p	-	20	178	276	241	213	908	11	8	7	5	1	1	7	2	0	0	5	2	0	0	0	0	0	0	0	0	0
CP017039.1	5p	-	21	204	240	263	200	907	6	11	5	5	1	1	1	0	0	1	1	2	1	0	0	0	0	1	0	0	0
CP017039.1	5p	-	22	211	226	235	235	907	6	12	3	6	0	1	3	2	3	0	5	1	1	0	2	0	0	1	0	0	0
CP017039.1	5p	-	23	201	255	243	208	907	10	12	5	7	1	0	6	4	1	0	6	2	0	0	0	1	0	0	0	1	0
CP017039.1	5p	-	24	213	248	251	195	907	3	11	6	2	2	0	8	2	0	2	3	7	0	0	0	0	0	0	1	0	0
CP017039.1	5p	-	25	209	245	235	217	906	3	14	2	7	1	2	2	1	1	0	5	2	0	0	0	0	1	0	1	0	0
CP017039.1	5p	-	26	188	233	259	227	907	5	6	3	10	2	0	3	2	0	1	8	2	1	0	0	0	0	0	1	0	0
CP017039.1	5p	-	27	214	236	275	183	908	8	16	3	7	2	1	2	2	3	0	3	5	0	0	0	1	0	0	0	0	0
CP017039.1	5p	-	28	208	258	228	214	908	4	15	5	3	0	0	3	1	0	1	2	1	0	0	0	0	0	0	0	0	0
CP017039.1	5p	-	29	204	264	236	203	907	9	17	9	2	3	1	6	2	0	2	3	1	0	0	0	0	0	0	1	0	0
CP017039.1	5p	-	30	200	269	248	191	908	5	16	6	5	1	2	4	1	1	0	7	4	0	0	1	0	0	0	0	0	0
CP017039.1	5p	-	31	181	221	208	198	808	7	16	3	3	0	1	2	2	1	1	3	3	1	0	0	0	0	0	0	0	0
CP017039.1	5p	-	32	130	224	184	167	705	8	14	0	4	1	0	3	0	0	0	2	3	0	0	0	0	0	0	0	0	0
CP017039.1	5p	-	33	150	152	181	131	614	5	10	9	1	2	3	0	1	1	1	3	2	0	0	0	1	0	0	0	0	0
CP017039.1	5p	-	34	128	156	133	136	553	2	14	1	1	0	0	1	1	0	0	1	1	0	0	0	0	0	1	0	0	0
CP017039.1	5p	-	35	95	136	116	132	479	6	14	1	2	0	1	0	0	0	1	2	1	0	0	0	1	0	0	0	0	0
CP017039.1	5p	-	36	84	118	118	102	422	2	9	1	1	0	1	3	2	1	0	1	2	0	0	0	0	0	0	0	0	0
CP017039.1	5p	-	37	74	117	94	89	374	5	12	3	2	1	2	0	0	0	0	2	1	0	0	1	0	0	0	0	0	0
CP017039.1	5p	-	38	61	117	94	69	341	4	8	2	0	0	0	2	2	0	0	0	0	0	0	0	1	0	0	0	0	0
CP017039.1	5p	-	39	74	71	80	76	301	1	6	3	2	0	0	0	0	0	0	2	0	0	0	0	0	0	0	0	0	0
CP017039.1	5p	-	40	65	70	80	65	280	2	9	0	0	0	0	0	0	0	0	3	0	0	0	0	0	0	0	0	0	0
CP017039.1	5p	-	41	60	75	67	51	253	4	8	1	0	0	1	1	0	0	1	1	1	0	0	0	1	0	0	0	0	0
CP017039.1	5p	-	42	56	54	65	56	231	2	5	4	1	0	0	1	0	0	0	2	2	0	0	0	0	0	0	0	0	0
CP017039.1	5p	-	43	51	65	48	41	205	0	7	0	0	0	1	0	0	0	0	0	0	0	0	0	0	0	0	0	0	0
CP017039.1	5p	-	44	47	51	40	40	178	0	1	0	0	0	2	1	0	0	0	0	0	0	0	0	0	0	0	0	0	0
CP017039.1	5p	-	45	35	46	33	42	156	2	3	0	1	0	0	0	0	0	0	0	0	0	0	0	0	0	0	0	0	0
CP017039.1	5p	-	46	28	32	38	39	137	0	2	0	0	0	0	0	0	0	0	0	0	0	0	0	0	0	0	0	0	0
CP017039.1	5p	-	47	29	30	38	30	127	1	2	0	1	0	2	0	1	0	0	0	0	0	0	0	1	0	0	0	0	0
CP017039.1	5p	-	48	21	42	32	18	113	0	3	0	0	0	0	0	0	0	0	0	1	0	0	0	0	0	0	0	0	0
CP017039.1	5p	-	49	23	33	29	19	104	0	5	0	2	0	1	0	0	0	0	0	0	0	0	0	0	0	0	0	0	0
CP017039.1	5p	-	50	21	28	32	15	96	0	2	0	1	0	0	0	0	1	0	0	0	0	0	0	0	0	0	0	0	0
CP017039.1	5p	-	51	16	24	20	26	86	0	1	0	1	0	0	0	0	0	0	0	0	0	0	0	0	0	0	0	0	0
CP017039.1	5p	-	52	21	18	17	17	73	1	2	0	1	0	0	0	0	0	0	0	1	0	0	0	0	0	0	0	0	0
CP017039.1	5p	-	53	18	16	15	17	66	0	0	0	0	0	0	0	0	0	0	0	0	0	0	0	0	0	0	0	0	0
CP017039.1	5p	-	54	17	13	17	16	63	0	0	1	1	0	1	0	0	0	0	0	0	0	0	0	0	0	0	0	0	0
CP017039.1	5p	-	55	6	13	19	22	60	0	2	0	0	0	0	0	0	0	1	0	0	0	0	0	0	0	0	0	0	0
CP017039.1	5p	-	56	16	18	12	10	56	0	0	0	0	0	0	0	0	0	0	0	0	0	0	0	0	0	0	0	0	0
CP017039.1	5p	-	57	14	13	11	15	53	0	1	0	0	0	0	0	0	0	0	0	0	0	0	0	0	0	0	0	0	0
CP017039.1	5p	-	58	5	15	16	13	49	0	2	0	0	0	0	0	0	0	0	0	0	0	0	0	0	0	0	0	0	0
CP017039.1	5p	-	59	9	14	12	8	43	0	3	0	0	0	0	0	0	0	0	0	0	0	0	0	0	0	0	0	0	0
CP017039.1	5p	-	60	9	8	13	9	39	0	1	1	0	0	0	0	0	0	1	0	0	0	0	0	0	0	0	0	0	0
CP017039.1	5p	-	61	14	10	6	7	37	0	1	1	0	0	0	0	0	0	0	0	0	0	0	0	0	0	0	0	0	0
CP017039.1	5p	-	62	9	6	7	8	30	0	1	1	0	0	0	1	0	0	0	0	0	0	0	0	0	0	0	0	0	0
CP017039.1	5p	-	63	5	8	4	10	27	0	1	0	0	0	0	0	0	0	0	0	0	0	0	0	0	0	0	0	0	0
CP017039.1	5p	-	64	6	4	6	8	24	0	0	0	0	0	0	0	0	0	0	0	0	0	0	0	0	0	0	0	0	0
CP017039.1	5p	-	65	4	4	8	6	22	0	1	0	0	0	0	0	0	0	0	0	0	0	0	0	0	0	0	0	0	0
CP017039.1	5p	-	66	7	4	3	5	19	0	0	0	0	0	1	0	0	0	0	0	0	0	0	0	0	0	0	0	0	0
CP017039.1	5p	-	67	4	4	4	6	18	0	1	0	0	0	0	0	0	0	0	1	0	0	0	0	0	0	0	0	0	0
CP017039.1	5p	-	68	5	5	2	4	16	0	1	0	0	0	0	0	0	0	0	0	0	0	0	0	0	0	0	0	0	0
CP017039.1	5p	-	69	5	5	1	2	13	0	0	0	0	0	0	0	0	0	0	0	0	0	0	0	0	0	0	0	0	0
CP017039.1	5p	-	70	0	1	5	4	10	0	0	0	0	0	0	0	0	0	0	0	0	0	0	0	0	0	0	0	0	0
