# table produced by mapDamage version 2.2.3
# using mapped file /mnt/archgen/microbiome_calculus/library_ds_vs_ss/04-analysis/normalize_kraken/mapping/neisseria_elongata/mapDamage2_ssLibs/input/CDM020.A0102.SG1.4_5M.mapped_n_elongata_q25l30_rmdup.bam and /mnt/archgen/microbiome_calculus/library_ds_vs_ss/04-analysis/normalize_kraken/mapping/neisseria_elongata/input/GCF_900453895.1_42925_E01_genomic.fna as reference file
# Chr: reference from sam/bam header, End: from which termini of DNA sequences, Std: strand of reads
Chr	End	Std	Pos	A	C	G	T	Total	G>A	C>T	A>G	T>C	A>C	A>T	C>G	C>A	T>G	T>A	G>C	G>T	A>-	T>-	C>-	G>-	->A	->T	->C	->G	S
NZ_UGQW01000001.1	3p	+	1	183	227	182	156	748	4	48	3	4	1	1	0	1	1	1	0	0	0	0	0	0	0	0	0	0	0
NZ_UGQW01000001.1	3p	+	2	194	201	215	138	748	4	28	2	7	1	0	1	0	1	0	1	1	0	0	0	0	0	0	0	0	0
NZ_UGQW01000001.1	3p	+	3	176	189	231	152	748	6	42	5	8	0	0	1	1	2	0	0	0	0	0	0	0	0	0	0	0	0
NZ_UGQW01000001.1	3p	+	4	187	187	223	151	748	9	27	2	6	2	2	1	0	3	0	2	3	0	0	0	0	0	0	0	0	0
NZ_UGQW01000001.1	3p	+	5	190	205	173	180	748	4	21	4	2	0	0	2	2	1	1	1	1	0	0	0	0	0	0	0	0	0
NZ_UGQW01000001.1	3p	+	6	181	180	228	159	748	3	21	5	4	1	0	0	0	0	0	1	1	0	0	0	0	0	0	0	0	0
NZ_UGQW01000001.1	3p	+	7	164	180	216	188	748	2	16	4	7	0	0	1	2	2	0	3	1	0	0	0	0	0	0	0	0	0
NZ_UGQW01000001.1	3p	+	8	158	200	216	174	748	4	16	3	1	1	0	1	0	1	0	1	2	0	0	0	0	0	0	0	0	0
NZ_UGQW01000001.1	3p	+	9	164	186	219	179	748	8	21	2	5	0	1	0	0	2	0	0	0	0	0	0	0	0	0	0	0	0
NZ_UGQW01000001.1	3p	+	10	174	192	200	182	748	5	12	6	2	0	1	1	0	1	0	3	1	0	0	0	0	0	0	0	0	0
NZ_UGQW01000001.1	3p	+	11	173	184	220	171	748	2	14	2	4	1	0	0	1	0	0	1	2	0	0	0	0	0	0	0	0	0
NZ_UGQW01000001.1	3p	+	12	167	213	219	149	748	4	9	3	1	1	0	0	2	0	0	1	0	0	0	0	0	0	0	0	0	0
NZ_UGQW01000001.1	3p	+	13	177	195	211	165	748	3	10	1	7	0	1	2	1	0	1	1	0	0	0	0	0	0	0	0	0	0
NZ_UGQW01000001.1	3p	+	14	164	198	209	177	748	2	13	4	1	0	0	1	2	0	1	2	1	0	0	0	0	0	0	0	0	0
NZ_UGQW01000001.1	3p	+	15	169	196	216	167	748	4	17	3	5	1	1	1	2	1	0	2	0	0	0	0	0	0	0	0	0	0
NZ_UGQW01000001.1	3p	+	16	150	213	207	178	748	6	13	0	3	1	0	2	1	1	0	2	0	0	1	0	0	0	0	0	0	0
NZ_UGQW01000001.1	3p	+	17	154	187	221	186	748	4	10	7	4	0	0	0	1	0	0	0	0	0	0	0	0	0	0	0	0	0
NZ_UGQW01000001.1	3p	+	18	164	185	210	189	748	1	12	3	5	0	0	0	1	0	0	0	0	0	0	0	0	0	0	0	0	0
NZ_UGQW01000001.1	3p	+	19	159	190	230	169	748	5	13	3	6	1	0	1	1	0	0	0	1	0	0	0	0	0	0	0	0	0
NZ_UGQW01000001.1	3p	+	20	168	180	219	181	748	1	6	2	3	0	0	3	0	2	0	1	1	0	0	0	0	0	0	0	0	0
NZ_UGQW01000001.1	3p	+	21	190	183	228	147	748	6	9	3	6	1	0	0	0	1	0	1	2	0	0	0	0	0	0	0	0	0
NZ_UGQW01000001.1	3p	+	22	178	210	185	175	748	3	15	5	6	1	0	0	0	0	0	1	0	0	0	0	0	0	0	0	0	0
NZ_UGQW01000001.1	3p	+	23	154	205	219	170	748	0	7	2	5	0	0	0	0	0	0	0	0	0	0	0	0	0	0	0	0	0
NZ_UGQW01000001.1	3p	+	24	161	192	235	160	748	3	15	4	3	0	0	2	0	2	0	0	0	0	0	0	0	0	0	0	0	0
NZ_UGQW01000001.1	3p	+	25	163	195	215	175	748	3	15	4	4	2	1	1	0	2	0	0	2	0	0	0	0	0	0	0	0	0
NZ_UGQW01000001.1	3p	+	26	173	205	200	170	748	2	10	3	3	0	0	1	0	0	1	0	0	0	0	0	0	0	0	0	0	0
NZ_UGQW01000001.1	3p	+	27	185	177	226	160	748	5	16	3	2	0	0	1	1	2	1	0	4	0	0	0	0	0	0	0	0	0
NZ_UGQW01000001.1	3p	+	28	160	216	209	163	748	1	13	3	4	0	0	0	2	0	0	0	1	0	0	0	0	0	0	0	0	0
NZ_UGQW01000001.1	3p	+	29	162	219	217	150	748	2	15	5	4	1	0	0	1	1	0	1	0	0	0	0	0	0	0	0	0	0
NZ_UGQW01000001.1	3p	+	30	148	216	213	171	748	4	11	5	1	0	1	1	0	0	1	0	0	0	0	0	0	0	0	0	0	0
NZ_UGQW01000001.1	3p	+	31	150	202	194	172	718	3	15	4	5	1	0	0	2	0	0	2	3	0	0	0	0	0	0	0	0	0
NZ_UGQW01000001.1	3p	+	32	148	186	188	164	686	2	14	2	8	1	0	0	0	3	0	1	0	0	0	0	0	0	0	0	0	0
NZ_UGQW01000001.1	3p	+	33	121	174	201	154	650	4	14	0	4	1	1	0	0	1	0	0	0	0	0	0	0	0	0	0	0	0
NZ_UGQW01000001.1	3p	+	34	149	163	171	137	620	4	15	3	7	2	0	0	1	0	0	1	0	0	0	0	0	0	0	0	0	0
NZ_UGQW01000001.1	3p	+	35	129	164	151	149	593	4	11	1	3	0	0	1	2	0	0	0	1	0	0	0	0	0	0	0	0	0
NZ_UGQW01000001.1	3p	+	36	161	141	142	120	564	1	13	4	0	0	1	0	1	0	0	0	1	0	0	0	0	0	0	0	0	0
NZ_UGQW01000001.1	3p	+	37	133	133	157	110	533	3	14	2	4	0	0	1	1	0	1	0	0	0	0	0	0	0	0	0	0	0
NZ_UGQW01000001.1	3p	+	38	123	132	140	113	508	2	12	5	1	0	1	0	0	0	0	1	0	0	0	0	0	0	0	0	0	0
NZ_UGQW01000001.1	3p	+	39	109	130	140	103	482	2	13	1	2	0	2	0	0	2	0	1	1	1	0	0	0	0	0	0	0	0
NZ_UGQW01000001.1	3p	+	40	111	115	133	100	459	3	11	2	4	1	0	1	0	1	0	0	1	0	0	1	0	0	0	0	0	0
NZ_UGQW01000001.1	3p	+	41	105	122	119	97	443	0	4	0	3	0	0	0	1	0	0	1	0	0	0	0	0	0	0	0	0	0
NZ_UGQW01000001.1	3p	+	42	108	113	113	83	417	2	11	2	3	0	0	0	0	0	1	0	1	0	0	0	0	0	0	0	0	0
NZ_UGQW01000001.1	3p	+	43	94	110	95	94	393	1	16	2	5	0	0	0	1	1	0	0	3	0	0	0	0	0	0	0	0	0
NZ_UGQW01000001.1	3p	+	44	75	105	113	77	370	0	7	1	2	1	0	0	0	1	0	0	0	0	0	0	0	0	0	0	0	0
NZ_UGQW01000001.1	3p	+	45	65	104	97	79	345	1	11	1	1	0	0	0	1	0	0	0	0	0	0	0	0	0	0	0	0	0
NZ_UGQW01000001.1	3p	+	46	67	79	99	82	327	2	10	1	2	1	0	0	0	1	0	1	0	0	0	0	0	0	0	0	0	0
NZ_UGQW01000001.1	3p	+	47	80	86	83	66	315	1	10	1	0	0	0	0	0	2	0	0	0	0	0	0	0	0	0	0	0	0
NZ_UGQW01000001.1	3p	+	48	72	78	75	73	298	1	4	2	4	0	0	0	0	0	0	0	0	0	0	0	0	0	0	0	0	0
NZ_UGQW01000001.1	3p	+	49	56	66	82	82	286	1	7	0	2	0	0	0	0	0	0	0	0	0	0	0	0	0	0	0	0	0
NZ_UGQW01000001.1	3p	+	50	61	74	73	59	267	0	8	0	3	0	0	0	0	0	1	0	0	0	0	0	0	0	0	0	0	0
NZ_UGQW01000001.1	3p	+	51	51	78	69	55	253	2	14	0	2	1	0	0	0	0	0	0	0	0	0	0	0	0	0	0	0	0
NZ_UGQW01000001.1	3p	+	52	58	61	71	52	242	1	4	0	1	0	0	0	1	0	0	0	0	0	0	0	0	0	0	0	0	0
NZ_UGQW01000001.1	3p	+	53	50	56	71	53	230	1	4	0	1	0	0	0	0	0	0	0	2	0	1	0	0	0	0	0	0	0
NZ_UGQW01000001.1	3p	+	54	57	54	55	52	218	1	4	0	1	0	0	0	0	0	0	0	0	0	1	0	0	0	0	0	0	0
NZ_UGQW01000001.1	3p	+	55	46	61	45	52	204	0	2	0	2	0	0	0	0	0	0	0	0	0	0	0	0	0	0	0	0	0
NZ_UGQW01000001.1	3p	+	56	41	51	59	35	186	0	6	1	2	0	0	0	0	0	0	0	0	0	0	0	0	0	0	0	0	0
NZ_UGQW01000001.1	3p	+	57	31	52	52	48	183	0	5	1	1	0	0	0	0	0	0	0	0	0	0	0	0	0	0	0	0	0
NZ_UGQW01000001.1	3p	+	58	43	42	42	43	170	1	4	1	0	0	1	0	0	0	0	0	0	0	0	0	0	0	0	0	0	0
NZ_UGQW01000001.1	3p	+	59	39	44	42	34	159	0	5	0	1	0	0	0	0	0	0	0	0	0	0	0	0	0	0	0	0	0
NZ_UGQW01000001.1	3p	+	60	36	33	45	32	146	1	3	0	0	0	0	1	1	0	0	0	0	0	0	0	0	0	0	0	0	0
NZ_UGQW01000001.1	3p	+	61	27	36	42	34	139	0	3	0	0	0	0	0	0	0	0	0	1	0	0	0	0	0	0	0	0	0
NZ_UGQW01000001.1	3p	+	62	28	34	39	30	131	3	2	0	0	0	0	0	0	1	0	0	0	0	0	0	0	0	0	0	0	0
NZ_UGQW01000001.1	3p	+	63	32	34	27	34	127	0	3	0	0	0	0	0	0	0	0	0	0	0	0	0	0	0	0	0	0	0
NZ_UGQW01000001.1	3p	+	64	25	35	34	28	122	0	4	0	0	0	0	1	0	0	0	1	0	0	0	0	0	0	0	0	0	0
NZ_UGQW01000001.1	3p	+	65	23	23	34	37	117	2	4	0	0	0	0	0	0	0	0	0	0	0	0	0	0	0	0	0	0	0
NZ_UGQW01000001.1	3p	+	66	20	36	22	29	107	0	4	1	0	0	0	1	0	0	0	0	0	0	0	0	0	0	0	0	0	0
NZ_UGQW01000001.1	3p	+	67	21	27	30	23	101	1	4	0	0	0	0	0	0	0	0	0	0	0	0	0	0	0	0	0	0	0
NZ_UGQW01000001.1	3p	+	68	30	25	22	16	93	0	3	0	0	1	0	0	0	0	0	0	0	0	0	0	0	0	0	0	0	0
NZ_UGQW01000001.1	3p	+	69	17	34	23	16	90	0	2	0	2	0	0	0	0	0	0	0	0	0	0	0	0	0	0	0	0	0
NZ_UGQW01000001.1	3p	+	70	18	29	24	15	86	1	1	0	0	0	0	0	0	0	0	0	0	0	0	0	0	0	0	0	0	0
NZ_UGQW01000001.1	3p	-	1	165	240	160	129	694	4	69	6	1	0	0	0	0	0	1	2	0	0	0	0	0	0	0	0	0	0
NZ_UGQW01000001.1	3p	-	2	173	202	191	128	694	6	30	1	4	2	1	2	2	3	1	1	3	0	0	0	0	0	0	0	0	0
NZ_UGQW01000001.1	3p	-	3	155	194	185	160	694	2	27	3	5	1	2	0	0	1	0	0	0	0	0	0	0	0	0	0	0	0
NZ_UGQW01000001.1	3p	-	4	167	189	185	152	693	2	25	4	1	0	0	0	0	0	1	1	1	0	0	0	0	1	0	0	0	0
NZ_UGQW01000001.1	3p	-	5	179	186	180	149	694	1	24	3	0	0	1	2	1	0	0	2	2	0	0	0	0	0	0	0	0	0
NZ_UGQW01000001.1	3p	-	6	149	199	195	150	693	2	19	7	1	0	0	1	2	1	0	1	3	0	0	0	0	0	1	0	0	0
NZ_UGQW01000001.1	3p	-	7	150	212	167	165	694	4	13	4	1	0	1	2	3	2	0	0	0	0	0	0	0	0	0	0	0	0
NZ_UGQW01000001.1	3p	-	8	163	196	182	153	694	4	15	4	2	0	0	1	0	0	0	1	3	0	0	0	0	0	0	0	0	0
NZ_UGQW01000001.1	3p	-	9	171	185	169	169	694	4	22	8	6	2	1	1	0	0	0	0	0	0	0	0	0	0	0	0	0	0
NZ_UGQW01000001.1	3p	-	10	161	203	169	161	694	4	10	3	5	1	0	1	0	0	0	0	1	0	0	0	0	0	0	0	0	0
NZ_UGQW01000001.1	3p	-	11	159	199	184	152	694	5	13	7	6	1	0	0	0	1	1	2	2	0	0	0	0	0	0	0	0	0
NZ_UGQW01000001.1	3p	-	12	158	197	185	154	694	5	15	7	2	0	0	1	2	0	0	1	2	0	0	0	0	0	0	0	0	0
NZ_UGQW01000001.1	3p	-	13	159	207	164	164	694	3	7	7	2	2	0	1	0	0	0	1	0	0	0	0	0	0	0	0	0	0
NZ_UGQW01000001.1	3p	-	14	144	197	172	181	694	4	4	5	4	0	1	1	0	0	0	0	0	0	0	0	0	0	0	0	0	0
NZ_UGQW01000001.1	3p	-	15	150	186	217	141	694	5	8	5	2	0	0	1	0	1	0	2	0	0	0	0	0	0	0	0	0	0
NZ_UGQW01000001.1	3p	-	16	138	193	188	175	694	4	13	3	4	0	0	0	0	1	0	1	0	0	0	0	0	0	0	0	0	0
NZ_UGQW01000001.1	3p	-	17	173	198	178	145	694	4	7	2	1	1	1	0	1	1	0	0	0	0	0	0	0	0	0	0	0	0
NZ_UGQW01000001.1	3p	-	18	151	223	182	138	694	4	8	7	2	1	2	0	3	2	0	2	0	0	0	0	0	0	0	0	0	0
NZ_UGQW01000001.1	3p	-	19	150	201	193	150	694	3	7	7	4	0	0	1	4	1	1	1	1	0	0	0	0	0	0	0	0	0
NZ_UGQW01000001.1	3p	-	20	159	190	180	165	694	2	6	5	2	0	0	0	1	0	0	1	0	0	0	0	0	0	0	0	0	0
NZ_UGQW01000001.1	3p	-	21	149	198	188	159	694	2	6	1	5	0	1	2	0	0	1	1	1	0	0	0	0	0	0	0	0	0
NZ_UGQW01000001.1	3p	-	22	164	182	177	171	694	5	9	2	3	0	0	0	0	0	0	0	1	0	0	0	0	0	0	0	0	0
NZ_UGQW01000001.1	3p	-	23	150	200	174	170	694	3	5	4	2	0	0	1	2	0	0	2	0	0	0	0	0	0	0	0	0	0
NZ_UGQW01000001.1	3p	-	24	152	190	188	164	694	5	10	4	4	0	0	0	1	0	1	1	1	0	0	0	0	0	0	0	0	0
NZ_UGQW01000001.1	3p	-	25	156	208	172	158	694	2	13	3	2	0	0	2	0	0	0	3	0	0	0	0	0	0	0	0	0	0
NZ_UGQW01000001.1	3p	-	26	188	170	182	153	693	2	5	4	5	0	0	1	1	0	0	0	1	0	0	0	0	0	0	0	1	0
NZ_UGQW01000001.1	3p	-	27	154	206	177	157	694	1	18	7	5	3	1	1	2	2	0	0	1	0	0	0	0	0	0	0	0	0
NZ_UGQW01000001.1	3p	-	28	145	200	190	159	694	4	10	6	1	2	0	1	1	0	0	0	0	0	0	0	0	0	0	0	0	0
NZ_UGQW01000001.1	3p	-	29	157	200	183	153	693	2	15	4	4	2	0	1	0	1	1	0	0	0	0	0	0	0	0	1	0	0
NZ_UGQW01000001.1	3p	-	30	150	202	184	157	693	7	16	2	2	1	0	2	0	1	0	1	1	0	0	0	0	1	0	0	0	0
NZ_UGQW01000001.1	3p	-	31	148	196	174	139	657	3	12	4	2	1	0	2	2	0	0	0	2	0	0	0	0	0	0	0	0	0
NZ_UGQW01000001.1	3p	-	32	142	186	160	145	633	2	14	3	2	2	0	1	0	0	2	1	0	1	0	0	0	0	0	0	0	0
NZ_UGQW01000001.1	3p	-	33	147	184	159	107	597	1	18	5	3	0	0	1	0	0	0	0	0	0	0	0	0	0	0	0	0	0
NZ_UGQW01000001.1	3p	-	34	127	182	146	118	573	2	16	2	5	2	0	0	2	0	0	0	0	0	0	0	0	0	0	0	0	0
NZ_UGQW01000001.1	3p	-	35	149	125	149	116	539	2	7	7	1	0	0	1	0	3	0	1	1	0	0	0	0	0	0	0	0	0
NZ_UGQW01000001.1	3p	-	36	128	137	132	116	513	1	13	5	0	1	0	3	0	0	0	0	0	0	0	0	0	0	0	0	0	0
NZ_UGQW01000001.1	3p	-	37	119	156	111	104	490	0	16	0	3	0	0	0	1	0	0	0	0	0	0	0	0	0	0	0	0	0
NZ_UGQW01000001.1	3p	-	38	109	142	122	99	472	4	15	2	1	0	0	1	0	0	0	0	1	0	0	0	0	0	0	0	0	0
NZ_UGQW01000001.1	3p	-	39	105	127	133	88	453	2	12	4	2	0	0	0	0	0	1	0	0	0	0	0	0	0	0	0	0	0
NZ_UGQW01000001.1	3p	-	40	105	126	108	91	430	2	9	3	2	1	0	0	0	0	0	0	0	0	0	0	0	0	0	0	0	0
NZ_UGQW01000001.1	3p	-	41	89	125	104	87	405	1	10	1	2	0	1	0	0	0	1	0	1	0	0	0	0	0	0	0	0	0
NZ_UGQW01000001.1	3p	-	42	82	112	113	86	393	1	12	2	2	0	0	2	0	0	0	0	0	0	0	0	0	0	0	0	0	0
NZ_UGQW01000001.1	3p	-	43	83	97	92	102	374	3	8	1	3	0	0	0	0	0	0	0	0	0	0	0	0	0	0	0	0	0
NZ_UGQW01000001.1	3p	-	44	80	88	82	96	346	1	7	0	2	0	0	0	0	0	0	1	0	0	0	0	0	0	0	0	0	0
NZ_UGQW01000001.1	3p	-	45	72	114	82	64	332	0	10	1	1	0	0	1	0	1	0	0	0	0	0	0	0	0	0	0	0	0
NZ_UGQW01000001.1	3p	-	46	74	91	75	75	315	2	9	1	2	0	0	1	0	1	0	0	1	0	0	0	0	0	0	0	0	0
NZ_UGQW01000001.1	3p	-	47	79	83	72	63	297	2	6	3	1	0	0	0	0	0	0	1	0	0	0	0	0	0	0	0	0	0
NZ_UGQW01000001.1	3p	-	48	57	69	86	63	275	1	2	0	2	1	0	0	0	0	0	0	0	0	0	0	0	0	0	0	0	0
NZ_UGQW01000001.1	3p	-	49	66	62	55	70	253	0	5	0	0	0	0	2	0	0	0	1	0	0	0	0	0	0	0	0	0	0
NZ_UGQW01000001.1	3p	-	50	67	81	46	46	240	0	2	0	0	0	1	0	0	0	0	0	0	0	0	0	0	0	0	0	0	0
NZ_UGQW01000001.1	3p	-	51	50	68	56	48	222	0	5	0	0	1	0	0	1	0	0	0	0	0	0	0	0	0	0	0	0	0
NZ_UGQW01000001.1	3p	-	52	45	48	74	43	210	1	1	1	1	0	0	0	1	0	0	0	1	0	0	0	0	0	0	0	0	0
NZ_UGQW01000001.1	3p	-	53	69	48	39	45	201	1	4	1	0	0	0	0	0	0	1	0	0	0	0	0	0	0	0	0	0	0
NZ_UGQW01000001.1	3p	-	54	50	57	48	38	193	2	9	0	0	0	0	0	1	0	0	0	0	0	0	0	0	0	0	0	0	0
NZ_UGQW01000001.1	3p	-	55	37	54	50	39	180	0	3	0	0	0	0	0	0	0	1	0	0	0	0	0	0	1	0	0	0	0
NZ_UGQW01000001.1	3p	-	56	38	51	45	39	173	0	3	0	2	0	0	1	0	0	0	0	0	0	0	0	0	0	0	0	0	0
NZ_UGQW01000001.1	3p	-	57	42	59	31	34	166	1	4	2	0	0	1	0	0	0	0	0	0	0	0	0	0	0	0	0	0	0
NZ_UGQW01000001.1	3p	-	58	36	46	40	33	155	1	7	0	2	0	0	0	0	0	0	0	0	0	0	0	0	0	0	0	0	0
NZ_UGQW01000001.1	3p	-	59	33	48	31	31	143	2	4	1	1	1	0	0	0	0	0	0	1	0	0	0	0	0	0	0	0	0
NZ_UGQW01000001.1	3p	-	60	35	33	40	26	134	1	4	1	1	0	0	0	0	0	0	0	0	0	0	0	0	0	0	0	0	0
NZ_UGQW01000001.1	3p	-	61	29	45	26	30	130	0	1	1	1	0	0	0	1	0	0	0	1	0	0	0	0	0	0	0	0	0
NZ_UGQW01000001.1	3p	-	62	36	43	25	21	125	0	3	1	0	0	0	0	0	0	0	0	0	0	0	0	0	0	0	0	0	0
NZ_UGQW01000001.1	3p	-	63	34	39	22	23	118	1	2	2	1	0	1	1	0	0	0	0	0	0	0	0	0	0	0	0	0	0
NZ_UGQW01000001.1	3p	-	64	24	29	32	28	113	0	4	2	0	0	0	0	0	0	0	0	0	0	0	0	0	0	0	0	0	0
NZ_UGQW01000001.1	3p	-	65	17	34	29	22	102	0	7	0	0	0	0	0	0	0	0	0	0	0	0	0	0	0	0	0	0	0
NZ_UGQW01000001.1	3p	-	66	18	42	16	23	99	1	5	1	0	0	0	1	0	0	0	0	0	0	0	0	0	0	0	0	0	0
NZ_UGQW01000001.1	3p	-	67	28	26	18	19	91	1	2	1	1	0	0	0	0	0	0	0	0	0	0	0	0	0	0	0	0	0
NZ_UGQW01000001.1	3p	-	68	17	26	26	17	86	1	6	0	1	0	0	0	0	0	0	0	0	0	0	0	0	0	0	0	0	0
NZ_UGQW01000001.1	3p	-	69	17	25	20	17	79	0	4	1	0	0	0	0	0	0	0	0	1	0	0	0	0	0	0	0	0	0
NZ_UGQW01000001.1	3p	-	70	23	23	17	13	76	1	0	0	1	0	0	2	0	0	0	0	0	0	0	0	0	0	0	0	0	0
NZ_UGQW01000001.1	5p	+	1	153	247	148	200	748	2	68	3	1	0	1	2	1	1	0	0	2	0	0	0	0	0	0	0	0	0
NZ_UGQW01000001.1	5p	+	2	185	209	189	165	748	4	38	1	3	0	0	1	1	1	1	1	1	0	0	0	0	0	0	0	0	0
NZ_UGQW01000001.1	5p	+	3	182	185	247	134	748	3	17	4	2	1	0	0	0	0	0	0	1	0	0	0	0	0	0	0	0	0
NZ_UGQW01000001.1	5p	+	4	181	204	197	166	748	4	23	4	4	0	0	0	0	2	0	3	2	0	0	0	0	0	0	0	0	0
NZ_UGQW01000001.1	5p	+	5	162	202	227	157	748	1	20	5	6	0	0	0	2	0	0	0	1	0	0	0	0	0	0	0	0	0
NZ_UGQW01000001.1	5p	+	6	153	184	221	190	748	8	20	3	5	1	0	0	1	3	1	0	1	0	0	0	0	0	0	0	0	0
NZ_UGQW01000001.1	5p	+	7	148	216	209	175	748	3	11	4	3	3	1	0	1	1	1	1	0	0	0	1	0	0	0	0	0	0
NZ_UGQW01000001.1	5p	+	8	157	201	227	163	748	1	13	1	7	0	0	0	4	0	0	0	0	1	0	0	0	0	0	0	0	0
NZ_UGQW01000001.1	5p	+	9	174	202	195	177	748	3	15	4	4	1	1	0	1	0	0	0	1	0	0	0	0	0	0	0	0	0
NZ_UGQW01000001.1	5p	+	10	161	180	219	188	748	5	11	3	1	0	0	1	0	0	0	2	1	0	1	0	0	0	0	0	0	0
NZ_UGQW01000001.1	5p	+	11	150	195	226	177	748	5	18	1	4	1	0	2	0	0	0	0	1	0	1	0	0	0	0	0	0	0
NZ_UGQW01000001.1	5p	+	12	154	207	213	174	748	4	17	4	4	2	0	2	0	0	1	0	2	0	0	0	0	0	0	0	0	0
NZ_UGQW01000001.1	5p	+	13	164	192	213	179	748	0	11	6	4	1	1	0	1	1	1	2	0	0	0	0	0	0	0	0	0	0
NZ_UGQW01000001.1	5p	+	14	149	215	235	149	748	6	16	5	5	1	1	0	0	1	0	1	1	0	0	0	0	0	0	0	0	0
NZ_UGQW01000001.1	5p	+	15	166	211	215	156	748	6	9	2	0	1	0	1	0	1	0	0	1	0	0	0	0	0	0	0	0	0
NZ_UGQW01000001.1	5p	+	16	171	223	192	162	748	3	9	1	4	0	0	1	0	0	1	1	0	0	0	0	0	0	0	0	0	0
NZ_UGQW01000001.1	5p	+	17	161	188	248	151	748	4	9	4	3	0	0	0	0	1	0	1	2	0	0	0	0	0	0	0	0	0
NZ_UGQW01000001.1	5p	+	18	158	206	201	183	748	2	16	2	3	0	0	1	0	1	1	1	0	0	0	0	0	0	0	0	0	0
NZ_UGQW01000001.1	5p	+	19	194	196	191	167	748	2	7	1	5	1	0	0	1	2	0	1	0	0	0	0	0	0	0	0	0	0
NZ_UGQW01000001.1	5p	+	20	154	199	228	167	748	2	8	0	4	0	0	1	0	1	0	1	0	0	0	0	0	0	0	0	0	0
NZ_UGQW01000001.1	5p	+	21	181	190	217	160	748	2	8	6	5	1	1	0	0	0	0	0	0	0	0	0	0	0	0	0	0	0
NZ_UGQW01000001.1	5p	+	22	174	208	195	171	748	0	15	0	4	0	1	0	0	0	0	0	1	0	0	0	0	0	0	0	0	0
NZ_UGQW01000001.1	5p	+	23	178	187	222	161	748	1	12	4	2	1	1	2	1	1	0	1	1	0	0	0	0	0	0	0	0	0
NZ_UGQW01000001.1	5p	+	24	176	185	216	171	748	2	12	2	8	1	0	1	1	0	0	1	0	0	0	0	0	0	0	0	0	0
NZ_UGQW01000001.1	5p	+	25	184	198	192	174	748	3	10	4	5	0	0	1	1	1	0	1	0	0	0	0	0	0	0	0	0	0
NZ_UGQW01000001.1	5p	+	26	147	199	232	170	748	3	18	5	4	0	0	2	1	2	0	1	3	0	0	0	0	0	0	0	0	0
NZ_UGQW01000001.1	5p	+	27	172	177	224	175	748	1	6	2	5	0	0	1	1	0	0	0	1	0	0	0	0	0	0	0	0	0
NZ_UGQW01000001.1	5p	+	28	163	190	217	178	748	3	13	1	6	1	0	0	2	2	1	1	0	0	0	0	0	0	0	0	0	0
NZ_UGQW01000001.1	5p	+	29	152	208	245	143	748	8	14	1	1	1	3	0	0	0	0	2	0	0	0	0	0	0	0	0	0	0
NZ_UGQW01000001.1	5p	+	30	179	205	208	156	748	6	17	1	5	0	1	1	2	1	0	0	0	0	0	0	0	0	0	0	0	0
NZ_UGQW01000001.1	5p	+	31	154	188	195	181	718	4	20	0	6	1	0	0	0	0	0	0	1	0	0	0	0	0	0	0	0	0
NZ_UGQW01000001.1	5p	+	32	154	182	199	151	686	4	11	5	7	0	0	0	2	2	1	1	1	0	0	0	0	0	0	0	0	0
NZ_UGQW01000001.1	5p	+	33	134	161	209	146	650	3	12	2	2	1	0	0	0	1	0	1	0	0	0	0	0	0	0	0	0	0
NZ_UGQW01000001.1	5p	+	34	148	179	162	131	620	1	16	2	3	0	0	0	0	0	0	0	0	0	0	0	0	0	0	0	0	0
NZ_UGQW01000001.1	5p	+	35	136	138	165	154	593	6	12	1	5	1	1	1	0	1	1	1	0	0	0	0	0	0	0	0	0	0
NZ_UGQW01000001.1	5p	+	36	132	150	150	132	564	0	19	2	6	0	0	0	0	1	0	1	1	0	0	0	0	0	0	0	0	0
NZ_UGQW01000001.1	5p	+	37	127	140	139	127	533	3	21	4	3	0	0	0	3	1	0	1	2	0	0	0	0	0	0	0	0	0
NZ_UGQW01000001.1	5p	+	38	96	151	157	104	508	4	18	5	4	0	0	2	0	0	0	0	0	0	0	0	0	0	0	0	0	0
NZ_UGQW01000001.1	5p	+	39	129	137	115	101	482	2	15	1	2	0	0	0	1	0	1	0	0	0	0	0	0	0	0	0	0	0
NZ_UGQW01000001.1	5p	+	40	108	109	133	109	459	5	16	3	0	0	0	0	0	2	0	1	2	0	0	0	0	0	0	0	0	0
NZ_UGQW01000001.1	5p	+	41	92	130	123	98	443	1	13	1	1	1	0	0	0	0	0	0	1	0	0	0	0	0	0	0	0	0
NZ_UGQW01000001.1	5p	+	42	86	127	112	92	417	1	14	2	1	0	0	0	1	0	0	1	1	0	1	0	0	0	0	0	0	0
NZ_UGQW01000001.1	5p	+	43	80	92	117	104	393	2	4	0	2	0	0	0	1	0	0	0	0	0	0	0	0	0	0	0	0	0
NZ_UGQW01000001.1	5p	+	44	88	96	108	78	370	2	7	3	2	0	1	0	0	0	0	1	1	0	0	0	0	0	0	0	0	0
NZ_UGQW01000001.1	5p	+	45	81	93	84	87	345	2	8	5	5	0	0	0	1	2	0	0	0	0	0	0	0	0	0	0	0	0
NZ_UGQW01000001.1	5p	+	46	80	82	84	81	327	4	8	0	1	0	1	1	0	0	0	0	0	0	0	0	0	0	0	0	0	0
NZ_UGQW01000001.1	5p	+	47	74	82	86	73	315	1	8	0	2	1	0	0	2	1	0	0	0	0	0	0	0	0	0	0	0	0
NZ_UGQW01000001.1	5p	+	48	76	66	90	66	298	3	5	0	2	0	0	0	0	0	0	0	1	0	0	0	0	0	0	0	0	0
NZ_UGQW01000001.1	5p	+	49	69	71	68	78	286	1	10	3	3	0	0	1	0	0	1	0	0	0	0	0	0	0	0	0	0	0
NZ_UGQW01000001.1	5p	+	50	55	78	75	59	267	2	7	3	0	0	0	0	0	0	0	0	1	0	0	0	0	0	0	0	0	0
NZ_UGQW01000001.1	5p	+	51	62	61	82	48	253	1	5	0	3	0	0	1	0	0	0	1	0	0	0	0	0	0	0	0	0	0
NZ_UGQW01000001.1	5p	+	52	64	64	55	59	242	1	4	2	3	0	0	0	0	0	0	1	0	0	0	0	0	0	0	0	0	0
NZ_UGQW01000001.1	5p	+	53	63	61	60	46	230	0	6	1	0	0	0	0	0	0	0	0	0	0	0	0	0	0	0	0	0	0
NZ_UGQW01000001.1	5p	+	54	63	59	60	36	218	1	3	0	2	1	0	1	0	0	0	0	0	0	0	0	0	0	0	0	0	0
NZ_UGQW01000001.1	5p	+	55	48	47	45	64	204	0	7	2	2	0	0	0	1	0	0	0	0	0	0	0	0	0	0	0	0	0
NZ_UGQW01000001.1	5p	+	56	41	56	59	30	186	0	6	0	0	0	0	0	0	0	0	0	0	0	0	0	0	0	0	0	0	0
NZ_UGQW01000001.1	5p	+	57	52	43	54	34	183	0	2	1	1	0	0	0	0	0	0	1	1	0	0	0	0	0	0	0	0	0
NZ_UGQW01000001.1	5p	+	58	46	42	37	45	170	0	8	0	2	0	0	0	0	1	0	0	1	0	0	0	0	0	0	0	0	0
NZ_UGQW01000001.1	5p	+	59	31	44	50	34	159	2	4	1	1	0	0	0	0	0	0	0	0	0	0	0	0	0	0	0	0	0
NZ_UGQW01000001.1	5p	+	60	41	33	50	22	146	1	1	0	0	0	0	0	0	0	0	0	0	0	0	0	0	0	0	0	0	0
NZ_UGQW01000001.1	5p	+	61	42	40	33	24	139	2	3	1	3	0	0	1	0	0	0	0	0	0	0	0	0	0	0	0	0	0
NZ_UGQW01000001.1	5p	+	62	26	51	31	23	131	0	3	0	1	0	0	1	0	0	0	0	0	0	0	0	0	0	0	0	0	0
NZ_UGQW01000001.1	5p	+	63	23	33	44	27	127	0	3	0	1	1	0	0	0	0	0	0	0	0	0	0	0	0	0	0	0	0
NZ_UGQW01000001.1	5p	+	64	30	29	30	33	122	1	3	0	1	0	0	0	0	0	0	0	1	0	0	0	0	0	0	0	0	0
NZ_UGQW01000001.1	5p	+	65	26	28	30	33	117	2	5	1	3	0	0	0	0	0	0	0	0	0	0	0	0	0	0	0	0	0
NZ_UGQW01000001.1	5p	+	66	28	18	30	31	107	0	2	1	1	0	0	0	1	0	0	0	0	0	0	0	0	0	0	0	0	0
NZ_UGQW01000001.1	5p	+	67	32	24	24	21	101	1	3	1	0	0	0	0	0	0	0	0	0	0	0	0	0	0	0	0	0	0
NZ_UGQW01000001.1	5p	+	68	24	22	28	19	93	2	3	2	0	0	0	0	0	0	0	0	0	0	0	0	0	0	0	0	0	0
NZ_UGQW01000001.1	5p	+	69	22	17	33	18	90	0	2	0	0	0	0	0	0	0	0	1	0	0	0	0	0	0	0	0	0	0
NZ_UGQW01000001.1	5p	+	70	28	24	16	18	86	0	2	0	0	0	0	0	0	0	0	0	0	0	0	0	0	0	0	0	0	0
NZ_UGQW01000001.1	5p	-	1	153	218	133	190	694	3	69	4	2	0	0	1	1	1	1	0	1	0	0	0	0	0	0	0	0	0
NZ_UGQW01000001.1	5p	-	2	193	201	158	142	694	2	39	2	3	2	0	3	1	0	1	2	0	0	0	0	0	0	0	0	0	0
NZ_UGQW01000001.1	5p	-	3	182	183	203	126	694	2	19	4	2	1	0	3	0	1	0	0	2	0	0	0	0	0	0	0	0	0
NZ_UGQW01000001.1	5p	-	4	195	205	151	143	694	4	21	4	4	1	1	2	0	1	0	0	0	0	0	0	0	0	0	0	0	0
NZ_UGQW01000001.1	5p	-	5	162	211	188	133	694	5	24	9	2	2	2	2	1	0	0	2	0	0	0	0	0	0	0	0	0	0
NZ_UGQW01000001.1	5p	-	6	149	197	188	159	693	4	20	5	1	0	0	0	0	0	0	0	0	0	0	0	0	1	0	0	0	0
NZ_UGQW01000001.1	5p	-	7	146	215	187	145	693	0	17	2	2	0	0	0	0	0	0	0	3	0	0	0	0	0	0	1	0	0
NZ_UGQW01000001.1	5p	-	8	157	193	194	150	694	1	18	4	7	0	0	0	1	0	0	3	2	0	0	0	0	0	0	0	0	0
NZ_UGQW01000001.1	5p	-	9	166	177	180	171	694	0	12	2	4	1	1	1	1	1	0	0	1	0	0	0	0	0	0	0	0	0
NZ_UGQW01000001.1	5p	-	10	153	215	167	158	693	2	10	6	5	2	0	2	0	0	1	0	1	0	0	0	0	1	0	0	0	0
NZ_UGQW01000001.1	5p	-	11	164	206	168	156	694	4	9	5	2	0	0	1	0	1	0	0	1	0	0	0	0	0	0	0	0	0
NZ_UGQW01000001.1	5p	-	12	171	196	191	136	694	2	8	5	2	0	0	0	2	1	0	0	1	0	0	0	0	0	0	0	0	0
NZ_UGQW01000001.1	5p	-	13	143	215	172	164	694	4	6	3	3	1	0	0	1	1	0	0	1	0	0	0	0	0	0	0	0	0
NZ_UGQW01000001.1	5p	-	14	146	224	186	138	694	5	12	2	1	0	0	2	2	0	1	2	1	1	0	0	0	0	0	0	0	0
NZ_UGQW01000001.1	5p	-	15	161	188	202	143	694	3	8	5	2	1	0	0	1	0	0	0	0	0	0	0	0	0	0	0	0	0
NZ_UGQW01000001.1	5p	-	16	149	210	184	151	694	3	13	1	3	0	0	2	0	0	0	0	0	0	0	0	0	0	0	0	0	0
NZ_UGQW01000001.1	5p	-	17	154	211	175	154	694	3	7	5	7	0	1	1	0	1	1	0	1	0	0	0	0	0	0	0	0	0
NZ_UGQW01000001.1	5p	-	18	167	185	188	154	694	5	5	4	2	1	1	2	1	0	0	0	0	0	0	0	0	0	0	0	0	0
NZ_UGQW01000001.1	5p	-	19	162	198	182	152	694	4	4	4	3	0	0	2	1	0	0	1	0	0	0	0	0	0	0	0	0	0
NZ_UGQW01000001.1	5p	-	20	153	202	186	152	693	3	7	4	8	0	0	1	0	0	1	2	0	0	0	0	0	0	0	0	1	0
NZ_UGQW01000001.1	5p	-	21	145	180	177	192	694	5	6	7	6	2	0	1	0	0	1	2	0	0	0	0	0	0	0	0	0	0
NZ_UGQW01000001.1	5p	-	22	155	196	179	164	694	4	8	1	2	0	0	0	2	0	1	0	1	0	0	0	0	0	0	0	0	0
NZ_UGQW01000001.1	5p	-	23	154	194	188	158	694	6	7	4	4	0	0	3	0	0	1	0	0	0	0	0	0	0	0	0	0	0
NZ_UGQW01000001.1	5p	-	24	168	188	189	149	694	1	7	7	6	1	0	0	0	1	0	0	1	0	0	0	0	0	0	0	0	0
NZ_UGQW01000001.1	5p	-	25	176	205	167	146	694	6	6	7	3	1	0	1	1	0	0	2	1	0	0	0	0	0	0	0	0	0
NZ_UGQW01000001.1	5p	-	26	153	211	197	133	694	2	10	4	4	0	0	1	0	1	0	2	0	0	0	0	0	0	0	0	0	0
NZ_UGQW01000001.1	5p	-	27	154	195	188	156	693	2	14	4	1	1	0	0	0	2	0	2	1	0	0	0	0	1	0	0	0	0
NZ_UGQW01000001.1	5p	-	28	155	211	173	155	694	2	10	2	3	1	0	2	2	0	0	0	0	0	0	0	0	0	0	0	0	0
NZ_UGQW01000001.1	5p	-	29	152	193	189	160	694	5	9	7	2	2	0	1	0	1	0	1	2	0	0	0	0	0	0	0	0	0
NZ_UGQW01000001.1	5p	-	30	155	205	189	145	694	2	13	4	2	2	0	0	0	0	1	0	0	0	0	0	0	0	0	0	0	0
NZ_UGQW01000001.1	5p	-	31	145	190	157	165	657	6	9	9	3	0	0	1	0	1	0	0	2	0	0	0	0	0	0	0	0	0
NZ_UGQW01000001.1	5p	-	32	144	189	158	142	633	2	15	2	1	0	1	0	1	0	0	0	0	0	0	0	0	0	0	0	0	0
NZ_UGQW01000001.1	5p	-	33	143	155	168	131	597	2	16	6	1	1	0	0	2	0	2	2	1	0	0	0	0	0	0	0	0	0
NZ_UGQW01000001.1	5p	-	34	133	175	142	123	573	4	14	4	2	0	0	1	0	2	0	0	1	0	0	0	0	0	0	0	0	0
NZ_UGQW01000001.1	5p	-	35	118	170	144	106	538	4	20	5	1	1	1	0	1	0	0	0	2	0	0	0	0	0	1	0	0	0
NZ_UGQW01000001.1	5p	-	36	111	161	135	106	513	3	10	2	1	0	0	1	0	0	0	1	0	0	0	0	0	0	0	0	0	0
NZ_UGQW01000001.1	5p	-	37	115	136	130	109	490	2	6	1	1	1	0	0	2	1	1	1	1	0	0	0	0	0	0	0	0	0
NZ_UGQW01000001.1	5p	-	38	102	136	136	98	472	7	15	3	2	1	1	1	0	0	0	0	0	0	0	0	0	0	0	0	0	0
NZ_UGQW01000001.1	5p	-	39	101	131	125	96	453	2	13	4	3	1	1	2	0	0	0	1	1	0	0	0	0	0	0	0	0	0
NZ_UGQW01000001.1	5p	-	40	105	133	93	99	430	2	11	1	0	0	1	0	0	0	0	0	0	0	0	0	0	0	0	0	0	0
NZ_UGQW01000001.1	5p	-	41	108	128	89	80	405	0	13	5	0	2	0	3	0	0	0	0	0	0	0	0	0	0	0	0	0	0
NZ_UGQW01000001.1	5p	-	42	98	105	86	104	393	1	9	2	1	0	0	1	1	0	0	0	0	0	0	0	0	0	0	0	0	0
NZ_UGQW01000001.1	5p	-	43	82	93	97	102	374	1	11	0	2	0	0	0	0	0	0	1	0	0	0	0	0	0	0	0	0	0
NZ_UGQW01000001.1	5p	-	44	81	100	95	70	346	3	12	1	0	1	0	0	3	0	0	0	0	0	0	0	0	0	0	0	0	0
NZ_UGQW01000001.1	5p	-	45	97	83	84	68	332	2	6	0	2	0	0	0	1	1	0	1	1	0	0	0	0	0	0	0	0	0
NZ_UGQW01000001.1	5p	-	46	65	104	66	80	315	2	12	1	1	0	1	1	1	0	0	0	1	0	0	0	0	0	0	0	0	0
NZ_UGQW01000001.1	5p	-	47	74	78	72	73	297	1	11	3	3	0	0	0	0	0	0	0	1	0	0	0	0	0	0	0	0	0
NZ_UGQW01000001.1	5p	-	48	69	75	69	62	275	0	8	1	1	0	0	0	0	1	0	1	0	0	0	0	0	0	0	0	0	0
NZ_UGQW01000001.1	5p	-	49	61	66	58	68	253	0	8	0	3	0	0	0	0	1	0	1	0	0	0	0	0	0	0	0	0	0
NZ_UGQW01000001.1	5p	-	50	53	64	69	54	240	1	6	0	2	0	0	0	0	0	0	0	0	0	0	0	0	0	0	0	0	0
NZ_UGQW01000001.1	5p	-	51	52	67	51	52	222	1	8	1	0	0	0	0	0	1	0	1	0	0	0	0	0	0	0	0	0	0
NZ_UGQW01000001.1	5p	-	52	38	67	57	48	210	1	10	2	0	0	1	0	1	0	0	0	0	0	0	0	0	0	0	0	0	0
NZ_UGQW01000001.1	5p	-	53	36	53	65	47	201	4	2	2	0	0	0	0	0	1	0	0	0	0	0	0	0	0	0	0	0	0
NZ_UGQW01000001.1	5p	-	54	52	43	67	31	193	1	6	0	0	0	0	0	0	0	0	0	0	0	0	0	0	0	0	0	0	0
NZ_UGQW01000001.1	5p	-	55	43	58	48	32	181	1	4	0	0	0	0	0	1	0	0	0	0	0	0	0	0	0	0	0	0	0
NZ_UGQW01000001.1	5p	-	56	34	44	47	48	173	0	5	1	1	0	0	0	0	0	0	0	0	0	0	0	0	0	0	0	0	0
NZ_UGQW01000001.1	5p	-	57	36	50	34	46	166	0	8	1	2	0	0	0	0	0	0	0	0	0	0	0	0	0	0	0	0	0
NZ_UGQW01000001.1	5p	-	58	44	40	42	29	155	0	3	0	0	0	1	0	0	0	0	0	1	0	0	0	0	0	0	0	0	0
NZ_UGQW01000001.1	5p	-	59	34	42	44	23	143	0	7	1	1	0	0	0	0	1	0	0	0	0	0	0	0	0	0	0	0	0
NZ_UGQW01000001.1	5p	-	60	32	38	35	29	134	0	2	1	0	0	0	0	1	0	0	1	0	0	0	0	0	0	0	0	0	0
NZ_UGQW01000001.1	5p	-	61	31	32	31	36	130	2	5	1	0	0	0	0	0	0	0	0	1	0	0	0	0	0	0	0	0	0
NZ_UGQW01000001.1	5p	-	62	28	42	33	22	125	0	6	0	1	1	0	0	0	0	0	0	0	0	0	0	0	0	0	0	0	0
NZ_UGQW01000001.1	5p	-	63	30	28	28	32	118	0	2	2	1	0	0	0	0	0	0	0	0	0	0	0	0	0	0	0	0	0
NZ_UGQW01000001.1	5p	-	64	23	32	26	32	113	0	6	0	0	0	0	0	0	0	0	0	0	0	0	0	0	0	0	0	0	0
NZ_UGQW01000001.1	5p	-	65	19	22	28	33	102	1	2	3	1	0	0	0	0	0	0	1	0	0	0	0	0	0	0	0	0	0
NZ_UGQW01000001.1	5p	-	66	15	24	33	27	99	1	3	1	1	0	0	0	0	0	0	0	0	0	0	0	0	0	0	0	0	0
NZ_UGQW01000001.1	5p	-	67	20	30	23	18	91	1	5	0	0	0	0	0	0	0	1	0	0	0	0	0	0	0	0	0	0	0
NZ_UGQW01000001.1	5p	-	68	14	32	23	17	86	0	3	1	0	0	0	0	0	0	0	0	0	0	0	0	0	0	0	0	0	0
NZ_UGQW01000001.1	5p	-	69	17	19	24	19	79	0	0	1	0	0	0	0	0	0	0	0	0	0	0	0	0	0	0	0	0	0
NZ_UGQW01000001.1	5p	-	70	16	20	18	22	76	0	1	0	0	0	0	0	0	0	0	0	0	0	0	0	0	0	0	0	0	0
NZ_UGQW01000002.1	3p	+	1	1798	2226	1704	1463	7191	46	471	36	39	8	10	12	11	11	5	6	8	0	0	0	0	0	0	0	0	0
NZ_UGQW01000002.1	3p	+	2	1948	1973	1969	1301	7191	37	320	52	16	6	6	7	15	9	6	12	7	0	0	0	0	0	0	0	0	0
NZ_UGQW01000002.1	3p	+	3	1679	1914	1993	1605	7191	41	302	49	40	3	6	12	5	8	6	7	20	0	0	0	0	0	0	0	0	0
NZ_UGQW01000002.1	3p	+	4	1786	1979	1897	1528	7190	40	277	40	35	11	4	9	7	9	7	7	14	0	0	0	0	0	1	0	0	0
NZ_UGQW01000002.1	3p	+	5	1808	1905	1860	1618	7191	36	238	34	35	5	3	6	12	2	4	11	8	0	0	0	0	0	0	0	0	0
NZ_UGQW01000002.1	3p	+	6	1724	1915	1897	1654	7190	26	213	34	29	6	6	7	6	5	2	5	8	0	0	0	0	1	0	0	0	0
NZ_UGQW01000002.1	3p	+	7	1655	1924	1882	1730	7191	39	200	41	34	4	5	4	8	6	6	9	4	0	0	0	0	0	0	0	0	0
NZ_UGQW01000002.1	3p	+	8	1627	1897	1931	1735	7190	47	154	35	36	12	4	10	11	5	3	6	7	0	1	1	0	0	0	0	1	0
NZ_UGQW01000002.1	3p	+	9	1644	1896	1971	1679	7190	40	147	39	30	3	2	6	14	11	1	3	11	1	0	0	1	0	0	0	1	0
NZ_UGQW01000002.1	3p	+	10	1691	2027	1842	1631	7191	41	142	34	19	8	4	5	6	6	3	6	8	0	1	1	0	0	0	0	0	0
NZ_UGQW01000002.1	3p	+	11	1650	1946	1844	1750	7190	34	135	39	39	2	4	4	10	8	3	6	9	0	1	1	0	0	1	0	0	0
NZ_UGQW01000002.1	3p	+	12	1640	1922	2001	1628	7191	43	117	31	33	6	2	9	1	3	5	11	12	0	1	0	2	0	0	0	0	0
NZ_UGQW01000002.1	3p	+	13	1655	2056	1883	1597	7191	34	107	43	31	4	2	11	5	10	2	11	9	1	0	0	2	0	0	0	0	0
NZ_UGQW01000002.1	3p	+	14	1704	1989	1844	1654	7191	35	117	28	29	5	0	7	6	7	2	16	10	0	0	2	0	0	0	0	0	0
NZ_UGQW01000002.1	3p	+	15	1642	1926	2040	1580	7188	36	105	41	33	4	3	10	5	6	5	12	6	1	0	0	1	0	1	2	0	0
NZ_UGQW01000002.1	3p	+	16	1579	2059	1925	1626	7189	31	107	26	40	5	8	6	6	4	3	9	12	0	0	0	0	1	1	0	0	0
NZ_UGQW01000002.1	3p	+	17	1605	1993	1958	1634	7190	37	105	34	38	3	3	5	8	8	5	13	6	1	0	1	1	0	1	0	0	0
NZ_UGQW01000002.1	3p	+	18	1573	1949	1971	1695	7188	24	83	36	40	6	5	10	3	6	3	7	8	1	0	1	1	0	1	1	1	0
NZ_UGQW01000002.1	3p	+	19	1558	2014	1914	1703	7189	32	90	29	32	6	1	8	6	8	2	9	10	0	3	2	1	0	2	0	0	0
NZ_UGQW01000002.1	3p	+	20	1678	1898	1940	1675	7191	34	95	30	28	7	3	7	7	6	0	12	3	0	1	0	0	0	0	0	0	0
NZ_UGQW01000002.1	3p	+	21	1607	1965	1922	1696	7190	35	94	47	34	5	7	11	8	9	3	16	8	0	2	1	0	1	0	0	0	0
NZ_UGQW01000002.1	3p	+	22	1615	1998	1913	1664	7190	38	110	26	35	4	2	11	6	7	2	9	9	0	1	0	2	1	0	0	0	0
NZ_UGQW01000002.1	3p	+	23	1667	1941	1904	1678	7190	42	102	39	30	6	1	8	5	7	3	2	3	0	2	0	0	0	1	0	0	0
NZ_UGQW01000002.1	3p	+	24	1603	1914	1974	1698	7189	34	112	38	44	3	4	13	10	6	9	7	9	1	0	0	1	2	0	0	0	0
NZ_UGQW01000002.1	3p	+	25	1623	2002	1924	1639	7188	35	111	47	36	3	1	11	9	5	3	7	4	0	1	1	0	1	1	0	1	0
NZ_UGQW01000002.1	3p	+	26	1677	1963	1856	1694	7190	32	114	35	34	7	5	6	11	7	3	12	12	1	0	3	2	0	0	0	1	0
NZ_UGQW01000002.1	3p	+	27	1641	2027	1949	1572	7189	34	131	27	36	2	4	8	13	14	2	12	4	0	0	2	0	0	1	1	0	0
NZ_UGQW01000002.1	3p	+	28	1664	2052	1891	1582	7189	38	131	41	35	7	3	10	5	9	6	7	9	0	0	0	0	0	2	0	0	0
NZ_UGQW01000002.1	3p	+	29	1711	1941	1864	1674	7190	36	133	30	25	5	2	7	3	9	5	5	8	1	1	0	2	0	0	0	1	0
NZ_UGQW01000002.1	3p	+	30	1651	1966	1946	1625	7188	41	165	47	41	11	2	4	11	8	3	6	15	1	1	0	0	1	2	0	0	0
NZ_UGQW01000002.1	3p	+	31	1569	1908	1853	1568	6898	33	169	39	34	6	4	7	8	3	3	6	11	1	1	0	2	2	0	0	1	0
NZ_UGQW01000002.1	3p	+	32	1552	1792	1754	1516	6614	39	141	38	34	6	2	4	4	6	5	6	4	3	0	0	0	0	1	0	2	0
NZ_UGQW01000002.1	3p	+	33	1518	1723	1617	1448	6306	33	154	24	31	8	2	8	11	3	4	6	11	1	1	0	0	0	0	1	1	0
NZ_UGQW01000002.1	3p	+	34	1448	1663	1560	1377	6048	32	142	26	33	5	5	2	9	4	4	2	4	1	0	0	0	1	2	0	1	0
NZ_UGQW01000002.1	3p	+	35	1290	1633	1547	1288	5758	28	120	32	29	6	5	5	4	4	0	8	8	0	0	2	1	0	0	0	0	0
NZ_UGQW01000002.1	3p	+	36	1271	1469	1537	1221	5498	33	115	35	26	6	3	6	1	5	1	4	5	0	0	0	0	0	1	0	0	0
NZ_UGQW01000002.1	3p	+	37	1242	1481	1380	1154	5257	20	120	34	30	4	3	1	4	2	0	5	8	0	1	0	0	0	1	0	0	0
NZ_UGQW01000002.1	3p	+	38	1197	1360	1297	1149	5003	24	118	32	12	4	1	2	5	2	1	4	7	0	0	0	1	0	1	0	0	0
NZ_UGQW01000002.1	3p	+	39	1168	1262	1263	1079	4772	29	101	25	22	1	1	3	4	5	1	3	4	0	1	1	1	1	1	1	0	0
NZ_UGQW01000002.1	3p	+	40	1062	1266	1142	1089	4559	22	138	18	23	6	2	3	6	3	3	3	10	0	0	0	0	1	1	1	0	0
NZ_UGQW01000002.1	3p	+	41	1004	1146	1152	1026	4328	24	114	19	17	1	1	4	7	4	1	2	6	0	0	0	0	0	0	1	0	0
NZ_UGQW01000002.1	3p	+	42	1013	1065	1128	905	4111	19	98	31	10	3	3	0	8	2	1	7	5	0	1	0	0	1	0	0	0	0
NZ_UGQW01000002.1	3p	+	43	910	1078	984	899	3871	20	116	22	13	1	2	1	10	0	0	2	3	0	0	0	0	0	0	0	0	0
NZ_UGQW01000002.1	3p	+	44	891	985	933	837	3646	11	95	13	15	3	3	5	6	4	3	4	1	0	0	0	0	0	1	0	0	0
NZ_UGQW01000002.1	3p	+	45	839	946	879	763	3427	8	94	11	18	1	0	6	2	3	1	1	1	0	0	0	1	0	0	0	0	0
NZ_UGQW01000002.1	3p	+	46	778	913	794	735	3220	23	88	10	15	3	4	0	4	1	4	3	4	0	0	1	0	0	0	0	0	0
NZ_UGQW01000002.1	3p	+	47	735	828	780	692	3035	15	87	16	13	2	2	0	2	2	3	3	2	0	1	0	0	0	0	0	0	0
NZ_UGQW01000002.1	3p	+	48	677	764	750	646	2837	10	73	18	16	1	0	0	2	5	1	2	5	0	0	0	0	0	1	1	0	0
NZ_UGQW01000002.1	3p	+	49	668	689	702	623	2682	16	64	13	12	2	3	1	1	2	1	3	1	0	0	0	0	0	0	0	0	0
NZ_UGQW01000002.1	3p	+	50	648	710	633	548	2539	7	69	13	6	4	1	2	3	5	1	1	1	0	0	0	0	1	0	0	0	0
NZ_UGQW01000002.1	3p	+	51	568	648	639	543	2398	6	71	13	10	0	1	3	4	1	1	3	1	0	0	0	1	0	0	0	0	0
NZ_UGQW01000002.1	3p	+	52	520	622	607	522	2271	13	63	8	7	0	1	1	0	3	0	0	2	0	0	0	0	0	0	0	0	0
NZ_UGQW01000002.1	3p	+	53	527	566	564	482	2139	8	60	12	5	0	0	2	1	1	1	2	1	0	0	0	0	1	0	0	0	0
NZ_UGQW01000002.1	3p	+	54	489	540	545	449	2023	14	49	19	9	2	1	1	1	1	0	3	3	1	0	0	0	0	1	0	0	0
NZ_UGQW01000002.1	3p	+	55	471	549	516	387	1923	12	64	6	11	2	1	2	4	1	1	1	3	0	0	0	0	0	0	1	0	0
NZ_UGQW01000002.1	3p	+	56	474	491	431	428	1824	9	47	6	6	2	3	3	0	2	0	1	1	0	0	0	0	1	0	0	1	0
NZ_UGQW01000002.1	3p	+	57	429	450	428	416	1723	11	26	9	9	2	1	3	2	2	1	1	3	0	0	0	0	1	0	0	0	0
NZ_UGQW01000002.1	3p	+	58	355	483	433	357	1628	15	44	4	5	0	2	1	3	2	0	0	0	0	0	0	0	0	0	0	0	0
NZ_UGQW01000002.1	3p	+	59	377	431	357	373	1538	6	37	5	5	1	0	1	1	1	0	1	3	0	0	0	0	0	0	0	0	0
NZ_UGQW01000002.1	3p	+	60	351	396	356	376	1479	4	37	6	10	2	1	2	1	1	0	2	0	0	0	0	0	1	0	0	0	0
NZ_UGQW01000002.1	3p	+	61	319	388	360	348	1415	7	43	7	8	2	1	0	2	3	0	0	3	0	0	0	0	1	0	0	0	0
NZ_UGQW01000002.1	3p	+	62	317	321	372	330	1340	10	28	6	4	0	0	1	0	0	0	3	2	0	0	0	0	0	0	0	0	0
NZ_UGQW01000002.1	3p	+	63	306	343	334	296	1279	4	31	8	7	1	0	1	0	1	0	1	2	0	0	0	0	0	0	0	0	0
NZ_UGQW01000002.1	3p	+	64	295	343	299	288	1225	8	28	7	6	1	2	2	1	0	1	2	0	0	0	1	0	1	0	0	0	0
NZ_UGQW01000002.1	3p	+	65	285	308	297	262	1152	9	32	1	3	3	1	2	0	0	0	0	0	0	0	1	1	0	1	0	0	0
NZ_UGQW01000002.1	3p	+	66	254	287	305	248	1094	9	30	4	4	0	1	0	1	1	1	0	1	0	0	0	0	0	0	0	0	0
NZ_UGQW01000002.1	3p	+	67	250	310	257	217	1034	4	22	4	9	1	1	1	1	0	0	1	2	0	0	0	0	0	0	0	0	0
NZ_UGQW01000002.1	3p	+	68	240	246	261	233	980	9	22	5	5	1	2	0	0	1	1	0	0	0	0	0	0	0	0	0	0	0
NZ_UGQW01000002.1	3p	+	69	234	236	243	222	935	7	17	4	6	1	0	1	0	3	0	1	2	0	0	0	0	1	0	0	0	0
NZ_UGQW01000002.1	3p	+	70	214	247	202	223	886	4	25	3	4	0	1	0	0	0	0	1	1	0	0	0	0	0	0	0	0	0
NZ_UGQW01000002.1	3p	-	1	1704	2146	1793	1509	7152	29	448	38	42	8	12	9	13	14	11	10	11	0	0	0	0	0	0	0	0	0
NZ_UGQW01000002.1	3p	-	2	1959	1880	1960	1353	7152	47	297	40	29	7	5	9	11	13	4	6	8	0	0	0	0	0	0	0	0	0
NZ_UGQW01000002.1	3p	-	3	1672	1849	2071	1557	7149	23	286	51	36	3	4	14	4	6	1	10	11	0	0	0	0	1	2	0	0	0
NZ_UGQW01000002.1	3p	-	4	1702	1918	1931	1601	7152	46	266	43	39	4	10	11	8	9	4	7	11	0	0	0	0	0	0	0	0	0
NZ_UGQW01000002.1	3p	-	5	1764	1802	1930	1654	7150	43	226	34	37	9	3	5	4	10	3	10	8	0	0	1	0	1	0	1	0	0
NZ_UGQW01000002.1	3p	-	6	1667	1895	1971	1619	7152	39	182	32	36	2	7	12	5	9	3	9	10	0	1	1	0	0	0	0	0	0
NZ_UGQW01000002.1	3p	-	7	1706	1884	1888	1672	7150	47	181	37	33	9	4	13	4	6	3	5	8	0	0	0	1	0	1	0	1	0
NZ_UGQW01000002.1	3p	-	8	1685	1856	1885	1725	7151	34	146	27	28	3	3	3	5	4	1	4	5	0	0	0	0	1	0	0	0	0
NZ_UGQW01000002.1	3p	-	9	1647	1802	2009	1694	7152	36	139	38	30	6	1	12	7	4	4	10	5	0	0	0	0	0	0	0	0	0
NZ_UGQW01000002.1	3p	-	10	1590	1944	1903	1713	7150	45	147	35	28	3	1	4	4	9	1	11	8	0	1	1	1	0	1	0	1	0
NZ_UGQW01000002.1	3p	-	11	1626	1917	1871	1735	7149	35	133	35	33	2	1	5	7	7	1	9	9	0	0	0	0	1	1	0	1	0
NZ_UGQW01000002.1	3p	-	12	1584	1877	2012	1679	7152	36	124	47	26	5	3	4	5	6	2	6	11	0	0	0	1	0	0	0	0	0
NZ_UGQW01000002.1	3p	-	13	1704	1883	1925	1640	7152	35	121	35	30	8	3	5	7	8	5	7	9	0	1	0	2	0	0	0	0	0
NZ_UGQW01000002.1	3p	-	14	1663	1831	1971	1686	7151	30	105	43	41	7	1	5	8	4	1	7	8	0	0	0	1	0	0	0	1	0
NZ_UGQW01000002.1	3p	-	15	1592	1848	2050	1661	7151	39	126	38	29	7	2	7	3	6	4	10	3	0	0	0	0	0	1	0	0	0
NZ_UGQW01000002.1	3p	-	16	1596	1931	2003	1621	7151	41	111	35	36	5	4	7	13	7	2	9	10	0	0	1	0	1	0	0	0	0
NZ_UGQW01000002.1	3p	-	17	1647	1939	1918	1646	7150	33	86	36	31	5	4	8	7	4	2	7	4	0	0	0	1	1	0	1	0	0
NZ_UGQW01000002.1	3p	-	18	1588	1865	2055	1643	7151	25	74	36	35	3	2	9	8	10	5	10	10	2	0	0	0	1	0	0	0	0
NZ_UGQW01000002.1	3p	-	19	1613	1990	1906	1640	7149	32	105	41	39	4	6	8	10	9	3	5	13	2	1	0	0	2	0	0	1	0
NZ_UGQW01000002.1	3p	-	20	1635	1863	1940	1712	7150	34	102	28	21	8	6	9	7	5	2	10	11	0	0	1	0	1	0	1	0	0
NZ_UGQW01000002.1	3p	-	21	1604	1930	2000	1615	7149	47	92	39	46	8	3	7	13	7	3	8	13	2	0	2	1	0	1	0	2	0
NZ_UGQW01000002.1	3p	-	22	1591	1964	1985	1611	7151	38	98	31	22	7	2	10	6	6	4	7	6	1	0	0	0	0	1	0	0	0
NZ_UGQW01000002.1	3p	-	23	1583	1920	1988	1661	7152	33	105	26	36	8	2	6	8	7	1	6	13	0	1	0	2	0	0	0	0	0
NZ_UGQW01000002.1	3p	-	24	1595	1969	2010	1578	7152	40	128	26	30	7	5	6	11	8	4	11	6	0	0	0	1	0	0	0	0	0
NZ_UGQW01000002.1	3p	-	25	1545	2015	1932	1657	7149	39	103	28	36	6	3	5	7	8	2	7	8	0	0	0	0	1	1	0	1	0
NZ_UGQW01000002.1	3p	-	26	1688	1866	1971	1626	7151	37	89	33	28	6	2	8	13	7	3	5	4	0	1	1	1	0	0	1	0	0
NZ_UGQW01000002.1	3p	-	27	1608	1943	1969	1632	7152	37	119	43	29	5	1	12	15	4	3	7	6	1	0	0	1	0	0	0	0	0
NZ_UGQW01000002.1	3p	-	28	1581	1969	1979	1623	7152	32	121	33	35	7	4	8	6	5	2	7	10	0	0	0	0	0	0	0	0	0
NZ_UGQW01000002.1	3p	-	29	1654	1964	1882	1650	7150	42	146	35	28	4	6	5	11	8	5	13	7	0	0	0	0	1	0	0	1	0
NZ_UGQW01000002.1	3p	-	30	1658	1890	1986	1618	7152	40	149	46	34	6	6	8	4	4	2	6	11	0	0	0	0	0	0	0	0	0
NZ_UGQW01000002.1	3p	-	31	1581	1901	1821	1540	6843	28	153	32	32	3	1	6	4	8	5	6	7	0	0	0	0	0	0	0	0	0
NZ_UGQW01000002.1	3p	-	32	1546	1789	1690	1502	6527	35	157	30	32	3	1	7	3	4	7	9	3	0	1	0	0	0	0	0	0	0
NZ_UGQW01000002.1	3p	-	33	1435	1657	1711	1446	6249	28	135	32	27	10	2	2	7	6	2	5	5	0	1	0	2	0	0	0	0	0
NZ_UGQW01000002.1	3p	-	34	1400	1626	1632	1303	5961	34	126	13	25	5	4	8	9	5	0	2	6	0	0	0	0	0	0	0	0	0
NZ_UGQW01000002.1	3p	-	35	1327	1491	1528	1333	5679	36	129	27	26	6	4	5	5	5	2	7	4	0	0	0	0	0	0	0	1	0
NZ_UGQW01000002.1	3p	-	36	1264	1499	1429	1235	5427	25	155	33	22	6	3	6	9	7	2	2	5	0	0	1	1	0	1	0	0	0
NZ_UGQW01000002.1	3p	-	37	1224	1418	1287	1264	5193	24	125	15	22	9	0	2	5	4	1	8	7	0	0	0	0	0	0	0	0	0
NZ_UGQW01000002.1	3p	-	38	1187	1282	1318	1153	4940	14	107	22	21	9	1	6	5	5	2	3	8	0	0	0	0	1	0	0	0	0
NZ_UGQW01000002.1	3p	-	39	1084	1203	1303	1112	4702	20	114	21	19	4	0	8	5	4	3	4	6	0	0	1	0	0	0	0	0	0
NZ_UGQW01000002.1	3p	-	40	1112	1186	1156	1037	4491	35	106	19	23	9	0	2	5	2	2	9	5	0	1	0	1	0	0	0	0	0
NZ_UGQW01000002.1	3p	-	41	1027	1152	1103	1005	4287	28	100	29	13	2	2	5	7	6	2	4	4	0	0	0	0	0	1	0	0	0
NZ_UGQW01000002.1	3p	-	42	930	1104	1116	942	4092	21	107	18	16	3	2	5	6	2	1	4	5	0	1	0	0	1	0	0	0	0
NZ_UGQW01000002.1	3p	-	43	931	1036	1000	893	3860	12	90	20	10	3	0	6	4	4	4	1	5	0	0	0	1	0	2	0	0	0
NZ_UGQW01000002.1	3p	-	44	867	933	977	873	3650	16	84	21	15	1	2	4	2	4	1	3	4	0	0	0	0	0	0	1	1	0
NZ_UGQW01000002.1	3p	-	45	753	945	947	802	3447	20	101	14	8	4	2	1	4	4	1	2	3	0	0	1	0	0	0	0	0	0
NZ_UGQW01000002.1	3p	-	46	721	905	876	750	3252	19	95	14	7	3	2	2	1	1	1	1	2	0	0	1	0	0	0	0	0	0
NZ_UGQW01000002.1	3p	-	47	721	788	793	756	3058	13	82	12	17	3	2	4	4	2	3	0	7	0	0	0	0	0	0	0	0	0
NZ_UGQW01000002.1	3p	-	48	679	783	750	674	2886	10	82	7	14	2	2	1	2	2	0	1	3	0	0	0	0	1	0	0	0	0
NZ_UGQW01000002.1	3p	-	49	658	743	702	615	2718	10	64	15	9	2	0	1	0	2	0	3	3	0	0	0	0	0	0	0	0	0
NZ_UGQW01000002.1	3p	-	50	575	682	709	600	2566	7	53	6	21	4	2	1	3	1	1	2	0	0	0	0	0	0	0	0	0	0
NZ_UGQW01000002.1	3p	-	51	541	653	647	590	2431	16	69	9	9	1	2	3	3	2	1	2	3	0	0	0	0	0	1	0	0	0
NZ_UGQW01000002.1	3p	-	52	519	640	549	567	2275	10	73	12	12	1	0	3	2	2	1	2	4	0	0	0	0	0	0	0	0	0
NZ_UGQW01000002.1	3p	-	53	536	550	553	499	2138	18	48	8	6	2	1	2	1	2	0	1	0	0	0	0	0	0	0	0	0	0
NZ_UGQW01000002.1	3p	-	54	488	532	549	456	2025	11	43	6	4	2	0	1	4	0	0	1	3	1	0	1	0	0	0	0	0	0
NZ_UGQW01000002.1	3p	-	55	447	518	508	452	1925	9	52	9	10	0	0	2	1	4	0	1	1	0	0	0	2	0	1	0	0	0
NZ_UGQW01000002.1	3p	-	56	434	462	478	448	1822	8	30	10	4	0	0	0	1	0	0	1	1	0	0	1	1	0	0	0	1	0
NZ_UGQW01000002.1	3p	-	57	394	476	441	399	1710	7	42	8	11	2	2	2	0	1	0	1	2	0	0	0	0	0	0	0	0	0
NZ_UGQW01000002.1	3p	-	58	401	424	402	394	1621	13	25	4	4	2	0	3	0	1	0	0	0	0	0	0	0	0	0	0	0	0
NZ_UGQW01000002.1	3p	-	59	363	424	391	359	1537	13	31	4	5	1	1	3	0	2	1	0	2	0	0	0	0	0	0	0	0	0
NZ_UGQW01000002.1	3p	-	60	317	411	387	351	1466	9	32	6	10	2	2	1	0	4	1	1	2	0	0	0	0	0	0	0	1	0
NZ_UGQW01000002.1	3p	-	61	318	375	396	313	1402	8	37	6	9	0	0	1	1	2	2	1	0	0	0	0	0	1	0	0	0	0
NZ_UGQW01000002.1	3p	-	62	289	390	346	323	1348	4	36	9	1	0	0	1	3	1	1	0	1	0	0	1	0	0	0	0	1	0
NZ_UGQW01000002.1	3p	-	63	303	361	326	298	1288	4	31	9	5	2	1	0	3	1	0	0	0	0	0	0	0	0	0	0	0	0
NZ_UGQW01000002.1	3p	-	64	298	333	317	276	1224	5	33	6	6	1	1	3	0	0	1	0	4	0	0	0	0	0	0	0	0	0
NZ_UGQW01000002.1	3p	-	65	249	320	317	273	1159	6	34	2	8	3	1	1	0	0	1	0	0	0	0	0	0	0	0	0	0	0
NZ_UGQW01000002.1	3p	-	66	278	275	277	272	1102	6	13	4	5	0	0	0	0	0	0	0	0	0	0	1	0	1	0	0	0	0
NZ_UGQW01000002.1	3p	-	67	247	282	256	257	1042	5	22	5	5	0	0	0	2	0	0	0	1	0	0	0	0	0	0	0	0	0
NZ_UGQW01000002.1	3p	-	68	211	225	287	255	978	4	18	3	2	2	0	1	0	0	1	2	0	0	1	0	1	0	0	0	0	0
NZ_UGQW01000002.1	3p	-	69	241	250	227	223	941	4	17	4	2	1	1	0	0	2	1	0	1	0	0	0	0	0	0	0	0	0
NZ_UGQW01000002.1	3p	-	70	225	238	220	196	879	6	18	2	2	1	0	0	1	2	1	0	5	0	0	0	0	1	0	0	0	0
NZ_UGQW01000002.1	5p	+	1	1765	2124	1338	1964	7191	45	655	19	39	12	7	12	11	4	5	9	21	0	0	0	0	0	0	0	0	0
NZ_UGQW01000002.1	5p	+	2	2030	1959	1746	1456	7191	47	386	36	29	17	3	10	17	5	4	7	14	1	0	1	1	0	0	0	0	0
NZ_UGQW01000002.1	5p	+	3	1831	1804	2105	1450	7190	49	201	45	33	6	3	7	7	7	5	10	7	1	0	2	0	0	0	0	1	0
NZ_UGQW01000002.1	5p	+	4	1843	2036	1739	1572	7190	40	260	41	36	7	7	5	8	13	2	5	9	0	0	1	0	1	0	0	0	0
NZ_UGQW01000002.1	5p	+	5	1677	2142	1923	1446	7188	49	216	40	35	8	7	8	9	6	5	9	2	1	0	0	1	2	0	1	0	0
NZ_UGQW01000002.1	5p	+	6	1669	1845	1990	1682	7186	45	159	53	31	5	2	4	7	8	5	2	15	0	2	1	1	1	1	1	1	0
NZ_UGQW01000002.1	5p	+	7	1632	2008	1913	1636	7189	30	171	31	31	4	5	4	3	5	1	8	10	0	0	1	2	1	1	0	0	0
NZ_UGQW01000002.1	5p	+	8	1609	1955	2061	1565	7190	38	140	40	41	10	5	7	13	6	3	6	10	1	2	0	1	0	0	0	1	0
NZ_UGQW01000002.1	5p	+	9	1703	1901	1960	1625	7189	32	136	41	39	5	2	9	5	6	6	10	7	0	0	0	1	2	0	0	0	0
NZ_UGQW01000002.1	5p	+	10	1620	1991	1903	1675	7189	33	118	39	37	3	4	12	9	2	3	10	7	0	1	0	0	0	1	0	1	0
NZ_UGQW01000002.1	5p	+	11	1533	2109	1881	1665	7188	31	117	50	34	7	2	6	5	7	2	13	6	0	1	0	0	1	0	1	1	0
NZ_UGQW01000002.1	5p	+	12	1588	1892	2084	1625	7189	39	116	38	31	6	4	5	4	14	2	9	7	0	0	3	1	0	2	0	0	0
NZ_UGQW01000002.1	5p	+	13	1692	1976	1893	1628	7189	34	102	28	23	2	4	4	6	4	2	7	3	0	0	1	0	0	1	1	0	0
NZ_UGQW01000002.1	5p	+	14	1649	2026	1928	1583	7186	36	120	49	41	6	1	5	7	9	5	5	7	0	0	0	3	1	1	1	2	0
NZ_UGQW01000002.1	5p	+	15	1623	1922	2025	1617	7187	37	99	23	25	7	5	7	4	5	2	10	10	0	0	0	2	2	1	1	0	0
NZ_UGQW01000002.1	5p	+	16	1722	1909	1899	1657	7187	32	88	40	29	3	1	8	11	4	5	8	10	1	0	1	0	0	3	1	0	0
NZ_UGQW01000002.1	5p	+	17	1596	2074	1927	1592	7189	40	98	35	35	10	5	8	8	15	1	8	7	0	0	0	0	0	1	0	1	0
NZ_UGQW01000002.1	5p	+	18	1652	1931	2019	1585	7187	34	86	37	25	7	1	11	8	2	2	14	5	1	1	1	0	2	1	0	1	0
NZ_UGQW01000002.1	5p	+	19	1566	2030	1914	1680	7190	34	96	39	32	5	3	7	2	6	3	5	5	1	1	1	0	0	1	0	0	0
NZ_UGQW01000002.1	5p	+	20	1558	2126	1932	1572	7188	30	98	39	35	6	4	13	5	5	5	6	12	0	0	0	0	2	1	0	0	0
NZ_UGQW01000002.1	5p	+	21	1733	1868	1962	1626	7189	42	114	49	47	3	3	9	7	13	1	6	2	0	0	0	0	1	1	0	0	0
NZ_UGQW01000002.1	5p	+	22	1743	1878	1899	1670	7190	23	93	32	34	8	2	8	3	5	8	7	4	1	1	3	0	0	1	0	0	0
NZ_UGQW01000002.1	5p	+	23	1597	2061	1954	1578	7190	41	97	31	26	7	4	11	4	9	4	12	5	0	1	0	0	0	0	1	0	0
NZ_UGQW01000002.1	5p	+	24	1647	1982	1956	1605	7190	40	105	49	30	6	4	12	9	3	3	11	11	1	1	1	1	0	1	0	0	0
NZ_UGQW01000002.1	5p	+	25	1721	1945	1839	1684	7189	27	112	28	30	5	3	6	4	12	3	10	9	0	0	1	1	1	0	0	1	0
NZ_UGQW01000002.1	5p	+	26	1596	2029	1934	1631	7190	32	123	32	39	8	6	5	5	4	6	10	14	1	1	2	1	1	0	0	0	0
NZ_UGQW01000002.1	5p	+	27	1671	1849	1954	1714	7188	41	121	40	46	4	2	6	10	8	3	11	6	1	1	2	0	1	0	1	1	0
NZ_UGQW01000002.1	5p	+	28	1676	1942	1866	1705	7189	35	115	28	29	4	2	9	6	6	4	8	7	1	0	0	0	1	1	0	0	0
NZ_UGQW01000002.1	5p	+	29	1590	2027	1895	1678	7190	33	148	36	48	4	5	6	11	6	6	7	13	1	0	0	0	1	0	0	0	0
NZ_UGQW01000002.1	5p	+	30	1725	1895	2001	1569	7190	35	157	37	35	11	1	13	5	6	4	6	10	0	0	0	0	0	1	0	0	0
NZ_UGQW01000002.1	5p	+	31	1704	1925	1739	1533	6901	28	148	26	27	5	9	4	5	6	3	5	9	0	1	0	1	0	0	0	0	0
NZ_UGQW01000002.1	5p	+	32	1486	1916	1762	1452	6616	43	140	33	33	3	7	5	9	5	4	9	18	0	0	0	0	0	1	0	0	0
NZ_UGQW01000002.1	5p	+	33	1501	1652	1709	1446	6308	34	149	38	37	6	3	5	10	12	1	5	4	0	1	0	0	0	0	0	0	0
NZ_UGQW01000002.1	5p	+	34	1478	1636	1586	1351	6051	33	130	37	28	0	1	5	7	5	3	7	5	0	2	0	0	0	1	0	0	0
NZ_UGQW01000002.1	5p	+	35	1298	1644	1527	1289	5758	28	139	37	25	4	2	7	8	5	2	8	8	0	1	0	0	0	0	0	0	0
NZ_UGQW01000002.1	5p	+	36	1337	1461	1475	1225	5498	29	126	35	31	3	3	1	6	4	2	2	5	0	1	0	0	0	1	0	0	0
NZ_UGQW01000002.1	5p	+	37	1272	1413	1296	1277	5258	21	99	23	23	2	1	5	14	3	1	7	4	0	1	0	0	0	0	0	0	0
NZ_UGQW01000002.1	5p	+	38	1147	1384	1304	1169	5004	28	130	23	21	4	2	4	3	5	1	2	1	0	0	0	2	0	0	0	0	0
NZ_UGQW01000002.1	5p	+	39	1120	1308	1317	1030	4775	28	114	19	16	4	5	4	7	6	2	2	3	0	0	0	1	0	0	0	0	0
NZ_UGQW01000002.1	5p	+	40	1136	1250	1138	1036	4560	29	105	15	21	2	1	4	2	1	0	4	7	0	0	0	0	0	2	0	0	0
NZ_UGQW01000002.1	5p	+	41	1045	1203	1104	978	4330	19	114	22	24	3	5	8	4	2	2	7	5	0	1	0	1	0	0	0	0	0
NZ_UGQW01000002.1	5p	+	42	995	1034	1110	972	4111	23	111	12	10	3	3	4	6	10	2	6	6	0	0	0	2	0	0	1	0	0
NZ_UGQW01000002.1	5p	+	43	930	1072	976	893	3871	22	130	11	20	0	0	3	4	3	1	3	5	0	0	0	1	0	0	0	0	0
NZ_UGQW01000002.1	5p	+	44	857	1003	930	857	3647	18	120	16	20	5	2	3	5	4	3	5	5	0	0	0	0	0	0	0	0	0
NZ_UGQW01000002.1	5p	+	45	761	883	930	852	3426	21	86	14	7	2	1	5	1	6	0	6	4	0	0	0	0	1	0	0	0	0
NZ_UGQW01000002.1	5p	+	46	789	852	799	780	3220	12	86	19	14	2	2	1	6	0	1	7	2	0	1	0	1	0	0	0	0	0
NZ_UGQW01000002.1	5p	+	47	706	840	767	720	3033	17	88	11	13	1	1	2	4	4	1	2	1	0	0	0	0	0	1	1	0	0
NZ_UGQW01000002.1	5p	+	48	666	744	740	689	2839	7	70	18	12	1	1	3	1	2	1	1	0	0	0	0	0	0	0	0	0	0
NZ_UGQW01000002.1	5p	+	49	652	697	645	688	2682	17	76	12	16	1	2	0	2	1	1	1	0	0	0	0	0	0	0	0	0	0
NZ_UGQW01000002.1	5p	+	50	603	717	647	573	2540	16	60	14	11	1	0	0	3	3	0	2	3	0	0	0	0	0	0	0	0	0
NZ_UGQW01000002.1	5p	+	51	562	632	625	578	2397	8	56	8	4	0	1	2	2	0	0	0	7	0	0	0	0	0	1	0	0	0
NZ_UGQW01000002.1	5p	+	52	585	605	522	559	2271	8	67	14	6	1	2	2	3	1	2	0	2	0	0	0	0	0	0	0	0	0
NZ_UGQW01000002.1	5p	+	53	464	606	575	495	2140	8	66	18	6	1	0	1	2	0	0	2	3	1	1	1	0	0	0	0	0	0
NZ_UGQW01000002.1	5p	+	54	455	540	586	443	2024	6	54	11	12	2	1	2	2	2	1	5	6	0	0	0	1	0	0	0	0	0
NZ_UGQW01000002.1	5p	+	55	468	537	492	426	1923	6	37	5	7	1	1	2	2	3	1	0	3	0	0	0	0	1	0	0	0	0
NZ_UGQW01000002.1	5p	+	56	445	499	446	435	1825	9	38	13	12	2	1	3	3	3	2	1	1	0	0	0	0	0	0	1	0	0
NZ_UGQW01000002.1	5p	+	57	392	449	473	410	1724	11	34	9	3	0	0	0	1	1	1	1	1	0	0	0	0	0	0	0	0	0
NZ_UGQW01000002.1	5p	+	58	397	436	398	397	1628	6	32	9	8	2	1	2	0	0	1	1	3	0	0	0	0	0	0	0	0	0
NZ_UGQW01000002.1	5p	+	59	346	413	408	371	1538	8	39	6	5	1	1	0	2	1	0	3	1	0	0	0	0	0	0	0	0	0
NZ_UGQW01000002.1	5p	+	60	339	392	406	343	1480	5	32	5	2	1	0	1	2	0	1	1	1	0	0	0	0	0	0	0	0	0
NZ_UGQW01000002.1	5p	+	61	353	370	337	356	1416	8	34	5	5	1	0	0	1	0	0	0	3	0	0	0	0	0	0	0	0	0
NZ_UGQW01000002.1	5p	+	62	328	365	347	300	1340	6	39	8	5	0	0	0	1	0	1	0	0	0	0	0	0	0	0	0	0	0
NZ_UGQW01000002.1	5p	+	63	303	353	338	284	1278	10	37	5	4	1	0	1	0	2	0	4	2	1	0	0	0	1	0	0	0	0
NZ_UGQW01000002.1	5p	+	64	293	339	299	295	1226	6	33	6	8	0	1	1	4	1	1	0	1	1	0	0	0	0	0	0	0	0
NZ_UGQW01000002.1	5p	+	65	284	311	305	253	1153	6	35	6	6	1	2	0	1	1	1	1	1	0	0	0	0	0	0	0	0	0
NZ_UGQW01000002.1	5p	+	66	248	314	294	238	1094	3	32	5	5	0	0	1	3	3	0	0	0	0	0	1	0	0	0	0	0	0
NZ_UGQW01000002.1	5p	+	67	270	295	244	224	1033	4	28	7	8	0	2	1	0	0	0	0	1	0	0	0	0	0	0	0	1	0
NZ_UGQW01000002.1	5p	+	68	216	263	269	232	980	11	27	9	5	0	0	0	1	1	1	0	2	0	0	0	0	0	0	0	0	0
NZ_UGQW01000002.1	5p	+	69	210	259	243	224	936	5	32	5	1	1	1	1	1	0	0	1	0	0	0	0	0	0	0	0	0	0
NZ_UGQW01000002.1	5p	+	70	219	209	240	218	886	7	21	4	2	0	2	0	1	1	1	2	0	0	0	0	0	0	0	0	0	0
NZ_UGQW01000002.1	5p	-	1	1657	2096	1323	2076	7152	39	636	27	32	10	11	8	9	6	2	5	15	0	0	0	0	0	0	0	0	0
NZ_UGQW01000002.1	5p	-	2	1939	1917	1741	1555	7152	47	325	47	27	10	4	11	21	10	7	12	13	0	1	0	1	0	0	0	0	0
NZ_UGQW01000002.1	5p	-	3	1750	1817	2134	1451	7152	42	191	34	27	12	4	10	6	9	6	10	7	0	0	2	0	0	0	0	0	0
NZ_UGQW01000002.1	5p	-	4	1811	1987	1784	1570	7152	40	256	36	24	6	5	17	5	2	5	9	4	0	0	0	0	0	0	0	0	0
NZ_UGQW01000002.1	5p	-	5	1676	2041	1927	1507	7151	36	180	42	35	9	2	6	3	8	6	7	11	0	1	0	0	0	0	1	0	0
NZ_UGQW01000002.1	5p	-	6	1584	1854	2010	1703	7151	41	179	36	28	8	4	8	10	7	2	10	7	0	0	0	0	0	0	0	1	0
NZ_UGQW01000002.1	5p	-	7	1633	1960	1925	1630	7148	33	156	27	39	4	3	8	5	8	2	3	10	0	0	0	0	1	1	0	2	0
NZ_UGQW01000002.1	5p	-	8	1559	1975	2043	1573	7150	45	164	31	25	4	2	8	8	11	4	5	9	0	0	0	0	1	1	0	0	0
NZ_UGQW01000002.1	5p	-	9	1636	1861	1996	1656	7149	44	125	40	26	8	1	10	5	10	2	7	6	0	1	1	2	0	2	1	0	0
NZ_UGQW01000002.1	5p	-	10	1658	1975	1816	1700	7149	27	109	30	33	6	1	10	12	6	2	4	8	0	0	0	0	1	2	0	0	0
NZ_UGQW01000002.1	5p	-	11	1589	2004	1960	1596	7149	35	128	44	44	17	3	9	11	9	6	7	14	0	1	0	0	1	1	0	1	0
NZ_UGQW01000002.1	5p	-	12	1620	1878	2038	1614	7150	36	105	37	29	4	2	5	12	12	5	6	6	0	0	0	0	0	0	1	1	0
NZ_UGQW01000002.1	5p	-	13	1579	1915	1949	1707	7150	36	113	22	31	9	5	8	4	7	3	8	6	1	0	0	1	1	0	0	1	0
NZ_UGQW01000002.1	5p	-	14	1565	2029	1950	1607	7151	41	104	34	27	4	2	8	11	6	3	10	8	0	0	0	3	0	0	0	1	0
NZ_UGQW01000002.1	5p	-	15	1604	1901	2019	1628	7152	43	93	46	48	6	6	7	6	7	2	5	8	0	0	1	1	0	0	0	0	0
NZ_UGQW01000002.1	5p	-	16	1650	1936	1910	1654	7150	32	101	38	29	3	4	14	8	4	2	11	12	0	0	2	0	0	0	1	1	0
NZ_UGQW01000002.1	5p	-	17	1492	1999	2015	1645	7151	37	105	33	39	8	1	9	15	10	4	6	13	0	0	0	0	0	1	0	0	0
NZ_UGQW01000002.1	5p	-	18	1597	1886	2015	1654	7152	39	90	38	29	6	4	4	4	8	2	10	3	0	0	0	0	0	0	0	0	0
NZ_UGQW01000002.1	5p	-	19	1708	1914	1811	1717	7150	32	96	37	31	8	2	5	1	7	4	4	6	2	0	0	0	0	1	1	0	0
NZ_UGQW01000002.1	5p	-	20	1560	1937	2015	1637	7149	32	97	47	40	9	0	10	6	5	1	4	10	1	0	1	0	2	0	0	1	0
NZ_UGQW01000002.1	5p	-	21	1632	1807	2100	1611	7150	32	99	33	30	4	0	4	6	6	2	10	6	0	0	2	0	0	0	0	2	0
NZ_UGQW01000002.1	5p	-	22	1630	1884	1891	1747	7152	33	89	27	34	2	2	4	7	4	1	10	6	0	0	0	0	0	0	0	0	0
NZ_UGQW01000002.1	5p	-	23	1628	1943	2009	1572	7152	39	99	43	30	3	7	5	4	6	3	7	4	0	0	0	1	0	0	0	0	0
NZ_UGQW01000002.1	5p	-	24	1648	1807	2086	1610	7151	37	108	44	42	4	4	8	12	9	2	5	3	0	0	0	0	0	1	0	0	0
NZ_UGQW01000002.1	5p	-	25	1644	1941	1875	1692	7152	36	101	29	17	3	4	4	7	6	3	2	3	0	0	0	2	0	0	0	0	0
NZ_UGQW01000002.1	5p	-	26	1605	1982	1992	1571	7150	37	131	37	31	5	3	11	7	6	1	12	8	0	0	0	0	0	0	1	1	0
NZ_UGQW01000002.1	5p	-	27	1611	1878	2012	1650	7151	31	107	34	31	7	1	9	9	8	4	10	6	0	0	0	0	0	1	0	0	0
NZ_UGQW01000002.1	5p	-	28	1650	1941	1869	1690	7150	28	120	31	34	8	1	2	11	4	1	11	9	0	1	0	0	2	0	0	0	0
NZ_UGQW01000002.1	5p	-	29	1594	1979	1973	1606	7152	39	143	26	38	4	3	11	6	4	4	5	12	0	0	0	1	0	0	0	0	0
NZ_UGQW01000002.1	5p	-	30	1572	1930	2060	1590	7152	55	142	23	35	7	2	13	12	9	1	10	11	0	0	0	1	0	0	0	0	0
NZ_UGQW01000002.1	5p	-	31	1638	1788	1790	1626	6842	32	138	33	28	4	6	7	4	4	7	5	6	0	0	0	1	0	1	0	0	0
NZ_UGQW01000002.1	5p	-	32	1533	1775	1741	1476	6525	42	160	28	27	8	5	6	7	6	1	6	7	0	1	0	0	0	1	0	1	0
NZ_UGQW01000002.1	5p	-	33	1462	1593	1718	1475	6248	28	122	29	20	3	2	5	6	5	1	6	7	1	1	0	1	1	0	0	0	0
NZ_UGQW01000002.1	5p	-	34	1412	1598	1537	1413	5960	20	135	31	17	3	3	2	7	7	3	7	7	1	0	0	0	1	0	0	0	0
NZ_UGQW01000002.1	5p	-	35	1306	1575	1529	1270	5680	32	115	33	33	4	1	5	3	7	3	8	4	1	0	0	0	0	0	0	0	0
NZ_UGQW01000002.1	5p	-	36	1279	1436	1509	1204	5428	28	133	37	17	4	5	5	1	5	2	8	9	0	0	1	1	0	0	0	0	0
NZ_UGQW01000002.1	5p	-	37	1222	1353	1354	1264	5193	20	120	22	24	4	2	3	2	5	0	5	2	0	0	0	0	0	0	0	0	0
NZ_UGQW01000002.1	5p	-	38	1118	1298	1352	1172	4940	26	120	19	24	6	1	2	3	3	2	7	7	0	1	0	1	1	0	0	0	0
NZ_UGQW01000002.1	5p	-	39	1089	1221	1304	1087	4701	22	128	25	30	4	1	6	5	2	4	2	4	0	0	0	0	0	1	0	0	0
NZ_UGQW01000002.1	5p	-	40	1072	1216	1145	1058	4491	14	126	13	25	4	1	2	4	1	2	6	3	0	0	0	0	0	0	0	0	0
NZ_UGQW01000002.1	5p	-	41	979	1142	1179	987	4287	23	119	25	18	4	2	7	0	4	2	7	7	0	0	1	0	0	1	0	0	0
NZ_UGQW01000002.1	5p	-	42	990	1074	1076	953	4093	13	115	30	18	5	5	4	1	2	2	4	7	0	0	0	1	0	0	0	0	0
NZ_UGQW01000002.1	5p	-	43	964	966	1018	912	3860	27	88	14	15	6	2	3	4	5	2	1	4	0	0	1	0	2	0	0	0	0
NZ_UGQW01000002.1	5p	-	44	833	1005	1008	806	3652	23	108	14	19	5	3	2	7	6	1	2	5	0	0	0	0	0	0	0	0	0
NZ_UGQW01000002.1	5p	-	45	853	924	915	755	3447	21	89	15	10	3	2	6	6	4	0	3	3	0	0	1	0	0	0	0	0	0
NZ_UGQW01000002.1	5p	-	46	816	863	807	766	3252	16	81	10	19	0	1	4	6	8	1	0	2	0	0	0	0	0	0	0	0	0
NZ_UGQW01000002.1	5p	-	47	707	777	839	734	3057	19	65	12	6	2	5	0	4	2	1	1	2	0	0	0	0	1	0	0	0	0
NZ_UGQW01000002.1	5p	-	48	693	740	791	662	2886	18	80	13	10	4	1	5	1	1	1	4	2	0	0	0	0	1	0	0	0	0
NZ_UGQW01000002.1	5p	-	49	639	714	698	667	2718	17	66	7	11	1	3	1	0	3	2	0	3	0	0	0	0	0	0	0	0	0
NZ_UGQW01000002.1	5p	-	50	628	674	703	561	2566	6	78	17	8	3	0	1	2	1	3	2	5	0	0	0	1	0	0	0	0	0
NZ_UGQW01000002.1	5p	-	51	580	628	652	572	2432	10	69	6	9	1	1	3	2	2	0	2	4	0	0	0	0	0	0	0	0	0
NZ_UGQW01000002.1	5p	-	52	531	579	609	555	2274	10	63	13	11	0	1	1	2	2	0	1	1	0	0	0	0	0	1	0	0	0
NZ_UGQW01000002.1	5p	-	53	479	573	598	488	2138	8	72	6	8	0	1	0	2	1	1	2	0	0	0	0	0	0	0	0	0	0
NZ_UGQW01000002.1	5p	-	54	466	542	557	460	2025	9	54	11	10	5	0	0	1	1	2	1	1	0	0	0	0	0	0	0	0	0
NZ_UGQW01000002.1	5p	-	55	480	471	480	495	1926	9	42	9	12	3	0	3	2	3	3	0	3	0	0	0	0	0	0	0	0	0
NZ_UGQW01000002.1	5p	-	56	441	485	472	423	1821	14	45	7	9	0	2	1	1	2	0	1	5	0	2	0	0	1	1	0	0	0
NZ_UGQW01000002.1	5p	-	57	398	438	465	409	1710	12	42	8	11	0	1	0	1	1	1	3	4	0	0	0	0	0	0	0	0	0
NZ_UGQW01000002.1	5p	-	58	385	424	436	376	1621	8	45	3	6	1	1	0	0	4	1	2	1	1	0	0	0	0	0	0	0	0
NZ_UGQW01000002.1	5p	-	59	378	419	401	338	1536	7	34	7	6	2	0	2	1	2	0	2	3	0	0	0	0	1	0	0	0	0
NZ_UGQW01000002.1	5p	-	60	363	360	403	341	1467	7	31	10	2	1	1	1	1	0	0	1	1	0	0	0	0	0	0	0	0	0
NZ_UGQW01000002.1	5p	-	61	318	387	351	347	1403	4	29	8	8	2	0	0	3	0	0	0	1	0	0	0	1	0	0	0	0	0
NZ_UGQW01000002.1	5p	-	62	307	367	378	296	1348	8	41	6	3	0	0	0	1	0	2	0	3	0	0	1	0	0	0	0	1	0
NZ_UGQW01000002.1	5p	-	63	293	345	351	299	1288	7	27	4	6	2	1	0	2	2	0	2	0	0	0	0	0	0	0	0	0	0
NZ_UGQW01000002.1	5p	-	64	303	317	305	299	1224	5	22	7	1	1	0	1	0	0	0	1	0	0	0	0	1	0	0	0	0	0
NZ_UGQW01000002.1	5p	-	65	265	327	310	257	1159	4	28	3	6	0	0	0	0	3	0	0	3	0	1	0	0	0	0	0	0	0
NZ_UGQW01000002.1	5p	-	66	272	286	277	268	1103	7	27	5	1	0	2	0	4	0	0	1	2	0	0	0	0	0	0	0	0	0
NZ_UGQW01000002.1	5p	-	67	250	278	240	274	1042	3	22	6	6	0	0	0	0	1	0	0	0	0	0	0	0	0	0	0	0	0
NZ_UGQW01000002.1	5p	-	68	235	264	245	234	978	8	29	6	3	1	1	1	0	0	0	0	0	0	0	0	0	0	0	0	0	0
NZ_UGQW01000002.1	5p	-	69	225	216	264	236	941	1	14	2	5	1	0	0	1	1	0	0	2	0	0	0	0	0	0	0	0	0
NZ_UGQW01000002.1	5p	-	70	216	226	219	219	880	4	25	3	4	0	0	0	0	0	2	0	1	0	0	0	0	0	0	0	0	0
