# table produced by mapDamage version 2.2.3
# using mapped file /mnt/archgen/microbiome_calculus/library_ds_vs_ss/04-analysis/normalize_kraken/mapping/lautropia_mirabilis/out/GDN001.A0101.SG1.1_5M.mapped_l_mirabilis_q25l30_rmdup.bam and /mnt/archgen/microbiome_calculus/library_ds_vs_ss/04-analysis/normalize_kraken/mapping/lautropia_mirabilis/input/GCF_900637555.1_51726_E01_genomic.fna as reference file
# Chr: reference from sam/bam header, End: from which termini of DNA sequences, Std: strand of reads
Chr	End	Std	Pos	A	C	G	T	Total	G>A	C>T	A>G	T>C	A>C	A>T	C>G	C>A	T>G	T>A	G>C	G>T	A>-	T>-	C>-	G>-	->A	->T	->C	->G	S
NZ_LR134378.1	3p	+	1	36	32	42	22	132	10	1	5	2	1	0	2	1	0	0	1	0	0	0	0	0	0	0	0	0	0
NZ_LR134378.1	3p	+	2	25	36	49	22	132	3	1	2	0	0	0	5	0	1	0	3	1	0	0	0	0	0	0	0	0	0
NZ_LR134378.1	3p	+	3	23	37	43	29	132	1	2	2	0	0	0	2	0	0	0	1	0	0	0	0	0	0	0	0	0	0
NZ_LR134378.1	3p	+	4	25	35	47	25	132	2	0	0	1	1	1	1	0	0	0	4	1	0	0	0	0	0	0	0	0	0
NZ_LR134378.1	3p	+	5	12	44	52	24	132	1	2	0	0	0	0	0	0	1	0	2	1	0	0	0	0	0	0	0	0	0
NZ_LR134378.1	3p	+	6	15	37	46	34	132	2	0	1	4	0	0	0	2	0	0	2	1	0	0	0	0	0	0	0	0	0
NZ_LR134378.1	3p	+	7	21	49	41	21	132	2	0	0	0	0	0	3	1	0	0	2	0	0	0	0	0	0	0	0	0	0
NZ_LR134378.1	3p	+	8	19	50	48	15	132	0	1	0	0	0	0	1	1	1	0	4	0	0	0	0	0	0	0	0	0	0
NZ_LR134378.1	3p	+	9	25	43	47	17	132	2	0	4	1	0	0	2	1	0	0	1	0	0	0	0	0	0	0	0	0	0
NZ_LR134378.1	3p	+	10	21	36	52	23	132	0	1	1	1	0	0	1	0	1	0	4	0	0	0	0	0	0	0	0	0	0
NZ_LR134378.1	3p	+	11	22	38	49	23	132	0	1	1	1	0	0	0	0	0	0	3	0	0	1	0	0	0	0	0	0	0
NZ_LR134378.1	3p	+	12	22	41	46	23	132	1	1	0	1	1	0	2	0	2	0	3	0	0	0	0	0	0	0	0	0	0
NZ_LR134378.1	3p	+	13	24	37	47	24	132	2	0	0	0	1	0	2	0	2	0	2	0	0	0	0	0	0	0	0	0	0
NZ_LR134378.1	3p	+	14	20	54	40	18	132	0	0	0	3	0	1	3	0	0	1	3	0	0	0	0	0	0	0	0	0	0
NZ_LR134378.1	3p	+	15	21	57	43	10	131	0	1	0	0	1	0	2	0	0	0	3	0	0	0	0	0	0	0	1	0	0
NZ_LR134378.1	3p	+	16	20	48	40	24	132	1	2	2	0	0	0	1	0	0	0	1	0	0	0	0	0	0	0	0	0	0
NZ_LR134378.1	3p	+	17	20	48	48	16	132	0	0	1	0	0	0	1	2	0	0	0	0	0	0	0	0	0	0	0	0	0
NZ_LR134378.1	3p	+	18	27	39	45	20	131	0	2	1	0	1	0	1	1	0	0	4	0	0	0	0	0	0	1	0	0	0
NZ_LR134378.1	3p	+	19	22	50	39	21	132	0	0	1	2	0	0	0	0	0	0	1	0	0	0	0	0	0	0	0	0	0
NZ_LR134378.1	3p	+	20	14	47	51	19	131	1	1	0	2	0	0	3	0	0	0	6	0	0	0	0	0	0	0	1	0	0
NZ_LR134378.1	3p	+	21	22	41	53	16	132	2	1	1	0	0	0	1	0	0	1	0	0	0	0	0	1	0	0	0	0	0
NZ_LR134378.1	3p	+	22	27	40	50	15	132	0	0	1	0	0	0	3	1	0	0	5	0	0	0	0	0	0	0	0	0	0
NZ_LR134378.1	3p	+	23	21	50	47	14	132	1	1	0	0	0	0	4	0	0	1	0	0	0	0	0	0	0	0	0	0	0
NZ_LR134378.1	3p	+	24	24	48	39	21	132	0	0	1	2	0	0	3	0	0	0	3	0	0	0	0	0	0	0	0	0	0
NZ_LR134378.1	3p	+	25	19	42	48	23	132	2	0	1	1	0	0	2	0	0	0	1	1	0	0	0	0	0	0	0	0	0
NZ_LR134378.1	3p	+	26	26	40	47	19	132	0	0	2	2	0	0	2	0	1	0	1	0	0	0	0	0	0	0	0	0	0
NZ_LR134378.1	3p	+	27	17	33	57	25	132	0	2	2	3	1	0	0	0	0	0	4	0	0	0	0	0	0	0	0	0	0
NZ_LR134378.1	3p	+	28	19	49	44	20	132	1	2	1	2	0	0	1	0	0	0	0	1	0	0	0	0	0	0	0	0	0
NZ_LR134378.1	3p	+	29	19	41	48	24	132	0	4	2	0	1	0	3	1	0	0	2	1	1	0	0	0	0	0	0	0	0
NZ_LR134378.1	3p	+	30	23	41	35	33	132	1	0	0	1	1	2	1	0	0	1	1	1	0	0	0	0	0	0	0	0	0
NZ_LR134378.1	3p	+	31	21	35	39	21	116	0	1	1	1	0	0	2	1	1	1	3	0	0	0	0	0	0	0	0	0	0
NZ_LR134378.1	3p	+	32	16	34	37	19	106	0	1	1	0	0	0	1	1	0	0	5	1	0	0	0	0	0	0	0	0	0
NZ_LR134378.1	3p	+	33	20	36	33	13	102	0	3	0	1	0	0	0	0	0	0	0	0	0	0	0	0	0	0	0	0	0
NZ_LR134378.1	3p	+	34	13	27	34	22	96	1	1	0	1	0	0	0	0	0	2	2	1	0	0	0	0	0	0	0	0	0
NZ_LR134378.1	3p	+	35	11	36	31	13	91	1	1	1	1	0	1	4	1	0	0	3	0	0	0	0	0	0	0	0	0	0
NZ_LR134378.1	3p	+	36	12	23	35	14	84	0	2	0	1	0	0	0	1	0	0	2	2	0	0	0	0	0	0	0	0	0
NZ_LR134378.1	3p	+	37	15	30	25	8	78	0	1	0	0	0	0	2	1	0	0	0	0	0	0	0	0	0	0	0	0	0
NZ_LR134378.1	3p	+	38	10	27	26	10	73	3	0	1	1	0	0	4	0	0	0	1	1	0	0	0	0	0	0	0	0	0
NZ_LR134378.1	3p	+	39	13	26	18	10	67	0	0	0	1	0	0	0	0	0	0	3	0	0	0	0	0	0	0	0	1	0
NZ_LR134378.1	3p	+	40	12	19	21	15	67	0	0	1	0	0	0	0	0	0	0	0	0	0	0	1	0	0	0	0	0	0
NZ_LR134378.1	3p	+	41	10	15	25	14	64	0	0	2	1	0	0	0	0	0	0	2	0	0	0	0	0	0	0	0	0	0
NZ_LR134378.1	3p	+	42	16	21	13	12	62	1	1	1	0	2	0	0	0	0	0	1	1	0	0	0	0	0	0	0	0	0
NZ_LR134378.1	3p	+	43	9	13	15	13	50	0	2	1	0	0	0	1	0	0	0	0	0	0	0	0	0	0	0	0	0	0
NZ_LR134378.1	3p	+	44	9	18	13	4	44	0	1	1	0	0	0	1	1	0	0	0	1	0	0	0	0	0	0	0	0	0
NZ_LR134378.1	3p	+	45	6	13	14	7	40	2	0	1	0	0	0	0	0	0	0	1	0	0	0	0	0	0	0	0	0	0
NZ_LR134378.1	3p	+	46	7	13	9	6	35	0	3	1	0	0	0	0	0	0	0	0	0	0	0	0	0	0	0	0	0	0
NZ_LR134378.1	3p	+	47	6	10	7	5	28	0	0	0	1	0	0	0	0	0	0	2	1	0	0	0	0	0	0	0	0	0
NZ_LR134378.1	3p	+	48	6	8	10	2	26	0	0	1	0	0	0	1	0	0	0	0	0	0	0	0	0	0	0	0	0	0
NZ_LR134378.1	3p	+	49	5	7	10	4	26	1	2	0	0	0	0	0	0	0	0	0	0	0	0	0	0	0	0	0	0	0
NZ_LR134378.1	3p	+	50	6	7	6	3	22	0	0	0	0	0	1	0	0	0	0	0	0	0	0	0	0	0	0	0	0	0
NZ_LR134378.1	3p	+	51	2	7	5	4	18	0	1	0	0	0	0	0	0	0	0	0	0	0	0	0	0	0	0	0	0	0
NZ_LR134378.1	3p	+	52	3	8	1	3	15	0	0	1	0	0	0	0	0	0	0	0	0	0	0	0	0	0	0	0	0	0
NZ_LR134378.1	3p	+	53	2	3	6	3	14	0	0	0	0	0	0	0	0	0	0	0	0	0	0	0	0	0	0	0	0	0
NZ_LR134378.1	3p	+	54	2	5	5	1	13	0	1	0	0	0	0	0	0	0	0	1	1	0	0	0	0	0	0	0	0	0
NZ_LR134378.1	3p	+	55	2	6	0	3	11	0	0	0	0	0	0	0	0	0	0	0	0	0	0	0	0	0	0	0	0	0
NZ_LR134378.1	3p	+	56	2	3	3	3	11	0	0	0	0	0	0	0	0	0	0	0	0	0	0	0	0	0	0	0	0	0
NZ_LR134378.1	3p	+	57	2	4	3	2	11	0	0	0	0	0	0	0	0	0	0	0	0	0	0	0	0	0	0	0	0	0
NZ_LR134378.1	3p	+	58	1	1	3	2	7	0	0	0	0	0	0	0	0	0	0	0	0	0	0	0	0	0	0	0	0	0
NZ_LR134378.1	3p	+	59	0	2	3	1	6	0	0	0	0	0	0	0	0	0	0	0	0	0	0	0	0	0	0	0	0	0
NZ_LR134378.1	3p	+	60	1	1	3	1	6	0	0	0	0	0	0	0	0	0	0	0	0	0	0	0	0	0	0	0	0	0
NZ_LR134378.1	3p	+	61	2	2	0	2	6	0	0	0	0	0	0	0	0	0	0	0	0	0	0	0	0	0	0	0	0	0
NZ_LR134378.1	3p	+	62	0	3	2	1	6	0	0	0	0	0	0	0	0	0	1	0	0	0	0	0	0	0	0	0	0	0
NZ_LR134378.1	3p	+	63	0	1	2	1	4	0	0	0	0	0	0	0	0	0	0	0	0	0	0	0	0	0	0	0	0	0
NZ_LR134378.1	3p	+	64	1	0	0	2	3	0	0	0	0	0	0	0	0	0	0	0	0	0	0	0	0	0	0	0	0	0
NZ_LR134378.1	3p	+	65	0	1	1	1	3	0	0	0	0	0	0	0	0	0	0	0	1	0	0	0	0	0	0	0	0	0
NZ_LR134378.1	3p	+	66	1	0	1	1	3	0	0	0	0	0	0	0	0	0	0	0	0	0	0	0	0	0	0	0	0	0
NZ_LR134378.1	3p	+	67	0	0	1	1	2	0	0	0	0	0	0	0	0	0	0	0	0	0	0	0	0	0	0	0	0	0
NZ_LR134378.1	3p	+	68	0	0	0	1	1	0	0	0	0	0	0	0	0	0	0	0	0	0	0	0	0	0	0	0	0	0
NZ_LR134378.1	3p	+	69	0	0	1	0	1	0	0	0	0	0	0	0	0	0	0	0	0	0	0	0	0	0	0	0	0	0
NZ_LR134378.1	3p	+	70	0	0	0	1	1	0	0	0	0	0	0	0	0	0	0	0	0	0	0	0	0	0	0	0	0	0
NZ_LR134378.1	3p	-	1	36	36	43	26	141	5	2	3	1	0	0	0	1	0	3	1	0	0	0	0	0	0	0	0	0	0
NZ_LR134378.1	3p	-	2	30	45	50	16	141	4	0	0	1	0	0	3	1	1	0	4	1	0	0	0	0	0	0	0	0	0
NZ_LR134378.1	3p	-	3	25	42	46	28	141	2	1	1	0	0	0	1	2	1	0	4	2	0	0	0	0	0	0	0	0	0
NZ_LR134378.1	3p	-	4	36	37	34	34	141	1	0	0	0	1	0	1	1	0	0	3	0	0	0	0	0	0	0	0	0	0
NZ_LR134378.1	3p	-	5	28	47	50	16	141	2	2	0	2	1	0	3	0	0	0	0	1	0	0	0	0	0	0	0	0	0
NZ_LR134378.1	3p	-	6	26	44	51	20	141	4	1	0	0	1	0	0	0	1	0	6	0	0	0	0	0	0	0	0	0	0
NZ_LR134378.1	3p	-	7	19	51	50	21	141	0	1	0	0	0	0	1	0	0	0	3	1	0	0	0	0	0	0	0	0	0
NZ_LR134378.1	3p	-	8	21	51	49	20	141	0	0	2	3	1	1	3	0	1	0	0	1	0	0	0	0	0	0	0	0	0
NZ_LR134378.1	3p	-	9	23	49	43	26	141	0	0	2	2	0	0	2	2	1	1	4	4	0	0	0	0	0	0	0	0	0
NZ_LR134378.1	3p	-	10	23	54	44	20	141	0	0	2	1	1	0	3	1	0	0	1	0	0	0	0	0	0	0	0	0	0
NZ_LR134378.1	3p	-	11	17	52	50	22	141	1	1	0	1	1	0	2	1	1	0	3	0	0	0	0	0	0	0	0	0	0
NZ_LR134378.1	3p	-	12	23	55	46	16	140	2	1	2	0	0	1	2	0	0	0	2	0	0	0	0	0	0	1	0	0	0
NZ_LR134378.1	3p	-	13	23	36	52	29	140	1	0	0	1	0	0	0	0	1	1	2	0	0	0	0	0	0	0	0	1	0
NZ_LR134378.1	3p	-	14	13	43	55	30	141	1	0	0	2	0	1	2	0	3	0	4	0	0	0	0	0	0	0	0	0	0
NZ_LR134378.1	3p	-	15	20	52	47	22	141	1	0	0	1	1	1	1	1	0	1	1	1	0	0	0	0	0	0	0	0	0
NZ_LR134378.1	3p	-	16	19	49	52	21	141	1	1	2	0	1	0	1	1	0	0	3	0	0	0	0	0	0	0	0	0	0
NZ_LR134378.1	3p	-	17	19	51	52	19	141	0	2	0	0	0	0	1	0	0	0	4	0	1	0	0	0	0	0	0	0	0
NZ_LR134378.1	3p	-	18	18	52	46	25	141	0	0	3	2	0	0	3	0	0	0	1	0	0	0	0	0	0	0	0	0	0
NZ_LR134378.1	3p	-	19	23	52	45	21	141	0	1	1	0	0	0	2	0	0	0	2	0	0	0	0	0	0	0	0	0	0
NZ_LR134378.1	3p	-	20	23	40	54	23	140	1	1	3	4	0	0	2	0	1	0	1	1	0	0	0	0	0	1	0	0	0
NZ_LR134378.1	3p	-	21	22	58	46	15	141	0	1	1	0	1	0	5	0	0	0	3	0	0	0	0	0	0	0	0	0	0
NZ_LR134378.1	3p	-	22	21	52	44	23	140	1	1	2	1	0	0	1	0	2	0	2	1	0	0	0	0	0	0	0	1	0
NZ_LR134378.1	3p	-	23	19	49	52	21	141	2	0	1	0	0	0	0	0	0	0	3	2	0	0	0	0	0	0	0	0	0
NZ_LR134378.1	3p	-	24	31	49	42	19	141	0	0	3	0	0	0	1	1	0	0	0	1	1	0	0	0	0	0	0	0	0
NZ_LR134378.1	3p	-	25	25	43	51	22	141	0	3	1	0	0	0	3	0	0	0	2	0	0	0	0	0	0	0	0	0	0
NZ_LR134378.1	3p	-	26	24	49	47	21	141	0	1	1	1	0	0	3	0	1	1	0	0	0	0	0	0	0	0	0	0	0
NZ_LR134378.1	3p	-	27	17	44	60	20	141	0	0	0	0	0	0	5	0	0	0	3	0	0	0	0	0	0	0	0	0	0
NZ_LR134378.1	3p	-	28	28	37	55	21	141	0	0	1	0	0	0	1	0	0	0	3	0	0	0	0	0	0	0	0	0	0
NZ_LR134378.1	3p	-	29	15	40	62	24	141	0	1	1	0	1	1	2	1	1	0	3	0	0	0	0	0	0	0	0	0	0
NZ_LR134378.1	3p	-	30	26	51	36	28	141	1	3	4	0	0	1	2	1	0	1	3	1	0	0	1	0	0	0	0	0	0
NZ_LR134378.1	3p	-	31	23	41	38	26	128	2	0	1	0	0	0	1	0	0	0	1	1	0	0	0	0	0	0	0	0	0
NZ_LR134378.1	3p	-	32	21	31	52	17	121	2	0	1	0	0	0	1	0	0	0	1	0	0	0	0	0	0	0	0	0	0
NZ_LR134378.1	3p	-	33	13	39	33	24	109	0	0	0	0	0	1	5	0	1	0	2	0	0	0	0	0	1	0	0	0	0
NZ_LR134378.1	3p	-	34	18	27	40	18	103	2	1	0	2	0	0	0	0	0	0	0	0	0	0	0	0	0	0	0	0	0
NZ_LR134378.1	3p	-	35	15	33	28	15	91	0	1	0	1	0	0	5	0	1	0	3	2	0	0	0	0	0	0	0	0	0
NZ_LR134378.1	3p	-	36	16	32	21	16	85	0	3	0	1	0	0	1	0	0	0	1	0	0	0	0	0	0	0	0	0	0
NZ_LR134378.1	3p	-	37	15	21	28	9	73	0	1	0	0	0	1	0	0	0	0	0	0	0	0	1	0	0	0	0	0	0
NZ_LR134378.1	3p	-	38	4	18	32	12	66	1	1	0	1	0	0	3	0	0	0	1	0	1	0	0	0	0	0	0	0	0
NZ_LR134378.1	3p	-	39	9	23	21	11	64	1	1	0	0	0	0	0	0	0	0	1	0	0	2	0	0	0	0	0	0	0
NZ_LR134378.1	3p	-	40	11	14	18	17	60	0	0	0	0	1	0	1	0	0	0	1	0	0	1	0	0	0	0	0	0	0
NZ_LR134378.1	3p	-	41	11	22	16	7	56	0	3	0	1	0	0	0	0	0	0	0	0	0	0	0	0	0	0	0	0	0
NZ_LR134378.1	3p	-	42	9	16	18	8	51	0	1	0	2	0	0	0	0	0	0	0	0	0	0	0	0	0	0	1	0	0
NZ_LR134378.1	3p	-	43	8	16	13	10	47	0	1	0	0	1	0	1	0	0	0	2	1	0	0	0	0	0	1	0	0	0
NZ_LR134378.1	3p	-	44	10	14	13	6	43	0	1	0	0	0	0	1	0	0	0	0	1	0	0	0	0	0	0	0	0	0
NZ_LR134378.1	3p	-	45	9	14	8	8	39	0	1	0	1	0	0	2	0	0	0	1	0	0	0	0	0	0	0	0	0	0
NZ_LR134378.1	3p	-	46	6	10	10	10	36	0	0	0	0	0	0	0	0	0	0	1	0	0	0	0	0	0	0	0	0	0
NZ_LR134378.1	3p	-	47	6	6	15	6	33	0	0	0	0	1	0	2	0	0	0	0	0	0	0	0	0	0	0	0	0	0
NZ_LR134378.1	3p	-	48	3	6	8	6	23	0	2	0	1	0	0	0	1	0	0	0	0	0	0	0	0	0	0	0	0	0
NZ_LR134378.1	3p	-	49	4	7	6	5	22	0	0	0	0	0	0	0	0	0	0	0	0	0	0	0	0	0	0	0	0	0
NZ_LR134378.1	3p	-	50	5	7	6	1	19	0	0	0	0	0	1	0	0	0	0	0	0	0	0	0	0	0	0	0	0	0
NZ_LR134378.1	3p	-	51	3	10	4	0	17	0	0	0	0	0	1	0	0	0	0	0	0	0	0	0	0	0	0	0	0	0
NZ_LR134378.1	3p	-	52	1	5	4	4	14	0	0	0	0	0	0	1	0	0	0	0	0	0	0	0	0	0	0	0	0	0
NZ_LR134378.1	3p	-	53	2	5	3	3	13	0	0	0	0	0	0	0	0	0	0	0	0	0	0	0	0	0	0	0	0	0
NZ_LR134378.1	3p	-	54	1	3	3	4	11	0	0	0	1	0	0	0	0	0	0	1	0	0	0	0	0	0	0	0	0	0
NZ_LR134378.1	3p	-	55	3	1	4	2	10	0	0	0	0	0	0	0	0	0	0	0	0	0	0	0	0	0	0	0	0	0
NZ_LR134378.1	3p	-	56	1	3	4	0	8	0	0	0	0	0	0	0	0	0	0	1	0	0	0	0	0	0	0	0	0	0
NZ_LR134378.1	3p	-	57	1	2	2	3	8	0	0	0	0	0	0	0	0	0	0	0	0	0	0	0	0	0	0	0	0	0
NZ_LR134378.1	3p	-	58	3	3	2	0	8	0	0	0	0	0	0	0	0	0	0	0	0	0	0	0	0	0	0	0	0	0
NZ_LR134378.1	3p	-	59	0	2	4	2	8	0	0	0	0	0	0	0	0	0	0	0	0	0	0	0	0	0	0	0	0	0
NZ_LR134378.1	3p	-	60	1	4	2	1	8	0	0	0	0	0	0	0	0	0	0	0	0	0	0	0	0	0	0	0	0	0
NZ_LR134378.1	3p	-	61	0	5	1	2	8	0	0	0	0	0	0	0	0	0	0	0	0	0	0	0	0	0	0	0	0	0
NZ_LR134378.1	3p	-	62	0	5	2	1	8	0	0	0	0	0	0	0	0	0	0	0	0	0	0	0	0	0	0	0	0	0
NZ_LR134378.1	3p	-	63	2	4	2	0	8	0	0	0	0	0	0	0	0	0	0	0	0	0	0	0	0	0	0	0	0	0
NZ_LR134378.1	3p	-	64	2	3	3	0	8	0	0	0	0	0	0	0	0	0	0	0	0	0	0	0	0	0	0	0	0	0
NZ_LR134378.1	3p	-	65	1	3	1	3	8	0	0	0	1	0	0	0	0	0	0	0	0	0	0	0	0	0	0	0	0	0
NZ_LR134378.1	3p	-	66	2	2	4	0	8	0	0	0	0	0	0	0	1	0	0	0	0	0	0	0	0	0	0	0	0	0
NZ_LR134378.1	3p	-	67	0	3	1	2	6	0	0	0	0	0	0	0	0	0	0	0	0	0	0	0	0	0	0	0	0	0
NZ_LR134378.1	3p	-	68	1	2	2	1	6	0	0	0	0	0	0	0	0	0	0	0	0	0	0	0	0	0	0	0	0	0
NZ_LR134378.1	3p	-	69	0	0	3	3	6	0	0	0	0	0	0	0	0	0	0	0	0	0	0	0	0	0	0	0	0	0
NZ_LR134378.1	3p	-	70	0	3	1	2	6	0	0	0	0	0	0	0	0	0	0	0	0	0	0	0	0	0	0	0	0	0
NZ_LR134378.1	5p	+	1	25	45	33	29	132	2	12	2	1	2	4	2	1	0	1	1	2	0	0	0	0	0	0	0	0	0
NZ_LR134378.1	5p	+	2	18	40	42	32	132	2	3	2	1	0	0	4	1	0	1	2	3	0	0	0	0	0	0	0	0	0
NZ_LR134378.1	5p	+	3	22	43	49	18	132	2	5	2	1	1	0	0	0	0	1	1	3	0	0	0	0	0	0	0	0	0
NZ_LR134378.1	5p	+	4	25	42	37	28	132	0	3	1	0	0	0	1	0	0	0	2	2	1	0	0	0	0	0	0	0	0
NZ_LR134378.1	5p	+	5	28	34	40	29	131	0	1	0	3	0	0	2	0	0	0	2	0	0	0	0	0	0	0	0	1	0
NZ_LR134378.1	5p	+	6	20	55	39	18	132	0	1	1	1	0	0	2	0	0	0	2	1	0	0	1	0	0	0	0	0	0
NZ_LR134378.1	5p	+	7	20	33	48	31	132	1	0	1	2	0	0	1	1	0	0	1	0	0	0	0	0	0	0	0	0	0
NZ_LR134378.1	5p	+	8	19	49	38	26	132	0	1	2	2	0	0	2	0	0	1	3	1	0	0	0	0	0	0	0	0	0
NZ_LR134378.1	5p	+	9	23	51	44	14	132	0	1	2	2	0	0	0	1	0	0	2	0	0	0	0	0	0	0	0	0	0
NZ_LR134378.1	5p	+	10	28	45	41	18	132	1	0	1	1	1	0	5	1	1	0	0	0	0	0	0	0	0	0	0	0	0
NZ_LR134378.1	5p	+	11	28	42	44	18	132	0	0	0	0	0	0	2	0	0	0	2	1	0	0	0	0	0	0	0	0	0
NZ_LR134378.1	5p	+	12	16	47	52	16	131	1	0	1	1	0	0	2	0	0	1	4	0	0	0	0	0	0	0	1	0	0
NZ_LR134378.1	5p	+	13	20	47	36	29	132	0	0	2	1	0	0	1	0	0	0	3	1	0	0	0	0	0	0	0	0	0
NZ_LR134378.1	5p	+	14	21	41	56	14	132	0	0	1	0	0	0	2	2	0	0	4	0	0	0	0	0	0	0	0	0	0
NZ_LR134378.1	5p	+	15	20	48	45	19	132	0	0	2	0	0	0	0	1	0	0	3	0	0	0	0	0	0	0	0	0	0
NZ_LR134378.1	5p	+	16	23	44	43	22	132	0	2	2	0	1	0	1	0	0	1	5	0	0	0	0	0	0	0	0	0	0
NZ_LR134378.1	5p	+	17	25	40	47	20	132	1	2	0	1	0	0	1	0	0	0	2	0	0	0	0	0	0	0	0	0	0
NZ_LR134378.1	5p	+	18	14	48	49	21	132	4	0	4	4	0	1	1	1	1	0	1	0	0	0	0	0	0	0	0	0	0
NZ_LR134378.1	5p	+	19	18	52	32	30	132	0	0	0	0	1	0	5	0	0	0	1	0	0	0	0	0	0	0	0	0	0
NZ_LR134378.1	5p	+	20	26	46	44	16	132	0	0	1	0	0	0	0	0	0	0	2	0	0	0	0	0	0	0	0	0	0
NZ_LR134378.1	5p	+	21	17	43	49	23	132	2	1	0	0	0	0	2	0	0	0	0	0	0	0	0	0	0	0	0	0	0
NZ_LR134378.1	5p	+	22	21	31	60	20	132	2	0	0	2	0	0	3	0	0	0	3	0	0	0	0	0	0	0	0	0	0
NZ_LR134378.1	5p	+	23	22	45	50	15	132	1	2	0	0	0	0	2	0	1	0	1	0	0	0	0	0	0	0	0	0	0
NZ_LR134378.1	5p	+	24	17	60	43	12	132	0	1	0	0	0	0	3	0	0	0	1	0	0	0	0	0	0	0	0	0	0
NZ_LR134378.1	5p	+	25	29	39	44	20	132	1	1	0	3	0	0	0	0	0	0	3	0	0	0	0	0	0	0	0	0	0
NZ_LR134378.1	5p	+	26	23	50	38	21	132	1	0	1	0	0	0	1	1	1	0	1	0	0	0	0	0	0	0	0	0	0
NZ_LR134378.1	5p	+	27	21	39	58	14	132	0	1	0	0	0	1	1	0	0	0	3	1	0	0	0	0	0	0	0	0	0
NZ_LR134378.1	5p	+	28	24	42	39	26	131	0	0	0	1	0	0	3	1	0	0	2	0	0	0	0	0	0	0	1	0	0
NZ_LR134378.1	5p	+	29	22	44	44	22	132	1	0	2	0	0	0	3	1	1	1	3	0	0	0	0	0	0	0	0	0	0
NZ_LR134378.1	5p	+	30	19	40	58	15	132	5	0	2	0	0	0	3	0	0	0	3	0	0	0	0	1	0	0	0	0	0
NZ_LR134378.1	5p	+	31	18	39	35	24	116	2	1	0	2	2	0	2	0	0	0	2	0	0	0	0	0	0	0	0	0	0
NZ_LR134378.1	5p	+	32	23	32	32	19	106	0	0	1	0	0	0	0	0	0	0	3	0	0	1	0	0	0	0	0	0	0
NZ_LR134378.1	5p	+	33	11	27	49	14	101	1	1	2	2	1	0	1	0	1	0	5	0	0	0	0	0	0	1	0	0	0
NZ_LR134378.1	5p	+	34	16	23	36	21	96	0	0	0	1	0	0	1	0	0	0	3	0	0	0	0	0	0	0	0	0	0
NZ_LR134378.1	5p	+	35	17	33	25	16	91	0	1	0	2	0	0	2	0	1	0	1	0	0	0	0	0	0	0	0	0	0
NZ_LR134378.1	5p	+	36	11	28	34	11	84	0	2	2	0	0	0	1	0	0	0	5	0	0	0	0	0	0	0	0	0	0
NZ_LR134378.1	5p	+	37	16	24	20	18	78	0	0	1	1	0	0	1	1	0	1	1	1	0	0	0	0	0	0	0	0	0
NZ_LR134378.1	5p	+	38	13	18	25	17	73	2	0	1	0	0	0	0	0	0	0	0	0	0	0	0	0	0	0	0	0	0
NZ_LR134378.1	5p	+	39	8	14	34	12	68	1	0	1	0	1	0	1	0	0	0	3	0	0	0	0	0	0	0	0	0	0
NZ_LR134378.1	5p	+	40	14	18	20	15	67	0	1	0	0	0	0	1	0	0	0	0	0	0	0	0	0	0	0	0	0	0
NZ_LR134378.1	5p	+	41	14	26	16	8	64	0	0	0	0	0	0	1	1	0	0	0	0	0	0	0	0	0	0	0	0	0
NZ_LR134378.1	5p	+	42	14	15	27	6	62	2	0	3	0	0	0	0	0	0	0	1	0	0	0	0	0	0	0	0	0	0
NZ_LR134378.1	5p	+	43	8	18	15	9	50	0	1	1	0	0	0	0	1	2	0	0	0	0	0	0	0	0	0	0	0	0
NZ_LR134378.1	5p	+	44	6	7	21	10	44	3	0	0	0	0	0	0	0	1	0	2	0	0	0	0	0	0	0	0	0	0
NZ_LR134378.1	5p	+	45	5	15	15	5	40	1	1	0	0	0	0	1	0	0	0	0	0	0	0	0	0	0	0	0	0	0
NZ_LR134378.1	5p	+	46	7	15	8	5	35	1	0	0	0	1	0	1	1	0	0	0	0	0	0	0	0	0	0	0	0	0
NZ_LR134378.1	5p	+	47	8	8	8	4	28	0	0	0	1	0	0	0	0	0	0	0	0	0	0	0	0	0	0	0	0	0
NZ_LR134378.1	5p	+	48	6	9	8	3	26	0	0	1	0	0	0	0	0	0	0	0	0	0	0	0	0	0	0	0	0	0
NZ_LR134378.1	5p	+	49	2	7	12	5	26	0	0	0	0	0	0	0	0	0	0	0	0	0	0	0	0	0	0	0	0	0
NZ_LR134378.1	5p	+	50	5	5	7	5	22	0	0	0	2	0	0	0	0	0	0	1	0	0	0	0	0	0	0	0	0	0
NZ_LR134378.1	5p	+	51	0	5	6	7	18	1	0	0	0	0	0	0	0	0	0	0	0	0	0	0	0	0	0	0	0	0
NZ_LR134378.1	5p	+	52	2	7	4	2	15	0	0	0	0	0	0	0	0	0	0	0	0	0	0	0	0	0	0	0	0	0
NZ_LR134378.1	5p	+	53	0	4	8	2	14	0	0	0	0	0	0	0	0	0	0	1	0	0	0	0	0	0	0	0	0	0
NZ_LR134378.1	5p	+	54	1	5	6	1	13	2	0	0	0	0	0	0	0	0	0	0	0	0	0	0	0	0	0	0	0	0
NZ_LR134378.1	5p	+	55	2	4	2	3	11	0	1	0	0	0	0	0	0	0	0	0	0	0	0	0	0	0	0	0	0	0
NZ_LR134378.1	5p	+	56	2	4	5	0	11	0	0	0	0	0	0	0	0	0	0	1	1	0	0	0	0	0	0	0	0	0
NZ_LR134378.1	5p	+	57	4	0	5	2	11	0	0	1	0	0	0	0	0	0	0	0	0	0	0	0	0	0	0	0	0	0
NZ_LR134378.1	5p	+	58	0	2	2	3	7	1	1	0	0	0	0	0	0	0	0	0	0	0	0	0	0	0	0	0	0	0
NZ_LR134378.1	5p	+	59	0	2	4	0	6	0	0	0	0	0	0	0	0	0	0	0	1	0	0	0	0	0	0	0	0	0
NZ_LR134378.1	5p	+	60	0	0	4	2	6	0	0	0	0	0	0	0	0	0	0	0	0	0	0	0	0	0	0	0	0	0
NZ_LR134378.1	5p	+	61	1	1	3	1	6	0	0	0	0	0	0	0	0	0	0	0	0	0	0	0	0	0	0	0	0	0
NZ_LR134378.1	5p	+	62	1	1	3	1	6	0	0	0	0	0	0	0	1	0	0	1	0	0	0	0	0	0	0	0	0	0
NZ_LR134378.1	5p	+	63	1	1	2	0	4	0	0	0	0	0	0	0	0	0	0	0	0	0	0	0	0	0	0	0	0	0
NZ_LR134378.1	5p	+	64	0	0	1	2	3	0	0	0	0	0	0	0	0	0	0	0	0	0	0	0	0	0	0	0	0	0
NZ_LR134378.1	5p	+	65	0	3	0	0	3	0	0	0	0	0	0	0	0	0	0	0	0	0	0	0	0	0	0	0	0	0
NZ_LR134378.1	5p	+	66	1	1	0	1	3	0	0	0	0	0	0	0	0	0	0	0	0	0	0	0	0	0	0	0	0	0
NZ_LR134378.1	5p	+	67	0	0	0	2	2	0	0	0	0	0	0	0	0	0	0	0	0	0	0	0	0	0	0	0	0	0
NZ_LR134378.1	5p	+	68	0	0	1	0	1	0	0	0	0	0	0	0	0	0	0	0	0	0	0	0	0	0	0	0	0	0
NZ_LR134378.1	5p	+	69	1	0	0	0	1	0	0	0	0	0	0	0	0	0	0	0	0	0	0	0	0	0	0	0	0	0
NZ_LR134378.1	5p	+	70	0	0	1	0	1	0	0	0	0	0	0	0	0	0	0	0	0	0	0	0	0	0	0	0	0	0
NZ_LR134378.1	5p	-	1	17	44	41	39	141	1	8	0	2	0	1	2	0	0	0	3	1	0	0	0	0	0	0	0	0	0
NZ_LR134378.1	5p	-	2	25	37	50	29	141	1	2	0	1	0	2	0	1	1	0	1	1	0	0	0	0	0	0	0	0	0
NZ_LR134378.1	5p	-	3	26	48	47	20	141	0	2	2	1	0	0	4	1	0	1	2	1	0	0	0	0	0	0	0	0	0
NZ_LR134378.1	5p	-	4	20	46	49	26	141	0	0	0	0	1	0	0	0	0	0	2	1	0	0	0	0	0	0	0	0	0
NZ_LR134378.1	5p	-	5	24	49	45	22	140	0	2	0	1	0	0	3	0	0	0	2	0	0	0	0	0	0	1	0	0	0
NZ_LR134378.1	5p	-	6	23	40	56	22	141	1	2	0	2	1	1	1	0	0	0	1	0	0	0	0	0	0	0	0	0	0
NZ_LR134378.1	5p	-	7	30	51	38	22	141	2	1	1	0	0	0	4	1	0	0	0	0	0	0	0	0	0	0	0	0	0
NZ_LR134378.1	5p	-	8	22	42	50	27	141	2	1	0	0	0	0	1	0	0	0	3	1	1	1	0	0	0	0	0	0	0
NZ_LR134378.1	5p	-	9	18	48	42	31	139	0	3	1	3	1	0	0	0	1	0	2	1	0	1	0	0	0	0	1	1	0
NZ_LR134378.1	5p	-	10	22	51	44	24	141	3	0	2	0	0	0	3	0	0	0	0	0	1	0	0	0	0	0	0	0	0
NZ_LR134378.1	5p	-	11	26	46	48	21	141	0	1	4	0	0	0	2	1	0	0	3	1	0	0	1	0	0	0	0	0	0
NZ_LR134378.1	5p	-	12	10	48	59	23	140	1	0	1	1	0	0	5	0	0	0	3	1	0	1	0	0	0	1	0	0	0
NZ_LR134378.1	5p	-	13	33	47	42	19	141	1	0	0	0	0	0	3	0	0	0	1	0	0	0	0	0	0	0	0	0	0
NZ_LR134378.1	5p	-	14	18	47	54	22	141	0	0	2	2	0	0	4	0	0	0	2	0	0	0	0	0	0	0	0	0	0
NZ_LR134378.1	5p	-	15	23	45	49	24	141	0	0	2	1	0	0	1	0	1	1	1	0	0	0	0	0	0	0	0	0	0
NZ_LR134378.1	5p	-	16	22	50	50	19	141	1	1	3	1	0	0	2	0	0	0	1	0	0	0	0	0	0	0	0	0	0
NZ_LR134378.1	5p	-	17	16	48	52	25	141	0	3	0	0	0	1	3	2	2	0	4	0	0	0	0	0	0	0	0	0	0
NZ_LR134378.1	5p	-	18	20	49	45	27	141	0	0	2	1	1	0	3	1	3	1	1	1	0	0	0	0	0	0	0	0	0
NZ_LR134378.1	5p	-	19	24	51	40	25	140	0	0	2	2	1	0	4	0	0	0	1	1	0	0	0	0	1	0	0	0	0
NZ_LR134378.1	5p	-	20	21	44	58	18	141	1	0	0	1	0	2	1	0	1	0	4	1	0	0	0	0	0	0	0	0	0
NZ_LR134378.1	5p	-	21	26	48	46	21	141	1	3	2	1	0	0	0	0	0	0	0	0	0	0	0	0	0	0	0	0	0
NZ_LR134378.1	5p	-	22	20	48	46	27	141	1	0	2	0	0	0	1	0	1	0	1	0	0	0	1	0	0	0	0	0	0
NZ_LR134378.1	5p	-	23	27	41	53	20	141	0	0	2	2	0	0	1	0	1	0	3	0	0	0	0	0	0	0	0	0	0
NZ_LR134378.1	5p	-	24	22	47	49	23	141	1	1	2	1	0	1	1	1	0	0	2	0	0	0	0	0	0	0	0	0	0
NZ_LR134378.1	5p	-	25	21	49	53	18	141	0	1	2	1	0	0	4	0	0	0	2	0	0	0	0	0	0	0	0	0	0
NZ_LR134378.1	5p	-	26	26	47	48	20	141	0	0	0	0	1	0	2	0	0	0	2	1	0	0	0	0	0	0	0	0	0
NZ_LR134378.1	5p	-	27	28	55	41	17	141	0	1	1	1	0	0	3	0	1	0	0	1	0	0	0	0	0	0	0	0	0
NZ_LR134378.1	5p	-	28	17	51	53	19	140	2	0	1	1	1	0	1	1	0	0	5	1	0	0	0	0	0	1	0	0	0
NZ_LR134378.1	5p	-	29	19	60	34	28	141	0	1	0	1	0	0	4	1	0	0	3	0	0	0	0	0	0	0	0	0	0
NZ_LR134378.1	5p	-	30	31	39	55	16	141	2	0	0	0	1	0	3	2	0	2	2	1	0	0	0	0	0	0	0	0	0
NZ_LR134378.1	5p	-	31	26	41	43	18	128	2	2	0	0	0	0	1	0	0	0	3	1	1	0	0	0	0	0	0	0	0
NZ_LR134378.1	5p	-	32	22	38	43	18	121	0	1	1	0	0	0	0	0	1	1	2	4	0	0	0	0	0	0	0	0	0
NZ_LR134378.1	5p	-	33	14	39	44	13	110	3	0	0	0	0	0	5	0	0	0	6	0	0	0	0	0	0	0	0	0	0
NZ_LR134378.1	5p	-	34	20	33	37	13	103	0	0	0	0	1	0	1	0	0	1	2	0	0	0	0	0	0	0	0	0	0
NZ_LR134378.1	5p	-	35	18	28	30	14	90	1	0	0	1	1	0	0	0	0	0	5	1	0	0	0	0	0	0	0	1	0
NZ_LR134378.1	5p	-	36	14	35	22	14	85	0	1	0	0	0	1	0	1	0	0	1	0	0	0	0	0	0	0	0	0	0
NZ_LR134378.1	5p	-	37	12	18	30	13	73	0	1	0	1	0	0	1	0	0	0	1	0	0	0	0	0	0	0	0	0	0
NZ_LR134378.1	5p	-	38	13	22	21	10	66	0	1	0	0	0	0	2	1	0	0	1	0	0	0	0	0	0	0	0	0	0
NZ_LR134378.1	5p	-	39	12	21	17	14	64	0	0	1	1	0	0	0	1	0	0	1	0	0	0	0	0	0	0	0	0	0
NZ_LR134378.1	5p	-	40	9	22	18	11	60	2	0	0	1	0	1	1	0	0	0	0	1	0	0	0	0	0	0	0	0	0
NZ_LR134378.1	5p	-	41	8	14	13	21	56	1	1	0	0	1	0	0	0	2	0	0	0	0	0	0	0	0	0	0	0	0
NZ_LR134378.1	5p	-	42	7	15	21	9	52	4	0	0	0	0	0	0	0	0	0	1	0	0	0	0	0	0	0	0	0	0
NZ_LR134378.1	5p	-	43	7	14	19	8	48	1	0	0	0	0	0	0	0	0	0	1	0	0	0	0	0	0	0	0	0	0
NZ_LR134378.1	5p	-	44	6	14	12	11	43	1	0	0	1	1	0	1	0	0	0	0	0	0	0	0	0	0	0	0	0	0
NZ_LR134378.1	5p	-	45	6	13	14	6	39	0	0	1	0	0	0	0	0	0	0	2	0	0	0	0	0	0	0	0	0	0
NZ_LR134378.1	5p	-	46	10	10	13	3	36	1	0	0	0	1	0	0	0	0	0	1	0	0	0	0	0	0	0	0	0	0
NZ_LR134378.1	5p	-	47	9	7	10	7	33	0	0	0	0	0	0	0	0	0	0	0	0	0	0	0	0	0	0	0	0	0
NZ_LR134378.1	5p	-	48	5	7	6	5	23	0	0	0	0	0	0	0	0	1	0	0	0	0	0	0	0	0	0	0	0	0
NZ_LR134378.1	5p	-	49	4	4	11	3	22	0	0	0	0	0	0	0	0	0	0	0	0	0	0	0	0	0	0	0	0	0
NZ_LR134378.1	5p	-	50	6	4	5	4	19	0	0	0	0	0	0	1	0	0	0	1	0	0	0	0	0	0	0	0	0	0
NZ_LR134378.1	5p	-	51	3	7	5	2	17	0	1	0	2	0	0	0	0	0	0	0	0	0	0	0	0	0	0	0	0	0
NZ_LR134378.1	5p	-	52	4	4	5	1	14	0	0	0	0	0	0	0	0	0	0	0	0	0	0	0	0	0	0	0	0	0
NZ_LR134378.1	5p	-	53	2	4	5	2	13	0	0	0	0	0	0	0	0	0	0	0	0	0	0	0	0	0	0	0	0	0
NZ_LR134378.1	5p	-	54	3	3	1	4	11	0	0	0	0	0	0	0	0	0	1	0	0	0	0	0	0	0	0	0	0	0
NZ_LR134378.1	5p	-	55	0	1	6	3	10	1	1	0	0	0	0	0	0	0	0	0	0	0	0	0	0	0	0	0	0	0
NZ_LR134378.1	5p	-	56	1	2	5	0	8	0	0	0	0	0	0	0	0	0	0	0	0	0	0	0	0	0	0	0	0	0
NZ_LR134378.1	5p	-	57	1	4	2	1	8	0	0	0	0	0	0	0	0	0	0	0	0	0	0	0	0	0	0	0	0	0
NZ_LR134378.1	5p	-	58	2	2	2	2	8	0	0	0	0	0	0	0	0	0	0	0	0	0	0	0	0	0	0	0	0	0
NZ_LR134378.1	5p	-	59	3	1	4	0	8	0	0	0	0	0	0	0	0	0	0	0	0	0	0	0	0	0	0	0	0	0
NZ_LR134378.1	5p	-	60	1	1	4	2	8	0	0	0	1	0	0	0	0	0	0	0	0	0	0	0	0	0	0	0	0	0
NZ_LR134378.1	5p	-	61	3	2	2	1	8	0	0	0	0	0	0	0	0	0	0	0	0	0	0	0	0	0	0	0	0	0
NZ_LR134378.1	5p	-	62	0	6	2	0	8	0	0	0	0	0	0	0	1	0	0	0	0	0	0	0	0	0	0	0	0	0
NZ_LR134378.1	5p	-	63	0	3	3	2	8	0	0	0	0	0	0	0	0	0	0	1	0	0	0	0	0	0	0	0	0	0
NZ_LR134378.1	5p	-	64	0	4	1	3	8	0	0	0	0	0	0	0	0	0	0	1	0	0	0	0	0	0	0	0	0	0
NZ_LR134378.1	5p	-	65	0	1	6	1	8	0	0	0	0	0	0	0	0	0	0	1	0	0	0	0	0	0	0	0	0	0
NZ_LR134378.1	5p	-	66	1	5	2	0	8	0	0	0	0	0	0	0	0	0	0	0	0	0	0	0	0	0	0	0	0	0
NZ_LR134378.1	5p	-	67	1	3	2	0	6	0	0	0	0	0	0	0	0	0	0	0	0	0	0	0	0	0	0	0	0	0
NZ_LR134378.1	5p	-	68	0	4	1	1	6	0	0	0	0	0	0	0	0	1	0	0	0	0	0	0	0	0	0	0	0	0
NZ_LR134378.1	5p	-	69	1	3	1	1	6	0	0	0	0	0	0	0	0	0	0	0	0	0	0	0	0	0	0	0	0	0
NZ_LR134378.1	5p	-	70	0	3	2	1	6	0	0	0	0	0	0	0	0	0	0	0	0	0	0	0	0	0	0	0	0	0
