# table produced by mapDamage version 2.2.3
# using mapped file /mnt/archgen/microbiome_calculus/library_ds_vs_ss/04-analysis/normalize_kraken/mapping/flexilinea_sp001717545/mapDamage2_dsLibs/input/GDN001.A0101.SG1.1_5M.mapped_f_sp001717545_q25l30_rmdup.bam and /mnt/archgen/microbiome_calculus/library_ds_vs_ss/04-analysis/normalize_kraken/mapping/flexilinea_sp001717545/input/GCA_001717545.1_ASM171754v1_genomic.fna as reference file
# Chr: reference from sam/bam header, End: from which termini of DNA sequences, Std: strand of reads
Chr	End	Std	Pos	A	C	G	T	Total	G>A	C>T	A>G	T>C	A>C	A>T	C>G	C>A	T>G	T>A	G>C	G>T	A>-	T>-	C>-	G>-	->A	->T	->C	->G	S
CP017039.1	3p	+	1	17846	9854	17285	10722	55707	8502	85	69	135	19	25	33	78	16	38	19	35	0	0	0	0	0	0	0	0	1
CP017039.1	3p	+	2	16983	13592	14306	10826	55707	4587	110	72	131	27	36	38	72	15	29	18	30	0	0	0	0	0	0	0	0	1
CP017039.1	3p	+	3	13549	14419	15308	12430	55706	2895	136	87	90	25	13	25	36	13	18	16	38	0	0	0	0	0	0	0	1	1
CP017039.1	3p	+	4	13907	12765	15709	13325	55706	2058	107	93	96	18	21	24	46	21	19	15	40	0	0	0	1	0	1	0	0	0
CP017039.1	3p	+	5	13310	14404	15789	12201	55704	1444	120	111	102	21	16	20	60	13	11	15	40	0	0	1	0	2	0	1	0	0
CP017039.1	3p	+	6	12916	14847	15523	12414	55700	1080	114	108	116	23	12	31	66	23	18	14	42	0	0	0	1	3	0	1	3	0
CP017039.1	3p	+	7	13136	14513	15552	12501	55702	772	121	106	79	21	13	17	63	19	13	16	50	0	0	1	2	2	1	2	0	0
CP017039.1	3p	+	8	12554	14919	16437	11793	55703	659	140	98	111	35	16	40	57	17	18	20	47	3	0	0	1	0	3	0	1	0
CP017039.1	3p	+	9	12349	15710	15881	11765	55705	553	129	95	109	22	19	35	61	12	14	18	35	0	2	2	2	0	1	1	0	0
CP017039.1	3p	+	10	12601	15188	16204	11712	55705	431	124	89	102	21	11	32	54	25	10	19	34	0	0	2	0	1	1	0	0	0
CP017039.1	3p	+	11	11678	15691	16874	11460	55703	413	126	133	99	23	17	19	59	17	16	25	43	0	1	4	0	1	1	2	0	0
CP017039.1	3p	+	12	11578	16644	15705	11775	55702	355	146	112	109	26	15	17	60	21	6	13	40	3	2	2	1	3	1	0	1	0
CP017039.1	3p	+	13	12026	15605	16274	11799	55704	320	141	96	83	16	14	16	48	10	9	13	53	1	2	1	0	1	0	2	0	0
CP017039.1	3p	+	14	11766	16019	16878	11042	55705	349	170	102	120	19	11	20	59	15	11	13	37	5	0	1	1	0	1	1	0	0
CP017039.1	3p	+	15	11232	16624	16555	11293	55704	350	142	103	106	29	15	20	59	17	9	17	38	2	2	0	2	0	2	0	1	0
CP017039.1	3p	+	16	11552	15998	16702	11453	55705	359	132	108	102	21	10	12	53	25	10	21	44	3	4	0	1	2	0	0	0	0
CP017039.1	3p	+	17	11077	16626	17252	10749	55704	318	142	103	111	25	18	17	46	17	3	26	40	2	0	2	0	1	1	0	1	0
CP017039.1	3p	+	18	10856	17089	16545	11213	55703	290	149	102	104	28	12	22	51	20	10	15	48	2	0	0	2	0	3	0	1	0
CP017039.1	3p	+	19	11605	16114	16666	11319	55704	318	133	116	115	23	13	27	57	21	8	26	40	2	1	3	1	1	1	1	0	0
CP017039.1	3p	+	20	11010	16659	17159	10874	55702	315	172	94	102	22	19	19	48	15	11	20	35	0	0	1	0	2	0	1	2	0
CP017039.1	3p	+	21	10811	16961	16786	11146	55704	277	147	97	119	20	11	14	58	19	14	17	46	3	1	1	2	1	1	0	1	0
CP017039.1	3p	+	22	11625	16458	16646	10976	55705	283	153	74	108	19	14	13	47	23	11	17	47	2	0	2	0	0	1	1	0	0
CP017039.1	3p	+	23	11282	16733	17172	10516	55703	271	151	125	108	23	15	22	62	18	7	20	49	2	2	1	0	0	2	2	0	0
CP017039.1	3p	+	24	10819	17177	16612	11093	55701	248	186	112	104	27	6	15	49	23	13	23	40	0	1	0	0	1	1	1	3	0
CP017039.1	3p	+	25	11581	16220	16698	11205	55704	219	150	104	110	18	10	13	51	23	3	20	29	1	3	2	1	1	1	1	0	0
CP017039.1	3p	+	26	11053	16994	17133	10526	55706	236	212	100	116	33	12	24	77	17	9	22	63	0	1	3	2	1	0	0	0	0
CP017039.1	3p	+	27	10747	17150	16634	11173	55704	202	244	110	112	20	11	20	58	18	8	23	45	0	1	2	1	0	1	1	1	0
CP017039.1	3p	+	28	11449	16296	16585	11375	55705	197	257	104	97	24	15	16	50	9	9	17	40	2	1	0	1	0	2	0	0	0
CP017039.1	3p	+	29	10915	16955	17094	10741	55705	200	303	113	101	24	12	17	47	15	17	26	66	2	0	0	2	0	1	1	0	0
CP017039.1	3p	+	30	10997	16980	16346	11377	55700	215	438	88	113	15	12	21	48	12	5	18	41	1	0	1	4	2	3	0	2	0
CP017039.1	3p	+	31	11397	16227	16297	11068	54989	197	433	75	92	19	11	24	66	20	14	23	42	0	0	1	1	1	1	1	1	0
CP017039.1	3p	+	32	10734	16297	16510	10643	54184	218	417	101	123	15	12	10	64	27	13	23	52	2	3	0	0	2	4	0	1	0
CP017039.1	3p	+	33	10658	16666	15164	10931	53419	159	446	107	108	15	9	22	55	23	9	18	37	0	0	3	1	0	1	0	1	0
CP017039.1	3p	+	34	11171	15135	15240	11002	52548	164	402	98	99	33	9	14	49	17	6	12	41	1	0	2	0	3	1	1	0	0
CP017039.1	3p	+	35	10521	15450	15443	10330	51744	186	466	83	108	18	13	22	37	26	15	19	57	1	2	1	1	0	1	0	1	0
CP017039.1	3p	+	36	10006	15455	14795	10569	50825	161	500	102	119	17	12	15	41	22	12	20	42	0	1	2	1	3	0	0	1	0
CP017039.1	3p	+	37	10454	14452	14398	10610	49914	130	450	103	100	12	10	13	37	20	15	18	39	1	3	3	1	0	0	0	0	0
CP017039.1	3p	+	38	10016	14479	14540	9919	48954	143	495	103	95	21	9	18	52	21	11	24	34	2	3	2	2	2	0	0	0	0
CP017039.1	3p	+	39	9558	14722	13570	10131	47981	128	533	78	91	17	12	14	46	22	11	11	29	1	0	1	2	3	1	0	1	0
CP017039.1	3p	+	40	10064	13469	13249	10238	47020	115	477	68	95	18	13	6	34	14	8	11	31	1	2	0	0	0	0	0	0	0
CP017039.1	3p	+	41	9528	13387	13567	9481	45963	142	532	87	78	26	12	13	39	20	8	13	48	1	0	1	4	1	0	0	0	0
CP017039.1	3p	+	42	9164	13611	12674	9556	45005	119	532	85	88	13	16	11	46	19	10	15	32	3	2	1	0	0	0	0	1	0
CP017039.1	3p	+	43	9382	12615	12315	9649	43961	121	535	84	55	9	9	9	40	8	6	13	33	1	3	3	1	0	1	1	0	0
CP017039.1	3p	+	44	8901	12558	12416	8958	42833	121	543	76	80	7	11	9	46	15	5	18	42	1	2	1	0	0	2	0	2	0
CP017039.1	3p	+	45	8555	12554	11496	9095	41700	106	594	71	79	14	10	11	36	15	9	18	35	3	4	0	0	0	1	1	0	0
CP017039.1	3p	+	46	8705	11534	11288	8984	40511	102	555	65	62	13	8	5	34	12	6	17	24	0	2	0	2	0	1	0	1	0
CP017039.1	3p	+	47	8319	11616	11087	8321	39343	113	631	79	68	18	11	8	31	11	3	19	31	2	0	0	1	1	0	0	0	0
CP017039.1	3p	+	48	7680	11263	10570	8590	38103	95	594	63	92	10	13	14	26	22	3	8	41	1	1	0	1	0	2	0	0	0
CP017039.1	3p	+	49	8046	10455	10188	8163	36852	85	600	58	61	16	9	15	19	11	3	10	28	3	0	0	0	2	0	0	0	0
CP017039.1	3p	+	50	7538	10244	10201	7676	35659	102	576	63	59	18	13	9	24	14	17	15	27	0	1	0	2	0	0	0	0	0
CP017039.1	3p	+	51	7276	10297	9235	7655	34463	87	632	52	75	15	9	6	32	6	7	15	36	0	0	1	1	0	0	0	1	0
CP017039.1	3p	+	52	7323	9256	9066	7561	33206	79	572	52	53	9	14	10	23	9	5	6	32	0	0	2	5	1	0	1	0	0
CP017039.1	3p	+	53	6870	9358	8858	6847	31933	78	595	64	59	11	1	5	29	13	10	18	32	0	2	1	1	1	0	0	1	0
CP017039.1	3p	+	54	6336	9024	8456	6898	30714	77	596	44	49	6	7	6	30	15	1	11	19	1	5	0	1	2	1	1	1	0
CP017039.1	3p	+	55	6580	8213	7928	6764	29485	66	602	39	47	6	7	7	22	10	4	10	33	1	0	2	0	0	0	1	0	0
CP017039.1	3p	+	56	6102	8163	7671	6283	28219	55	608	50	44	12	3	8	23	9	2	10	25	1	0	2	0	0	0	0	1	0
CP017039.1	3p	+	57	5770	7821	7192	6237	27020	69	542	48	51	6	11	9	15	6	5	5	28	0	1	0	1	0	0	0	1	0
CP017039.1	3p	+	58	5770	7168	6952	5946	25836	61	560	40	45	0	3	6	17	8	5	9	20	0	1	1	0	0	2	0	0	0
CP017039.1	3p	+	59	5323	7098	6759	5450	24630	59	567	42	47	7	4	4	20	4	5	10	18	2	0	1	0	1	2	1	0	0
CP017039.1	3p	+	60	4987	6884	6259	5348	23478	50	570	42	42	7	3	10	16	3	1	12	20	0	1	1	0	1	0	0	1	0
CP017039.1	3p	+	61	4988	6267	5872	5253	22380	59	549	30	41	5	8	2	20	10	3	9	20	0	0	0	0	1	0	2	0	0
CP017039.1	3p	+	62	4542	6129	5805	4858	21334	48	564	37	36	4	6	3	16	5	2	4	18	0	0	0	0	0	0	1	0	0
CP017039.1	3p	+	63	4242	5956	5299	4819	20316	51	484	41	36	8	3	4	13	5	2	3	15	1	0	0	0	1	1	0	0	0
CP017039.1	3p	+	64	4295	5276	4975	4725	19271	29	507	35	40	7	2	2	8	8	2	4	10	1	0	1	0	0	0	0	0	0
CP017039.1	3p	+	65	3997	5272	4870	4165	18304	37	499	39	31	6	6	5	6	7	0	8	11	2	2	1	0	1	0	0	0	0
CP017039.1	3p	+	66	3657	5009	4543	4063	17272	41	424	25	42	9	3	1	14	7	5	8	11	0	0	1	2	0	1	1	0	0
CP017039.1	3p	+	67	3749	4578	4182	3829	16338	37	395	36	29	5	6	3	14	6	2	4	13	1	1	2	0	0	1	0	0	0
CP017039.1	3p	+	68	3342	4413	4145	3495	15395	31	429	23	24	2	8	1	10	8	1	6	15	0	0	1	1	0	0	0	0	0
CP017039.1	3p	+	69	3200	4233	3703	3440	14576	28	428	28	23	4	3	4	8	1	0	8	9	1	0	1	0	1	0	0	0	0
CP017039.1	3p	+	70	3190	3802	3447	3321	13760	35	356	23	19	6	3	7	12	4	6	3	8	0	1	0	0	0	0	0	0	0
CP017039.1	3p	-	1	17562	9911	17578	10726	55777	8736	91	64	122	21	12	36	76	23	36	16	29	0	0	0	0	0	0	0	0	0
CP017039.1	3p	-	2	16592	13802	14531	10851	55776	4661	83	73	118	17	30	28	49	14	27	18	33	0	0	0	0	0	1	0	0	0
CP017039.1	3p	-	3	13198	14421	15461	12695	55775	2875	109	81	86	24	18	29	45	19	21	25	36	0	0	0	0	0	1	1	0	0
CP017039.1	3p	-	4	13867	12680	15999	13229	55775	2148	95	89	90	19	20	24	50	25	14	14	38	0	1	1	0	0	0	1	1	0
CP017039.1	3p	-	5	13328	14480	15963	11998	55769	1579	125	115	110	13	20	30	55	13	15	20	45	0	1	0	0	3	2	3	0	0
CP017039.1	3p	-	6	12853	15065	15352	12505	55775	1077	124	103	111	19	12	30	60	17	7	19	52	2	1	1	0	0	0	0	2	0
CP017039.1	3p	-	7	13228	14447	15564	12529	55768	804	102	95	95	15	12	29	41	15	11	16	43	0	1	0	0	4	4	0	1	0
CP017039.1	3p	-	8	12522	14776	16662	11813	55773	756	124	129	108	17	10	33	59	23	17	7	39	1	0	1	1	2	2	0	0	0
CP017039.1	3p	-	9	12189	15755	15933	11899	55776	530	123	103	100	12	14	29	52	28	13	20	48	2	1	0	1	0	0	0	1	0
CP017039.1	3p	-	10	12342	15082	16307	12043	55774	438	133	86	81	13	14	26	44	18	9	15	48	0	5	0	1	2	1	0	0	0
CP017039.1	3p	-	11	11653	15959	16815	11346	55773	422	148	123	105	18	9	33	60	21	13	14	42	1	0	1	2	0	2	2	0	0
CP017039.1	3p	-	12	11265	16705	16229	11572	55771	387	147	91	98	24	11	25	50	19	10	15	42	1	3	1	1	3	1	1	1	0
CP017039.1	3p	-	13	11849	15727	16285	11911	55772	337	134	100	100	14	12	17	48	20	12	17	47	2	2	1	3	3	0	2	0	0
CP017039.1	3p	-	14	11479	16071	17077	11148	55775	369	131	142	112	30	14	30	60	26	11	9	41	0	0	2	0	0	2	0	0	0
CP017039.1	3p	-	15	11103	16826	16367	11478	55774	330	161	122	117	16	10	24	55	17	6	15	42	1	2	1	2	2	0	0	1	0
CP017039.1	3p	-	16	11798	16087	16502	11387	55774	344	138	112	91	20	14	22	70	16	12	8	42	2	1	0	2	0	2	0	1	0
CP017039.1	3p	-	17	11152	16557	17123	10943	55775	358	145	113	123	31	23	14	53	20	5	15	46	2	0	2	1	0	2	0	0	0
CP017039.1	3p	-	18	10991	17038	16389	11356	55774	316	155	110	124	19	16	23	47	28	15	22	54	1	4	0	2	0	3	0	0	0
CP017039.1	3p	-	19	11589	16173	16668	11344	55774	323	175	106	95	19	10	21	44	21	13	12	47	2	0	0	1	0	0	1	2	0
CP017039.1	3p	-	20	10919	16592	17351	10912	55774	297	156	86	107	24	15	22	47	17	9	13	47	0	1	1	1	0	0	1	2	0
CP017039.1	3p	-	21	10797	17215	16623	11141	55776	282	187	109	99	23	13	27	55	18	16	15	52	0	1	3	0	0	1	0	0	0
CP017039.1	3p	-	22	11520	16333	16731	11190	55774	232	139	115	116	15	9	20	41	16	12	17	44	1	2	1	2	2	1	0	0	0
CP017039.1	3p	-	23	10966	16718	17201	10890	55775	288	158	115	97	16	11	21	52	25	7	19	57	0	4	0	1	0	0	2	0	0
CP017039.1	3p	-	24	10762	17140	16437	11433	55772	253	179	120	104	22	7	23	63	13	8	11	35	2	1	3	3	1	1	0	3	0
CP017039.1	3p	-	25	11377	16143	16803	11448	55771	236	180	105	107	12	12	16	46	16	10	13	45	1	1	1	0	0	2	2	2	0
CP017039.1	3p	-	26	10884	16928	17190	10770	55772	251	170	101	93	20	7	21	54	18	7	27	45	2	2	0	0	1	2	1	1	0
CP017039.1	3p	-	27	10571	17310	16481	11412	55774	199	243	89	91	11	8	21	48	24	13	19	47	2	0	1	1	0	1	2	0	0
CP017039.1	3p	-	28	11350	16220	16627	11576	55773	238	232	116	83	14	12	28	56	22	11	17	38	0	1	0	2	1	2	0	0	0
CP017039.1	3p	-	29	11068	16952	16882	10873	55775	201	298	116	116	22	10	25	40	20	10	22	52	1	0	3	2	0	0	0	1	0
CP017039.1	3p	-	30	10666	17136	16455	11510	55767	218	433	102	121	17	7	24	51	13	8	17	34	0	1	2	1	3	1	2	3	0
CP017039.1	3p	-	31	11391	15991	16221	11426	55029	188	381	93	96	14	10	17	43	16	13	31	40	2	1	2	3	4	2	1	3	0
CP017039.1	3p	-	32	10727	16217	16426	10880	54250	211	440	102	121	24	9	17	59	16	11	15	59	0	2	2	3	2	1	1	0	0
CP017039.1	3p	-	33	10434	16326	15342	11327	53429	164	443	108	89	27	18	20	53	18	11	28	39	1	2	2	2	1	1	0	1	0
CP017039.1	3p	-	34	10868	15375	15294	11054	52591	184	402	89	99	21	8	17	44	16	11	15	51	1	1	2	1	0	3	0	0	0
CP017039.1	3p	-	35	10354	15376	15460	10575	51765	187	469	92	112	16	11	14	44	17	9	19	37	0	1	3	2	0	3	0	0	0
CP017039.1	3p	-	36	10091	15547	14454	10777	50869	143	451	91	89	15	8	16	50	22	11	17	38	2	3	1	1	0	1	1	1	0
CP017039.1	3p	-	37	10285	14434	14490	10735	49944	142	416	87	82	17	18	15	43	16	5	18	40	0	4	0	5	0	0	2	1	0
CP017039.1	3p	-	38	9884	14597	14593	9949	49023	131	516	106	85	24	11	13	44	26	12	21	35	1	1	2	2	0	0	0	0	0
CP017039.1	3p	-	39	9588	14591	13588	10330	48097	144	507	88	97	16	8	18	41	14	9	12	39	0	0	1	3	0	1	0	1	0
CP017039.1	3p	-	40	9959	13419	13444	10301	47123	135	496	87	71	24	14	14	31	19	8	17	34	1	0	0	1	1	1	1	1	0
CP017039.1	3p	-	41	9508	13667	13402	9542	46119	128	541	83	93	20	9	16	53	25	8	16	45	1	2	1	0	0	0	2	1	0
CP017039.1	3p	-	42	9023	13637	12553	9924	45137	127	600	81	75	14	13	12	44	18	6	16	35	1	2	0	1	1	0	1	3	0
CP017039.1	3p	-	43	9447	12413	12373	9758	43991	126	540	81	74	13	7	14	46	4	10	10	29	0	0	0	1	1	1	1	1	0
CP017039.1	3p	-	44	8876	12513	12506	9009	42904	125	557	79	77	14	14	15	37	15	9	15	34	0	0	1	0	0	2	0	0	0
CP017039.1	3p	-	45	8555	12433	11564	9235	41787	120	616	60	77	15	13	16	30	23	4	15	34	0	3	1	0	0	1	0	2	0
CP017039.1	3p	-	46	8745	11360	11317	9204	40626	108	589	85	73	15	9	14	30	15	7	14	24	0	0	0	0	0	0	2	0	0
CP017039.1	3p	-	47	8186	11439	11446	8329	39400	103	624	74	81	10	6	13	30	11	6	14	35	1	0	1	1	1	3	0	0	0
CP017039.1	3p	-	48	7654	11334	10508	8672	38168	85	598	68	65	15	5	8	30	12	7	15	32	2	0	3	2	1	2	0	1	0
CP017039.1	3p	-	49	8036	10317	10210	8384	36947	80	586	61	67	9	10	6	28	11	9	5	30	1	0	2	2	1	1	0	0	0
CP017039.1	3p	-	50	7464	10403	10262	7565	35694	101	609	71	71	10	6	9	24	17	5	11	32	0	0	0	0	0	0	0	0	0
CP017039.1	3p	-	51	7047	10345	9458	7603	34453	95	660	53	69	14	10	12	30	15	4	13	26	0	0	1	1	0	0	0	0	0
CP017039.1	3p	-	52	7262	9399	9016	7518	33195	89	568	71	44	12	5	10	29	12	4	19	36	0	0	0	0	0	0	0	0	0
CP017039.1	3p	-	53	6728	9224	9118	6915	31985	102	584	66	52	9	12	9	19	15	7	16	22	0	0	0	0	1	1	0	1	0
CP017039.1	3p	-	54	6338	9057	8365	7010	30770	84	573	64	55	12	4	4	21	12	5	9	16	0	1	0	0	1	3	0	0	0
CP017039.1	3p	-	55	6492	8175	7976	6871	29514	97	571	48	49	5	5	7	26	13	7	11	22	0	0	1	1	0	1	0	1	0
CP017039.1	3p	-	56	5979	8211	7823	6254	28267	85	587	66	43	9	8	13	23	12	6	11	24	1	0	0	0	1	2	0	0	0
CP017039.1	3p	-	57	5675	7820	7300	6278	27073	79	642	52	43	13	5	7	17	10	11	6	24	1	0	0	0	0	1	0	0	0
CP017039.1	3p	-	58	5792	7185	6905	5964	25846	55	505	32	37	10	4	3	21	11	3	7	16	1	1	0	0	0	2	0	0	0
CP017039.1	3p	-	59	5269	7121	6808	5471	24669	48	557	49	55	10	12	3	16	9	4	10	24	0	2	2	1	0	2	0	0	0
CP017039.1	3p	-	60	5034	6826	6176	5485	23521	52	560	49	32	7	6	3	23	8	7	7	17	1	2	0	3	0	4	0	0	0
CP017039.1	3p	-	61	5033	6211	5956	5222	22422	55	508	33	25	6	1	3	15	6	1	5	20	0	0	1	1	0	0	0	0	0
CP017039.1	3p	-	62	4498	6083	5890	4878	21349	46	541	32	31	3	6	5	17	4	4	7	24	3	1	0	2	0	0	0	0	0
CP017039.1	3p	-	63	4233	5948	5327	4839	20347	51	564	29	43	7	6	6	9	8	3	4	16	1	1	0	0	0	0	0	0	0
CP017039.1	3p	-	64	4262	5430	5059	4604	19355	46	467	33	35	5	3	7	14	11	4	1	13	0	0	1	2	1	0	0	0	0
CP017039.1	3p	-	65	3880	5277	4980	4194	18331	42	474	34	26	6	5	3	15	6	4	4	14	1	1	0	0	0	0	0	0	0
CP017039.1	3p	-	66	3603	5040	4492	4214	17349	38	459	20	30	2	6	3	17	7	5	10	13	0	0	0	1	1	0	1	0	0
CP017039.1	3p	-	67	3581	4522	4358	3926	16387	39	436	22	25	3	3	6	12	2	3	4	18	0	0	0	0	0	0	0	0	0
CP017039.1	3p	-	68	3273	4457	4093	3633	15456	43	406	33	25	2	4	5	8	3	7	7	14	0	0	0	1	0	0	1	0	0
CP017039.1	3p	-	69	3067	4259	3837	3467	14630	34	411	28	29	2	3	4	15	3	2	5	15	0	0	0	1	0	0	0	0	0
CP017039.1	3p	-	70	3057	3856	3539	3324	13776	30	369	25	20	2	4	0	8	4	4	6	14	0	1	0	1	0	0	1	0	0
CP017039.1	5p	+	1	10229	17846	9303	18329	55707	102	8456	95	90	29	34	12	25	13	14	30	85	0	0	0	0	0	0	0	0	3
CP017039.1	5p	+	2	11703	15229	13354	15420	55706	110	4228	99	98	18	31	23	29	30	29	29	46	0	1	4	1	1	0	0	0	2
CP017039.1	5p	+	3	13199	15560	14866	12079	55704	137	2425	111	125	23	11	18	36	11	22	39	41	2	1	5	0	1	1	0	1	1
CP017039.1	5p	+	4	13694	15378	13176	13454	55702	109	1821	97	92	15	23	9	33	22	15	25	47	1	0	1	2	2	2	1	0	0
CP017039.1	5p	+	5	12445	15921	14251	13086	55703	117	1411	101	89	17	18	12	52	20	16	17	58	1	2	3	3	1	3	0	0	0
CP017039.1	5p	+	6	12431	15651	15095	12526	55703	109	1045	114	110	16	8	16	39	27	13	29	58	0	2	2	3	2	2	0	0	0
CP017039.1	5p	+	7	12528	15774	14539	12859	55700	129	797	97	80	21	12	15	45	17	16	14	48	2	5	1	1	3	2	2	0	0
CP017039.1	5p	+	8	11732	16524	14979	12465	55700	132	646	83	96	21	16	17	48	23	14	34	55	2	2	1	2	2	1	1	3	0
CP017039.1	5p	+	9	11925	15988	15637	12154	55704	137	483	106	101	14	10	13	52	27	11	24	56	1	0	1	1	1	0	1	1	0
CP017039.1	5p	+	10	12024	15879	15300	12498	55701	115	411	87	96	13	14	11	37	15	12	24	55	1	2	0	0	2	3	0	1	0
CP017039.1	5p	+	11	11292	16817	15753	11839	55701	129	387	108	104	19	11	15	54	23	11	28	48	2	2	2	0	2	1	2	1	0
CP017039.1	5p	+	12	11587	16113	16734	11268	55702	129	337	88	106	20	11	15	45	17	10	21	54	3	1	3	0	1	2	0	2	0
CP017039.1	5p	+	13	11876	16148	15978	11700	55702	122	284	120	99	19	7	18	59	21	12	21	36	2	1	2	1	1	0	3	0	0
CP017039.1	5p	+	14	11130	16952	16188	11432	55702	145	348	102	122	35	13	19	52	18	9	23	45	1	0	1	1	0	3	0	2	0
CP017039.1	5p	+	15	11511	16373	16853	10967	55704	165	336	105	130	27	19	12	42	13	12	23	44	2	0	1	2	1	1	0	0	0
CP017039.1	5p	+	16	11564	16500	16141	11500	55705	132	322	97	85	16	7	9	43	20	6	13	46	1	0	0	0	1	0	0	1	0
CP017039.1	5p	+	17	11001	17229	16391	11082	55703	137	342	118	111	26	7	10	57	25	7	23	52	3	2	1	1	2	1	1	0	0
CP017039.1	5p	+	18	11208	16491	17073	10931	55703	145	330	110	106	14	15	23	66	18	9	16	32	0	2	2	3	2	1	0	1	0
CP017039.1	5p	+	19	11311	16660	16359	11374	55704	157	281	81	102	28	10	16	50	18	10	17	45	0	1	1	1	1	2	0	0	0
CP017039.1	5p	+	20	10835	17256	16634	10976	55701	168	311	132	111	21	11	21	61	15	4	19	36	0	0	2	1	2	1	2	1	0
CP017039.1	5p	+	21	11071	16728	17067	10837	55703	167	299	108	105	21	9	18	50	20	8	20	36	1	0	1	1	0	1	2	1	0
CP017039.1	5p	+	22	11350	16751	16325	11274	55700	169	280	101	118	15	18	16	55	16	11	16	49	1	0	0	1	2	2	1	2	0
CP017039.1	5p	+	23	10729	17034	16862	11081	55706	175	276	100	108	20	9	17	56	25	9	29	51	4	0	1	1	0	1	0	0	0
CP017039.1	5p	+	24	11182	16455	17375	10693	55705	190	232	108	110	19	11	17	55	22	6	17	39	4	3	0	3	0	1	0	1	0
CP017039.1	5p	+	25	11336	16730	16255	11385	55706	174	249	83	131	20	8	17	46	15	11	14	47	4	1	0	1	0	0	1	0	0
CP017039.1	5p	+	26	10731	17183	16934	10854	55702	197	218	118	110	27	8	18	60	21	6	19	35	1	1	2	0	1	2	2	0	0
CP017039.1	5p	+	27	11196	16623	17203	10683	55705	246	229	116	114	26	14	23	66	33	5	29	47	1	1	1	1	1	1	0	0	0
CP017039.1	5p	+	28	11527	16524	16205	11449	55705	254	218	98	97	18	10	16	47	19	9	18	42	1	1	1	1	0	0	0	2	0
CP017039.1	5p	+	29	10891	16829	16808	11177	55705	318	198	108	100	24	16	23	53	21	12	17	41	0	1	2	0	1	0	1	0	0
CP017039.1	5p	+	30	11342	16350	17271	10739	55702	424	192	106	81	27	17	18	53	30	10	16	46	0	1	0	2	4	0	1	0	0
CP017039.1	5p	+	31	11487	16009	16060	11433	54989	441	154	107	119	11	15	16	48	18	15	18	35	1	1	2	0	2	1	0	1	0
CP017039.1	5p	+	32	10806	16191	16210	10979	54186	452	187	98	101	21	24	19	62	22	13	18	37	1	0	5	1	0	3	1	0	0
CP017039.1	5p	+	33	11176	15397	16459	10387	53419	468	151	111	106	21	15	18	39	17	10	14	36	1	0	0	3	0	0	1	1	0
CP017039.1	5p	+	34	11204	15068	15372	10907	52551	434	175	75	98	14	13	21	52	18	9	13	35	1	1	1	1	0	2	0	0	0
CP017039.1	5p	+	35	10439	15484	15368	10453	51744	462	167	88	113	21	9	23	50	21	14	19	30	2	1	0	3	2	0	0	0	0
CP017039.1	5p	+	36	10718	14581	15584	9944	50827	477	169	92	96	25	7	13	44	27	12	17	43	0	1	2	1	0	2	0	0	0
CP017039.1	5p	+	37	10713	14298	14565	10338	49914	485	147	91	86	15	10	13	53	17	11	18	32	2	1	0	3	0	0	0	0	0
CP017039.1	5p	+	38	10168	14409	14448	9931	48956	549	145	84	105	19	3	22	53	21	7	15	37	2	0	1	0	0	0	0	0	0
CP017039.1	5p	+	39	10341	13613	14453	9576	47983	567	111	114	108	25	11	16	51	13	10	20	33	0	0	1	0	2	1	0	0	0
CP017039.1	5p	+	40	10149	13346	13455	10069	47019	526	113	77	89	22	12	23	34	12	8	7	40	0	1	1	3	0	1	0	0	0
CP017039.1	5p	+	41	9459	13523	13599	9381	45962	555	144	96	99	18	8	17	48	13	4	12	38	1	1	1	1	1	2	0	0	0
CP017039.1	5p	+	42	9764	12644	13555	9041	45004	590	136	74	81	16	14	18	54	15	14	20	31	0	2	0	0	0	1	0	1	0
CP017039.1	5p	+	43	9732	12385	12617	9228	43962	565	113	65	86	15	11	11	42	12	11	6	23	1	4	1	0	0	1	0	0	0
CP017039.1	5p	+	44	9110	12324	12541	8862	42837	573	137	83	79	9	16	14	35	12	12	15	35	1	1	2	1	0	0	0	0	0
CP017039.1	5p	+	45	9147	11328	12697	8527	41699	678	104	77	93	17	7	11	41	14	4	12	29	3	0	3	0	2	1	0	0	0
CP017039.1	5p	+	46	9162	11180	11401	8769	40512	592	103	59	68	25	5	14	27	16	6	17	29	0	1	0	1	0	0	1	0	0
CP017039.1	5p	+	47	8661	11120	11398	8162	39341	629	132	82	88	13	6	15	36	11	8	11	19	3	1	2	0	2	1	0	0	0
CP017039.1	5p	+	48	8511	10307	11485	7799	38102	668	95	62	70	16	3	16	39	11	10	4	28	1	0	0	1	0	1	1	1	0
CP017039.1	5p	+	49	8414	10170	10281	7989	36854	589	111	53	59	18	6	11	44	14	9	10	27	0	0	1	1	0	0	0	0	0
CP017039.1	5p	+	50	7842	10129	10219	7465	35655	600	97	62	61	11	5	9	35	16	6	12	26	0	1	0	2	1	1	0	2	0
CP017039.1	5p	+	51	7871	9352	10065	7176	34464	649	87	68	74	16	4	16	44	10	6	8	29	0	1	0	0	0	0	0	0	0
CP017039.1	5p	+	52	7741	8808	9416	7243	33208	628	75	46	56	15	13	9	29	11	11	5	23	0	0	0	0	0	0	0	0	0
CP017039.1	5p	+	53	7161	8831	9203	6739	31934	698	91	53	65	12	11	13	36	9	4	5	21	1	1	1	0	0	0	1	0	0
CP017039.1	5p	+	54	7089	8227	8973	6430	30719	626	74	34	52	12	5	7	22	9	3	7	21	1	2	0	0	0	0	0	0	0
CP017039.1	5p	+	55	6903	7904	8187	6491	29485	606	72	52	49	7	9	11	27	11	9	10	24	0	0	0	0	0	0	0	1	0
CP017039.1	5p	+	56	6347	7843	8058	5969	28217	599	68	49	59	12	5	15	30	7	9	9	17	1	0	0	0	1	0	1	1	0
CP017039.1	5p	+	57	6258	7268	7825	5667	27018	603	72	50	61	9	5	11	26	11	9	9	20	0	0	0	0	0	0	1	2	0
CP017039.1	5p	+	58	6105	6806	7211	5712	25834	564	46	52	46	13	6	13	19	6	3	9	18	0	1	0	0	0	2	1	1	0
CP017039.1	5p	+	59	5547	6779	7121	5185	24632	580	66	42	48	8	9	11	29	5	4	4	11	1	2	1	1	1	0	0	1	0
CP017039.1	5p	+	60	5534	6384	6717	4844	23479	593	65	44	36	14	6	12	23	6	3	6	20	0	1	0	0	1	0	0	0	0
CP017039.1	5p	+	61	5298	5746	6388	4951	22383	560	56	33	26	3	8	6	23	7	4	9	13	1	0	1	1	0	0	0	0	0
CP017039.1	5p	+	62	4901	5826	6005	4602	21334	531	51	30	39	12	8	5	28	6	8	6	14	1	1	0	0	1	0	0	0	0
CP017039.1	5p	+	63	4745	5290	5928	4353	20316	551	50	34	43	7	5	5	12	5	8	8	13	0	0	1	1	1	1	0	0	0
CP017039.1	5p	+	64	4635	5139	5246	4248	19268	459	43	28	38	2	3	4	15	5	4	10	11	1	0	0	1	0	1	2	0	0
CP017039.1	5p	+	65	4116	4844	5377	3967	18304	499	52	34	35	6	8	3	15	3	6	4	15	0	0	2	0	0	1	0	0	0
CP017039.1	5p	+	66	4142	4520	4970	3641	17273	493	32	33	31	6	8	7	15	5	8	7	13	1	0	1	0	1	0	0	0	0
CP017039.1	5p	+	67	3928	4276	4447	3687	16338	450	32	25	26	3	3	7	20	0	5	3	13	1	4	0	0	0	0	0	1	0
CP017039.1	5p	+	68	3584	4184	4384	3242	15394	431	40	29	18	8	5	9	16	5	4	6	5	0	1	0	0	1	0	0	0	0
CP017039.1	5p	+	69	3503	3774	4232	3068	14577	428	27	31	17	5	2	5	13	2	4	2	13	0	0	1	0	0	0	0	0	0
CP017039.1	5p	+	70	3356	3508	3783	3112	13759	428	33	20	22	4	1	6	18	2	3	2	12	0	1	0	0	0	0	1	0	0
CP017039.1	5p	-	1	10017	17604	9432	18724	55777	92	8378	108	84	20	43	19	32	19	13	39	81	0	0	0	0	0	0	0	0	4
CP017039.1	5p	-	2	11547	15421	13431	15376	55775	133	4268	125	86	22	21	21	30	29	28	23	55	2	1	0	4	0	1	0	1	2
CP017039.1	5p	-	3	13286	15736	14666	12087	55775	130	2367	125	100	23	18	13	32	22	15	30	38	1	1	4	0	1	1	0	0	0
CP017039.1	5p	-	4	13289	15508	13365	13609	55771	131	1906	87	84	21	18	17	29	15	12	17	43	1	0	1	3	1	2	1	2	0
CP017039.1	5p	-	5	12305	15814	14513	13134	55766	125	1373	81	95	21	17	15	45	28	17	24	50	0	0	5	3	0	4	5	2	0
CP017039.1	5p	-	6	12326	15590	15032	12820	55768	138	1074	89	91	15	16	23	54	29	16	26	48	1	1	2	1	0	2	3	3	0
CP017039.1	5p	-	7	12289	15647	14797	13037	55770	126	852	100	104	10	18	12	53	16	11	26	55	1	3	1	2	2	2	2	1	0
CP017039.1	5p	-	8	11633	16284	15240	12614	55771	146	683	93	97	20	12	15	55	28	14	30	52	0	2	0	2	1	1	2	2	0
CP017039.1	5p	-	9	11642	15773	15726	12628	55769	145	512	92	108	23	8	16	54	19	9	27	51	2	1	0	1	2	0	2	4	0
CP017039.1	5p	-	10	12010	16249	15062	12451	55772	127	386	88	89	14	7	24	48	19	13	26	41	1	3	0	0	2	0	1	2	0
CP017039.1	5p	-	11	11192	16768	15977	11836	55773	142	382	103	107	21	13	25	51	17	11	18	50	0	3	0	2	1	1	0	2	0
CP017039.1	5p	-	12	11706	16032	16454	11579	55771	156	353	110	89	19	8	15	43	22	13	17	44	0	1	1	2	1	2	2	1	0
CP017039.1	5p	-	13	11547	16123	16022	12082	55774	141	345	122	94	16	4	10	47	24	9	14	37	2	0	1	1	0	3	0	0	0
CP017039.1	5p	-	14	11101	17065	16168	11440	55774	135	349	104	109	23	12	17	57	21	11	19	38	4	0	0	0	1	2	0	0	0
CP017039.1	5p	-	15	11460	16492	16740	11083	55775	149	325	112	109	26	12	13	56	23	7	22	50	3	1	1	3	0	1	0	1	0
CP017039.1	5p	-	16	11328	16532	16282	11632	55774	143	339	88	86	25	12	16	46	16	11	31	37	0	0	1	2	0	2	0	1	0
CP017039.1	5p	-	17	11006	16914	16667	11188	55775	162	326	106	125	17	4	15	50	15	14	18	44	1	0	2	1	1	0	1	0	0
CP017039.1	5p	-	18	11244	16488	16958	11086	55776	148	310	122	106	20	12	24	37	21	11	16	44	1	0	1	2	0	0	0	1	0
CP017039.1	5p	-	19	11416	16686	16185	11488	55775	142	316	95	117	21	10	17	50	24	5	14	31	1	1	1	3	2	0	0	0	0
CP017039.1	5p	-	20	10873	17274	16566	11059	55772	149	302	102	132	22	14	15	49	26	10	21	54	2	0	0	2	2	3	0	0	0
CP017039.1	5p	-	21	11123	16343	17236	11073	55775	157	280	104	107	19	12	19	38	17	7	22	45	1	2	2	1	0	1	1	0	0
CP017039.1	5p	-	22	11351	16708	16227	11490	55776	155	280	97	101	18	9	16	53	21	12	15	56	0	1	1	1	0	1	0	0	0
CP017039.1	5p	-	23	10631	17171	16885	11089	55776	178	241	112	94	16	19	23	47	18	10	12	40	2	1	1	1	1	0	0	0	0
CP017039.1	5p	-	24	11050	16440	17342	10943	55775	182	231	103	104	16	10	28	55	25	8	16	47	0	0	0	4	1	1	0	0	0
CP017039.1	5p	-	25	11394	16525	16447	11407	55773	193	212	116	109	18	6	17	46	18	12	13	35	1	2	1	0	2	1	0	1	0
CP017039.1	5p	-	26	10837	16992	16947	10999	55775	185	265	123	123	30	8	19	59	28	13	25	43	2	3	1	1	2	0	0	0	0
CP017039.1	5p	-	27	11225	16329	17188	11034	55776	225	237	129	110	21	12	18	42	22	13	14	40	0	2	0	2	0	1	0	0	0
CP017039.1	5p	-	28	11351	16553	16520	11348	55772	278	220	95	92	17	10	25	44	20	11	14	46	0	0	0	1	2	3	0	0	0
CP017039.1	5p	-	29	10856	16927	16794	11193	55770	337	199	148	83	24	10	26	61	23	9	27	38	0	1	1	1	1	4	0	2	0
CP017039.1	5p	-	30	11214	16232	17123	11204	55773	456	204	92	109	27	10	24	53	22	8	21	49	0	1	4	2	1	2	1	0	0
CP017039.1	5p	-	31	11306	16129	16189	11409	55033	408	181	92	97	14	10	27	45	17	13	18	41	1	1	2	1	2	1	2	1	0
CP017039.1	5p	-	32	10895	16336	16103	10916	54250	418	168	105	110	13	11	16	41	24	14	9	37	1	1	2	2	1	2	0	1	0
CP017039.1	5p	-	33	10975	15517	16242	10695	53429	499	169	104	103	17	13	29	69	19	8	16	44	0	0	1	1	0	0	1	2	0
CP017039.1	5p	-	34	10987	15247	15318	11038	52590	492	167	111	95	17	12	16	48	15	11	15	44	1	2	1	2	1	2	0	1	0
CP017039.1	5p	-	35	10318	15399	15379	10671	51767	488	148	97	108	24	16	23	48	16	11	19	36	1	0	0	1	0	0	1	0	0
CP017039.1	5p	-	36	10646	14473	15547	10204	50870	495	153	81	103	17	10	21	51	13	9	9	56	1	2	3	0	1	0	0	1	0
CP017039.1	5p	-	37	10463	14349	14536	10597	49945	446	144	93	84	16	8	24	38	16	8	10	28	0	1	3	1	1	1	0	0	0
CP017039.1	5p	-	38	9842	14478	14641	10061	49022	564	146	94	104	18	9	21	44	20	8	15	46	1	0	1	2	0	0	1	0	0
CP017039.1	5p	-	39	10234	13539	14656	9668	48097	583	138	98	108	15	11	14	48	18	13	18	31	1	1	0	2	1	0	1	0	0
CP017039.1	5p	-	40	10104	13341	13622	10058	47125	524	112	97	81	15	10	19	50	11	9	15	44	0	0	2	2	0	2	0	0	0
CP017039.1	5p	-	41	9670	13315	13558	9578	46121	583	123	104	93	11	12	19	44	10	16	13	35	0	1	4	1	0	0	0	1	0
CP017039.1	5p	-	42	9660	12664	13559	9255	45138	607	136	90	78	9	9	18	47	16	13	13	31	0	2	0	3	1	2	0	1	0
CP017039.1	5p	-	43	9503	12324	12610	9555	43992	624	95	78	79	6	11	15	39	12	11	17	23	1	1	3	1	1	0	0	2	0
CP017039.1	5p	-	44	9101	12278	12602	8923	42904	590	112	87	84	16	7	17	47	15	8	9	26	0	0	0	2	0	0	1	1	0
CP017039.1	5p	-	45	9219	11444	12492	8632	41787	641	116	71	69	15	4	19	37	10	7	14	26	1	0	0	1	0	2	1	0	0
CP017039.1	5p	-	46	8984	11328	11507	8808	40627	656	117	68	71	13	9	15	39	12	6	6	28	1	1	0	2	1	0	0	0	0
CP017039.1	5p	-	47	8541	11116	11542	8203	39402	651	93	73	57	17	10	19	31	12	10	14	28	0	2	0	0	0	1	0	1	0
CP017039.1	5p	-	48	8505	10343	11371	7951	38170	640	100	62	65	11	4	10	34	15	5	11	27	0	2	0	0	0	1	1	0	0
CP017039.1	5p	-	49	8277	10303	10343	8025	36948	610	97	58	69	11	5	13	32	11	11	9	27	2	0	1	0	0	1	0	0	0
CP017039.1	5p	-	50	7723	9959	10429	7580	35691	625	83	68	62	12	6	18	32	9	7	15	36	0	0	1	1	0	1	2	0	0
CP017039.1	5p	-	51	7782	9376	10191	7102	34451	657	92	78	66	9	7	13	40	9	8	4	25	0	2	0	1	0	1	1	0	0
CP017039.1	5p	-	52	7580	8984	9426	7203	33193	654	60	55	64	9	11	10	25	14	6	9	35	0	0	0	1	0	1	0	0	0
CP017039.1	5p	-	53	7014	8926	9304	6740	31984	693	81	65	63	9	7	16	35	10	5	9	34	1	0	0	1	2	1	0	0	0
CP017039.1	5p	-	54	7028	8250	9016	6475	30769	658	73	47	53	11	6	14	32	11	6	11	25	0	3	1	0	1	2	1	0	0
CP017039.1	5p	-	55	6752	7969	8240	6552	29513	618	66	43	55	9	6	5	21	12	6	9	20	0	2	1	0	0	2	0	1	0
CP017039.1	5p	-	56	6167	7755	8239	6106	28267	655	72	59	41	12	7	12	22	8	7	7	22	2	0	0	0	3	0	0	0	0
CP017039.1	5p	-	57	6309	7242	7823	5699	27073	666	60	63	56	10	3	11	21	7	6	3	25	0	1	0	0	0	1	0	0	0
CP017039.1	5p	-	58	6029	6923	7142	5752	25846	569	66	33	47	13	4	10	16	8	3	2	14	0	0	0	1	0	2	0	0	0
CP017039.1	5p	-	59	5517	6840	7097	5215	24669	605	69	43	66	2	8	12	19	14	8	5	23	0	0	1	0	1	1	0	0	0
CP017039.1	5p	-	60	5430	6245	6990	4859	23524	605	56	44	44	5	5	12	22	8	4	5	15	0	0	0	1	0	1	0	0	0
CP017039.1	5p	-	61	5189	6023	6236	4972	22420	571	50	24	32	8	4	8	15	6	2	3	15	1	1	1	0	1	1	0	0	0
CP017039.1	5p	-	62	4798	5822	6205	4524	21349	577	71	34	38	4	3	10	22	9	8	3	21	0	1	1	0	0	0	0	0	0
CP017039.1	5p	-	63	4782	5367	5882	4314	20345	553	39	29	38	7	7	12	18	6	2	5	14	1	0	0	0	1	1	0	0	0
CP017039.1	5p	-	64	4557	5000	5465	4334	19356	498	37	34	33	6	2	5	12	2	8	6	15	1	2	2	0	0	0	0	0	0
CP017039.1	5p	-	65	4122	4955	5305	3947	18329	514	52	34	33	5	5	2	10	6	13	3	16	0	1	0	1	0	1	0	1	0
CP017039.1	5p	-	66	4032	4599	5021	3696	17348	474	34	21	21	7	6	8	13	6	2	7	6	0	0	0	3	1	0	2	0	0
CP017039.1	5p	-	67	3911	4304	4481	3691	16387	463	32	26	22	5	4	5	14	5	5	4	11	1	0	0	0	0	0	0	0	0
CP017039.1	5p	-	68	3535	4122	4397	3403	15457	442	27	25	28	4	6	3	14	2	7	5	17	1	3	0	0	0	0	0	0	0
CP017039.1	5p	-	69	3427	3839	4206	3157	14629	454	49	16	27	5	4	2	16	7	3	1	11	1	0	1	0	1	0	0	0	0
CP017039.1	5p	-	70	3224	3642	3835	3076	13777	388	30	15	18	3	2	3	11	4	2	3	8	0	1	0	0	0	0	0	0	0
