# table produced by mapDamage version 2.2.3
# using mapped file /mnt/archgen/microbiome_calculus/library_ds_vs_ss/04-analysis/normalize_kraken/mapping/lautropia_mirabilis/out/VLD001.A0101.SG1.1_5M.mapped_l_mirabilis_q25l30_rmdup.bam and /mnt/archgen/microbiome_calculus/library_ds_vs_ss/04-analysis/normalize_kraken/mapping/lautropia_mirabilis/input/GCF_900637555.1_51726_E01_genomic.fna as reference file
# Chr: reference from sam/bam header, End: from which termini of DNA sequences, Std: strand of reads
Chr	End	Std	Pos	A	C	G	T	Total	G>A	C>T	A>G	T>C	A>C	A>T	C>G	C>A	T>G	T>A	G>C	G>T	A>-	T>-	C>-	G>-	->A	->T	->C	->G	S
NZ_LR134378.1	3p	+	1	168	220	216	110	714	16	4	7	4	1	2	16	9	2	2	8	2	0	0	0	0	0	0	0	0	0
NZ_LR134378.1	3p	+	2	141	239	225	109	714	16	7	2	5	1	1	7	3	1	2	15	0	0	0	0	0	0	0	0	0	0
NZ_LR134378.1	3p	+	3	137	234	218	125	714	8	10	3	3	1	2	12	1	1	2	14	4	0	0	0	0	0	0	0	0	0
NZ_LR134378.1	3p	+	4	144	196	217	157	714	10	7	4	2	1	0	12	2	2	3	10	1	0	0	0	0	0	0	0	0	0
NZ_LR134378.1	3p	+	5	138	226	241	109	714	6	6	6	8	4	0	10	1	4	0	11	2	0	0	0	0	0	0	0	0	0
NZ_LR134378.1	3p	+	6	129	247	224	113	713	2	7	8	8	3	2	5	1	1	1	9	5	0	0	0	0	0	0	0	1	0
NZ_LR134378.1	3p	+	7	133	223	209	146	711	8	4	1	3	3	1	8	2	2	1	8	3	0	0	1	0	1	0	1	1	0
NZ_LR134378.1	3p	+	8	122	208	267	117	714	7	7	4	6	0	0	6	3	1	2	13	1	0	0	0	0	0	0	0	0	0
NZ_LR134378.1	3p	+	9	123	215	244	131	713	7	6	3	5	1	0	5	3	1	1	16	3	0	0	0	0	0	1	0	0	0
NZ_LR134378.1	3p	+	10	127	232	211	143	713	4	7	3	5	0	3	6	1	4	1	7	1	0	0	0	0	0	0	0	1	0
NZ_LR134378.1	3p	+	11	144	246	226	98	714	10	2	8	2	1	1	7	3	2	1	9	2	0	0	0	0	0	0	0	0	0
NZ_LR134378.1	3p	+	12	120	252	221	121	714	2	4	4	7	3	1	8	2	2	1	7	2	0	0	0	0	0	0	0	0	0
NZ_LR134378.1	3p	+	13	138	226	224	126	714	3	4	3	5	1	2	5	0	3	2	9	2	0	0	0	1	0	0	0	0	0
NZ_LR134378.1	3p	+	14	112	247	227	128	714	4	8	3	7	2	1	13	1	3	1	6	0	0	0	0	0	0	0	0	0	0
NZ_LR134378.1	3p	+	15	113	248	231	122	714	4	5	3	5	1	1	13	5	3	2	10	1	0	0	0	0	0	0	0	0	0
NZ_LR134378.1	3p	+	16	124	237	220	133	714	1	6	4	2	3	1	8	0	1	2	6	0	0	0	1	1	0	0	0	0	0
NZ_LR134378.1	3p	+	17	123	244	239	107	713	6	4	8	5	3	1	9	3	2	1	9	0	0	0	0	0	0	0	1	0	0
NZ_LR134378.1	3p	+	18	131	250	220	113	714	5	5	4	3	1	3	9	2	1	0	5	3	0	0	0	0	0	0	0	0	0
NZ_LR134378.1	3p	+	19	134	213	233	134	714	3	4	3	2	1	0	6	1	2	2	5	2	0	0	0	0	0	0	0	0	0
NZ_LR134378.1	3p	+	20	122	227	248	116	713	4	6	6	3	3	1	10	2	0	0	9	3	0	0	0	0	0	0	0	1	0
NZ_LR134378.1	3p	+	21	102	250	254	108	714	4	6	2	2	0	0	12	2	2	1	8	4	0	0	0	0	0	0	0	0	0
NZ_LR134378.1	3p	+	22	133	222	237	122	714	6	3	5	3	2	1	10	2	1	0	7	3	0	0	0	0	0	0	0	0	0
NZ_LR134378.1	3p	+	23	121	258	218	115	712	7	1	4	6	0	0	10	3	1	0	10	1	0	0	0	0	0	1	1	0	0
NZ_LR134378.1	3p	+	24	101	264	234	115	714	3	7	1	3	0	3	2	1	1	0	8	3	0	0	2	0	0	0	0	0	0
NZ_LR134378.1	3p	+	25	133	203	243	135	714	2	1	6	3	2	2	9	3	3	0	9	1	0	0	0	0	0	0	0	0	0
NZ_LR134378.1	3p	+	26	111	227	256	120	714	7	3	4	9	1	0	7	1	2	3	5	6	0	0	0	0	0	0	0	0	0
NZ_LR134378.1	3p	+	27	121	256	219	116	712	7	10	2	4	1	0	10	2	3	1	8	3	0	1	0	0	0	2	0	0	0
NZ_LR134378.1	3p	+	28	131	206	238	139	714	1	8	7	1	1	0	5	1	2	1	7	4	0	0	0	0	0	0	0	0	0
NZ_LR134378.1	3p	+	29	131	205	262	116	714	7	6	4	2	3	0	6	1	1	2	15	7	0	0	1	0	0	0	0	0	0
NZ_LR134378.1	3p	+	30	126	220	238	130	714	6	9	4	3	2	0	5	2	1	3	9	6	0	0	0	0	0	0	0	0	0
NZ_LR134378.1	3p	+	31	131	184	190	123	628	5	15	3	5	3	1	8	0	2	2	13	5	0	1	0	0	0	0	0	0	0
NZ_LR134378.1	3p	+	32	102	193	188	87	570	2	6	1	4	0	1	5	1	0	2	8	1	0	0	0	0	0	0	0	0	0
NZ_LR134378.1	3p	+	33	75	174	156	97	502	3	7	2	6	1	0	4	1	1	1	7	1	0	0	1	0	0	0	0	0	0
NZ_LR134378.1	3p	+	34	84	136	142	89	451	3	2	1	2	1	1	4	1	1	0	4	3	0	0	0	0	0	0	0	0	0
NZ_LR134378.1	3p	+	35	84	131	125	63	403	1	5	3	5	2	1	9	0	0	1	5	1	0	0	0	0	0	0	0	0	0
NZ_LR134378.1	3p	+	36	49	128	110	84	371	0	3	1	7	0	0	4	0	0	1	7	2	0	0	0	0	0	0	0	0	0
NZ_LR134378.1	3p	+	37	75	114	84	63	336	0	2	3	2	1	0	5	1	1	0	0	3	0	0	0	0	0	0	0	0	0
NZ_LR134378.1	3p	+	38	69	104	92	49	314	3	6	2	4	0	0	2	0	1	0	2	2	0	0	0	0	0	0	0	0	0
NZ_LR134378.1	3p	+	39	51	90	92	56	289	4	4	1	2	1	0	4	0	0	1	5	3	0	0	0	0	1	0	0	0	0
NZ_LR134378.1	3p	+	40	68	67	76	58	269	0	3	0	1	2	1	4	0	1	0	4	0	0	0	0	0	0	0	0	0	0
NZ_LR134378.1	3p	+	41	42	91	76	39	248	3	6	0	1	0	1	3	0	0	0	6	0	0	0	1	0	0	0	1	0	0
NZ_LR134378.1	3p	+	42	27	80	76	48	231	3	8	0	0	0	0	4	0	0	1	7	0	1	0	0	0	0	0	0	0	0
NZ_LR134378.1	3p	+	43	43	59	59	39	200	2	3	0	1	1	0	1	1	0	0	5	0	0	0	1	0	0	0	0	0	0
NZ_LR134378.1	3p	+	44	32	55	66	23	176	1	2	2	1	0	0	5	2	1	1	1	0	0	0	0	1	0	0	1	0	0
NZ_LR134378.1	3p	+	45	31	38	57	29	155	2	1	1	2	2	0	0	0	0	0	3	0	0	0	0	0	0	0	0	0	0
NZ_LR134378.1	3p	+	46	28	50	44	18	140	0	1	0	0	2	1	2	2	2	0	4	0	0	0	0	0	0	0	0	0	0
NZ_LR134378.1	3p	+	47	16	45	39	23	123	1	1	1	0	0	0	0	0	1	0	0	0	1	0	0	0	0	0	0	0	0
NZ_LR134378.1	3p	+	48	22	34	33	18	107	1	1	0	2	0	0	1	2	0	0	1	0	1	0	0	0	0	0	0	0	0
NZ_LR134378.1	3p	+	49	9	28	31	21	89	0	1	0	0	0	0	1	0	0	0	1	0	0	0	0	0	0	0	0	0	0
NZ_LR134378.1	3p	+	50	15	29	25	12	81	0	1	0	0	0	0	1	0	0	0	0	1	0	0	0	0	0	0	0	0	0
NZ_LR134378.1	3p	+	51	13	26	25	9	73	0	0	1	0	0	0	1	0	0	0	3	0	0	0	0	0	0	0	0	0	0
NZ_LR134378.1	3p	+	52	14	30	13	8	65	0	1	0	0	0	0	0	0	0	0	0	1	0	0	0	0	0	0	0	0	0
NZ_LR134378.1	3p	+	53	7	19	17	13	56	0	1	0	0	0	0	0	0	1	0	2	0	0	0	0	0	0	0	0	0	0
NZ_LR134378.1	3p	+	54	9	15	24	5	53	1	3	0	1	0	0	0	0	0	0	2	0	0	0	0	0	0	0	0	0	0
NZ_LR134378.1	3p	+	55	8	11	13	17	49	1	0	1	1	0	0	0	0	0	0	0	0	0	0	0	0	0	0	0	0	0
NZ_LR134378.1	3p	+	56	8	17	13	9	47	1	0	0	0	0	0	0	0	0	0	0	0	0	0	0	0	0	0	0	0	0
NZ_LR134378.1	3p	+	57	7	15	18	2	42	0	0	0	1	1	0	0	0	0	0	1	1	0	0	0	0	0	0	0	0	0
NZ_LR134378.1	3p	+	58	9	11	8	9	37	0	0	0	0	0	0	0	0	0	0	0	0	0	0	0	0	0	0	0	0	0
NZ_LR134378.1	3p	+	59	7	14	6	9	36	0	0	0	0	0	0	0	0	0	0	0	0	0	0	0	0	0	0	0	0	0
NZ_LR134378.1	3p	+	60	3	13	13	6	35	0	0	0	1	0	0	1	0	0	0	1	0	0	0	0	0	0	0	0	0	0
NZ_LR134378.1	3p	+	61	6	11	10	7	34	0	0	0	0	0	0	0	0	0	0	0	0	0	0	0	0	0	0	0	0	0
NZ_LR134378.1	3p	+	62	2	13	12	5	32	0	2	0	0	0	0	0	0	0	0	0	0	0	0	0	0	0	0	0	0	0
NZ_LR134378.1	3p	+	63	4	9	13	4	30	0	0	0	0	0	0	0	0	0	0	0	0	0	0	0	0	0	0	0	0	0
NZ_LR134378.1	3p	+	64	3	7	8	9	27	0	0	0	0	0	0	0	0	0	0	0	0	0	0	0	0	0	0	0	0	0
NZ_LR134378.1	3p	+	65	2	9	9	4	24	0	0	0	0	0	0	1	0	0	0	0	1	0	0	0	0	0	0	0	0	0
NZ_LR134378.1	3p	+	66	2	12	6	3	23	0	0	1	0	0	0	0	0	1	0	0	0	0	0	0	0	0	0	0	0	0
NZ_LR134378.1	3p	+	67	3	6	5	7	21	0	0	0	0	0	0	0	0	0	0	0	0	0	0	0	0	0	0	0	0	0
NZ_LR134378.1	3p	+	68	1	7	7	5	20	0	0	0	0	0	0	0	0	0	0	0	0	0	0	0	0	0	0	0	0	0
NZ_LR134378.1	3p	+	69	5	7	6	1	19	0	0	1	0	0	0	0	0	0	0	1	0	0	0	0	0	0	0	0	0	0
NZ_LR134378.1	3p	+	70	2	9	2	4	17	0	0	0	0	0	0	0	1	0	0	0	0	0	0	0	0	0	0	0	0	0
NZ_LR134378.1	3p	-	1	159	205	213	140	717	23	2	5	4	3	2	13	3	3	3	9	1	0	0	0	0	0	0	0	0	0
NZ_LR134378.1	3p	-	2	140	226	228	122	716	14	10	3	7	5	2	12	3	3	2	10	1	0	0	0	0	0	0	1	0	0
NZ_LR134378.1	3p	-	3	125	238	232	121	716	8	5	6	7	2	1	13	4	3	1	7	1	0	0	0	0	1	0	0	0	0
NZ_LR134378.1	3p	-	4	150	196	225	145	716	6	0	5	3	1	1	6	0	0	2	5	2	0	0	0	0	0	0	1	0	0
NZ_LR134378.1	3p	-	5	114	233	254	116	717	8	5	8	3	0	0	8	3	0	2	7	2	0	0	0	0	0	0	0	0	0
NZ_LR134378.1	3p	-	6	136	243	208	129	716	5	6	6	7	2	2	12	2	1	0	18	4	0	0	0	0	0	0	1	0	0
NZ_LR134378.1	3p	-	7	139	220	211	146	716	4	6	5	2	2	0	7	1	5	1	11	1	0	0	0	0	0	0	0	1	0
NZ_LR134378.1	3p	-	8	123	245	237	112	717	9	4	5	6	1	0	11	3	4	0	12	3	1	0	0	0	0	0	0	0	0
NZ_LR134378.1	3p	-	9	113	246	228	130	717	9	5	2	9	0	2	9	3	3	2	8	1	0	0	0	0	0	0	0	0	0
NZ_LR134378.1	3p	-	10	130	227	237	123	717	10	4	5	4	1	1	9	1	3	0	5	2	1	0	0	0	0	0	0	0	0
NZ_LR134378.1	3p	-	11	130	202	273	111	716	5	2	7	8	1	1	16	2	2	0	10	1	0	0	0	0	0	1	0	0	0
NZ_LR134378.1	3p	-	12	96	254	233	134	717	6	9	4	4	2	1	14	2	1	1	8	2	0	0	0	0	0	0	0	0	0
NZ_LR134378.1	3p	-	13	119	232	222	143	716	1	2	4	10	2	1	8	1	2	0	4	0	0	0	0	0	0	0	0	1	0
NZ_LR134378.1	3p	-	14	128	237	237	114	716	5	5	6	4	3	1	6	2	7	1	14	1	0	0	0	0	0	0	0	1	0
NZ_LR134378.1	3p	-	15	96	272	222	127	717	6	5	7	4	1	1	10	7	0	1	7	2	0	0	0	0	0	0	0	0	0
NZ_LR134378.1	3p	-	16	118	226	221	151	716	7	3	2	4	1	1	4	1	4	1	3	0	0	0	0	1	0	0	0	1	0
NZ_LR134378.1	3p	-	17	121	236	246	114	717	4	3	3	7	0	0	18	4	5	0	12	3	0	1	0	0	0	0	0	0	0
NZ_LR134378.1	3p	-	18	116	238	235	126	715	3	3	7	7	1	0	10	2	2	2	10	0	0	1	0	0	1	0	0	1	0
NZ_LR134378.1	3p	-	19	140	213	218	146	717	7	2	5	8	3	1	2	1	2	1	6	0	0	0	0	0	0	0	0	0	0
NZ_LR134378.1	3p	-	20	120	240	244	112	716	6	7	6	5	2	0	7	5	1	1	11	2	0	0	0	0	0	0	1	0	0
NZ_LR134378.1	3p	-	21	112	253	240	111	716	6	6	3	5	2	0	7	0	3	1	6	0	0	1	0	0	0	0	0	1	0
NZ_LR134378.1	3p	-	22	137	199	238	143	717	4	6	0	3	3	1	10	0	1	2	12	5	0	0	0	0	0	0	0	0	0
NZ_LR134378.1	3p	-	23	136	237	222	122	717	7	2	7	3	2	0	8	1	1	1	4	2	1	0	1	0	0	0	0	0	0
NZ_LR134378.1	3p	-	24	125	263	226	103	717	4	8	4	2	2	2	13	3	3	1	12	2	0	0	0	0	0	0	0	0	0
NZ_LR134378.1	3p	-	25	126	234	213	144	717	8	1	5	5	2	2	5	2	1	0	10	2	0	0	0	0	0	0	0	0	0
NZ_LR134378.1	3p	-	26	110	248	233	126	717	5	4	8	6	1	0	10	3	1	2	13	3	0	0	0	1	0	0	0	0	0
NZ_LR134378.1	3p	-	27	104	239	238	136	717	3	8	3	6	2	1	5	1	3	0	8	3	0	0	0	0	0	0	0	0	0
NZ_LR134378.1	3p	-	28	124	232	198	163	717	4	6	4	6	1	1	7	4	1	0	5	1	0	0	0	0	0	0	0	0	0
NZ_LR134378.1	3p	-	29	135	210	240	131	716	5	6	8	4	2	0	11	2	1	1	11	4	0	0	0	1	0	0	0	1	0
NZ_LR134378.1	3p	-	30	110	240	226	141	717	3	9	6	1	4	1	11	2	2	1	7	3	0	1	0	1	0	0	0	0	0
NZ_LR134378.1	3p	-	31	121	204	178	119	622	4	10	3	4	2	0	8	3	3	0	9	4	0	0	0	0	0	0	0	0	0
NZ_LR134378.1	3p	-	32	104	182	167	100	553	4	7	3	2	1	0	6	1	1	0	2	3	0	0	0	0	0	0	0	0	0
NZ_LR134378.1	3p	-	33	82	159	148	91	480	3	10	4	6	2	1	5	3	3	0	3	5	0	0	0	0	0	0	0	0	0
NZ_LR134378.1	3p	-	34	78	113	137	92	420	2	5	1	0	1	0	3	2	2	0	2	3	0	0	0	0	0	0	0	0	0
NZ_LR134378.1	3p	-	35	77	115	115	62	369	3	2	4	4	0	1	2	3	3	0	6	2	0	0	0	0	0	0	0	0	0
NZ_LR134378.1	3p	-	36	52	112	100	73	337	3	5	0	3	3	1	4	1	1	1	3	2	0	0	0	0	0	1	0	0	0
NZ_LR134378.1	3p	-	37	57	88	96	69	310	2	0	4	3	0	0	4	0	0	1	1	1	0	0	0	0	0	0	0	0	0
NZ_LR134378.1	3p	-	38	55	82	88	52	277	6	5	2	2	0	0	6	0	0	0	2	1	0	0	0	0	0	0	0	0	0
NZ_LR134378.1	3p	-	39	38	95	83	44	260	3	2	2	2	0	0	7	0	0	0	2	0	0	0	0	0	0	0	0	0	0
NZ_LR134378.1	3p	-	40	53	71	74	44	242	0	3	2	3	3	0	3	1	0	0	3	0	0	0	0	0	0	0	0	0	0
NZ_LR134378.1	3p	-	41	37	84	69	37	227	1	4	0	0	0	0	4	0	0	0	4	0	0	0	0	0	0	0	0	0	0
NZ_LR134378.1	3p	-	42	31	62	70	46	209	4	2	1	7	0	0	1	0	0	0	2	0	0	0	0	1	0	0	0	0	0
NZ_LR134378.1	3p	-	43	40	66	41	37	184	2	7	0	0	0	0	3	0	0	0	0	0	0	0	0	0	0	0	0	0	0
NZ_LR134378.1	3p	-	44	25	52	50	27	154	2	2	1	0	0	1	3	1	0	1	1	0	0	0	0	0	0	0	0	0	0
NZ_LR134378.1	3p	-	45	25	48	36	25	134	1	2	1	0	0	1	1	1	0	1	2	1	0	0	0	0	0	0	0	0	0
NZ_LR134378.1	3p	-	46	28	34	30	26	118	1	2	2	0	0	0	1	0	0	0	2	0	0	0	0	0	0	0	0	0	0
NZ_LR134378.1	3p	-	47	20	25	45	15	105	1	0	1	0	0	0	1	0	0	0	0	1	0	0	0	0	0	0	0	0	0
NZ_LR134378.1	3p	-	48	13	39	28	19	99	1	1	1	0	0	0	1	1	0	0	2	0	0	0	0	0	0	0	0	0	0
NZ_LR134378.1	3p	-	49	13	36	21	23	93	2	0	0	0	0	0	1	1	0	0	0	2	0	0	0	0	0	0	0	0	0
NZ_LR134378.1	3p	-	50	14	26	28	13	81	1	1	3	0	0	0	0	0	0	1	0	0	0	0	0	0	0	0	0	0	0
NZ_LR134378.1	3p	-	51	11	27	22	11	71	0	0	0	0	0	0	0	1	0	0	0	0	0	0	0	0	0	0	0	0	0
NZ_LR134378.1	3p	-	52	12	29	16	8	65	0	0	0	0	1	0	0	0	1	0	1	0	0	0	0	0	0	0	0	0	0
NZ_LR134378.1	3p	-	53	13	16	25	6	60	0	0	2	0	0	0	0	0	0	0	0	0	0	0	0	0	0	0	0	0	0
NZ_LR134378.1	3p	-	54	9	15	19	13	56	0	0	0	0	0	0	0	0	0	0	0	0	0	0	0	0	0	0	0	0	0
NZ_LR134378.1	3p	-	55	11	18	13	10	52	0	0	0	0	0	0	0	0	0	0	0	1	0	0	0	0	0	0	0	0	0
NZ_LR134378.1	3p	-	56	11	14	14	6	45	0	0	2	0	0	0	1	1	0	0	0	0	0	0	0	0	0	0	0	0	0
NZ_LR134378.1	3p	-	57	8	10	15	10	43	0	0	0	1	0	0	0	0	0	0	0	0	0	0	0	0	0	0	0	0	0
NZ_LR134378.1	3p	-	58	11	10	15	6	42	0	0	0	0	0	0	0	1	0	0	1	0	0	0	0	0	0	0	0	0	0
NZ_LR134378.1	3p	-	59	8	12	11	5	36	1	1	0	0	0	0	0	0	0	0	0	0	0	0	0	0	0	0	0	0	0
NZ_LR134378.1	3p	-	60	3	12	8	9	32	1	0	0	0	0	0	0	0	0	0	1	0	0	0	0	0	0	0	0	0	0
NZ_LR134378.1	3p	-	61	4	12	6	9	31	0	0	0	0	0	0	0	1	0	0	0	0	0	0	0	0	0	0	0	0	0
NZ_LR134378.1	3p	-	62	4	3	15	6	28	2	0	0	0	0	0	0	0	0	0	0	0	0	0	0	0	0	0	0	0	0
NZ_LR134378.1	3p	-	63	7	9	9	1	26	1	0	1	0	0	0	0	0	0	0	0	0	0	0	0	0	0	0	0	0	0
NZ_LR134378.1	3p	-	64	2	9	7	4	22	0	1	0	0	0	0	0	0	0	0	0	0	0	0	0	0	0	0	0	0	0
NZ_LR134378.1	3p	-	65	4	11	4	2	21	0	1	0	0	0	0	1	0	0	0	0	0	0	0	0	0	0	0	0	0	0
NZ_LR134378.1	3p	-	66	6	3	5	5	19	0	1	0	0	0	0	0	0	0	0	0	0	0	0	0	0	0	0	0	0	0
NZ_LR134378.1	3p	-	67	4	5	5	2	16	0	0	0	1	0	0	1	0	0	0	1	0	0	0	0	0	0	0	0	0	0
NZ_LR134378.1	3p	-	68	2	3	6	4	15	0	0	0	0	0	0	0	0	0	0	0	0	0	0	0	0	0	0	0	0	0
NZ_LR134378.1	3p	-	69	0	5	4	4	13	0	1	0	0	0	0	0	0	0	0	0	0	0	0	0	0	0	0	0	0	0
NZ_LR134378.1	3p	-	70	3	4	5	1	13	0	1	0	0	0	0	0	0	0	0	0	0	0	0	0	0	0	0	0	0	0
NZ_LR134378.1	5p	+	1	127	249	193	145	714	3	24	0	5	2	5	10	0	1	3	8	7	0	0	0	0	0	0	0	0	0
NZ_LR134378.1	5p	+	2	116	224	236	138	714	5	16	3	2	3	0	6	2	2	3	15	8	1	0	0	0	0	0	0	0	0
NZ_LR134378.1	5p	+	3	140	231	227	116	714	9	4	7	6	3	1	11	4	0	2	12	2	1	0	0	0	0	0	0	0	0
NZ_LR134378.1	5p	+	4	144	232	219	119	714	6	10	2	4	5	0	7	1	3	2	16	3	0	0	1	0	0	0	0	0	0
NZ_LR134378.1	5p	+	5	133	222	217	141	713	6	5	4	7	3	0	6	3	2	3	13	3	0	1	0	0	0	1	0	0	0
NZ_LR134378.1	5p	+	6	113	244	225	132	714	2	8	1	4	0	0	9	0	5	0	14	5	0	0	1	0	0	0	0	0	0
NZ_LR134378.1	5p	+	7	132	228	230	124	714	5	6	6	8	1	0	10	0	2	3	7	2	1	0	0	1	0	0	0	0	0
NZ_LR134378.1	5p	+	8	137	232	220	125	714	6	5	9	3	2	1	6	0	1	1	12	3	0	0	0	0	0	0	0	0	0
NZ_LR134378.1	5p	+	9	140	238	225	109	712	5	5	3	10	3	2	2	4	4	0	5	4	0	0	1	0	0	2	0	0	0
NZ_LR134378.1	5p	+	10	92	269	225	127	713	4	6	3	3	2	1	11	0	1	0	9	4	0	0	0	0	0	0	1	0	0
NZ_LR134378.1	5p	+	11	119	218	259	117	713	5	7	2	5	1	0	8	0	0	2	7	3	0	1	0	0	1	0	0	0	0
NZ_LR134378.1	5p	+	12	110	221	263	119	713	5	7	6	7	1	0	13	0	1	2	8	1	0	0	1	0	0	0	0	1	0
NZ_LR134378.1	5p	+	13	115	254	220	125	714	3	7	2	1	0	2	7	4	3	1	9	1	0	0	0	0	0	0	0	0	0
NZ_LR134378.1	5p	+	14	138	216	248	111	713	9	4	5	5	0	1	8	2	1	0	10	4	0	0	0	0	0	0	1	0	0
NZ_LR134378.1	5p	+	15	122	223	241	127	713	2	7	6	5	1	2	10	4	4	1	6	6	0	0	0	0	0	0	1	0	0
NZ_LR134378.1	5p	+	16	131	232	226	125	714	4	4	4	4	1	0	6	2	1	1	8	0	0	0	0	1	0	0	0	0	0
NZ_LR134378.1	5p	+	17	115	261	216	122	714	1	8	4	2	1	0	14	2	2	0	9	0	0	0	1	0	0	0	0	0	0
NZ_LR134378.1	5p	+	18	128	217	254	115	714	3	3	0	2	5	0	8	3	2	0	12	3	0	0	0	0	0	0	0	0	0
NZ_LR134378.1	5p	+	19	122	225	250	116	713	3	6	2	3	1	1	12	1	2	1	6	2	0	0	0	0	0	0	1	0	0
NZ_LR134378.1	5p	+	20	113	230	248	123	714	4	4	5	5	2	4	8	3	0	0	5	0	0	0	0	0	0	0	0	0	0
NZ_LR134378.1	5p	+	21	130	243	222	119	714	6	3	5	6	2	3	9	2	6	1	8	4	0	0	0	0	0	0	0	0	0
NZ_LR134378.1	5p	+	22	129	226	238	120	713	6	4	2	3	3	0	8	2	0	3	4	3	0	0	1	0	0	1	0	0	0
NZ_LR134378.1	5p	+	23	123	222	242	127	714	3	7	2	5	0	1	9	1	1	1	9	0	0	0	0	0	0	0	0	0	0
NZ_LR134378.1	5p	+	24	129	235	218	131	713	8	6	6	9	1	0	7	2	0	0	9	1	0	0	0	0	0	0	0	1	0
NZ_LR134378.1	5p	+	25	118	238	234	124	714	2	6	4	3	0	1	5	0	3	1	8	4	0	0	0	0	0	0	0	0	0
NZ_LR134378.1	5p	+	26	117	233	241	122	713	5	8	5	5	3	0	8	0	1	2	11	0	0	0	0	0	0	0	0	1	0
NZ_LR134378.1	5p	+	27	140	233	223	118	714	10	5	5	7	2	2	7	1	2	1	9	4	0	0	1	0	0	0	0	0	0
NZ_LR134378.1	5p	+	28	138	218	235	123	714	4	6	8	6	4	0	3	2	1	0	10	3	0	0	0	1	0	0	0	0	0
NZ_LR134378.1	5p	+	29	131	222	224	137	714	9	5	4	5	1	1	8	4	2	3	9	3	0	0	0	0	0	0	0	0	0
NZ_LR134378.1	5p	+	30	127	247	219	120	713	5	8	2	4	0	2	13	4	4	2	9	2	0	0	0	0	1	0	0	0	0
NZ_LR134378.1	5p	+	31	138	203	190	97	628	7	4	4	2	1	0	13	2	1	1	10	2	0	0	0	0	0	0	0	0	0
NZ_LR134378.1	5p	+	32	96	189	187	98	570	7	7	4	1	0	1	11	1	2	2	6	1	0	0	1	0	0	0	0	0	0
NZ_LR134378.1	5p	+	33	94	162	169	77	502	8	5	2	0	0	0	6	3	1	1	5	0	0	0	0	0	0	0	0	0	0
NZ_LR134378.1	5p	+	34	88	142	134	86	450	3	1	3	3	0	1	3	3	1	0	7	1	0	0	0	0	0	0	1	0	0
NZ_LR134378.1	5p	+	35	79	122	127	75	403	5	2	4	4	0	1	3	0	1	0	6	1	0	0	0	0	0	0	0	0	0
NZ_LR134378.1	5p	+	36	60	134	117	60	371	3	2	1	2	1	0	5	0	0	0	6	1	0	0	0	0	0	0	0	0	0
NZ_LR134378.1	5p	+	37	65	87	115	69	336	3	3	1	3	1	0	1	1	0	1	6	0	0	0	0	0	0	0	0	0	0
NZ_LR134378.1	5p	+	38	57	109	96	51	313	2	2	0	2	1	0	1	0	0	1	2	2	0	0	0	0	0	0	0	1	0
NZ_LR134378.1	5p	+	39	43	98	93	56	290	3	2	2	0	0	1	7	1	2	0	6	3	0	0	0	0	0	0	0	0	0
NZ_LR134378.1	5p	+	40	60	90	72	47	269	4	2	1	1	0	0	1	1	0	0	3	0	0	0	0	0	0	0	0	0	0
NZ_LR134378.1	5p	+	41	50	77	84	38	249	3	2	2	2	0	0	2	1	0	1	4	0	0	0	0	0	0	0	0	0	0
NZ_LR134378.1	5p	+	42	52	68	70	41	231	3	0	1	1	1	0	1	1	1	0	3	0	0	0	0	0	0	0	0	0	0
NZ_LR134378.1	5p	+	43	39	57	67	37	200	3	0	3	1	1	0	0	1	1	0	1	1	0	0	0	0	0	0	0	0	0
NZ_LR134378.1	5p	+	44	34	58	56	29	177	1	2	1	1	1	0	1	0	0	1	3	0	0	0	0	0	0	0	0	0	0
NZ_LR134378.1	5p	+	45	31	49	51	24	155	4	2	0	1	0	0	1	1	0	0	1	0	0	0	0	0	0	0	0	0	0
NZ_LR134378.1	5p	+	46	21	43	44	32	140	1	1	0	2	1	0	0	0	1	0	3	0	0	0	0	0	0	0	0	0	0
NZ_LR134378.1	5p	+	47	26	44	37	16	123	0	3	2	1	1	0	2	0	0	0	4	0	0	0	0	0	0	0	0	0	0
NZ_LR134378.1	5p	+	48	19	38	29	21	107	0	2	1	1	0	0	3	0	0	0	2	1	0	0	0	0	0	0	0	0	0
NZ_LR134378.1	5p	+	49	16	32	27	14	89	0	1	1	0	0	0	1	1	0	0	1	0	0	0	0	0	0	0	0	0	0
NZ_LR134378.1	5p	+	50	11	27	30	13	81	0	3	2	0	0	1	1	1	0	0	0	0	0	0	0	0	0	0	0	0	0
NZ_LR134378.1	5p	+	51	11	28	18	16	73	0	0	0	0	0	0	1	0	0	0	1	0	0	0	0	0	0	0	0	0	0
NZ_LR134378.1	5p	+	52	24	15	17	9	65	0	0	1	1	0	0	2	0	0	0	1	1	0	0	0	0	0	0	0	0	0
NZ_LR134378.1	5p	+	53	8	17	18	13	56	0	1	0	0	0	0	1	0	0	1	3	0	0	0	0	0	0	0	0	0	0
NZ_LR134378.1	5p	+	54	6	21	16	10	53	0	0	0	0	1	0	1	0	0	0	0	0	0	0	0	0	0	0	0	0	0
NZ_LR134378.1	5p	+	55	11	14	13	11	49	0	0	0	0	0	0	0	0	0	0	1	0	0	0	0	0	0	0	0	0	0
NZ_LR134378.1	5p	+	56	12	15	13	7	47	0	1	0	0	1	0	1	1	0	0	1	0	0	0	0	0	0	0	0	0	0
NZ_LR134378.1	5p	+	57	6	17	11	8	42	1	0	0	1	0	0	0	1	0	0	0	0	0	0	0	0	0	0	0	0	0
NZ_LR134378.1	5p	+	58	5	11	15	6	37	1	0	0	0	0	0	0	0	1	0	0	0	0	0	0	0	0	0	0	0	0
NZ_LR134378.1	5p	+	59	11	10	11	4	36	0	0	0	0	0	1	2	0	0	0	0	0	0	0	0	0	0	0	0	0	0
NZ_LR134378.1	5p	+	60	10	9	10	6	35	0	0	0	0	0	0	0	0	0	0	0	0	0	0	0	0	0	0	0	0	0
NZ_LR134378.1	5p	+	61	4	7	17	6	34	0	0	0	0	0	0	0	0	0	0	1	1	0	0	0	0	0	0	0	0	0
NZ_LR134378.1	5p	+	62	4	12	8	8	32	0	0	0	0	0	0	0	0	0	0	0	0	0	0	0	0	0	0	0	0	0
NZ_LR134378.1	5p	+	63	6	10	8	6	30	0	1	0	0	0	0	1	1	0	0	0	0	0	0	0	0	0	0	0	0	0
NZ_LR134378.1	5p	+	64	5	10	7	5	27	0	0	0	0	0	0	0	0	0	0	0	0	0	0	0	0	0	0	0	0	0
NZ_LR134378.1	5p	+	65	4	6	9	5	24	0	0	0	0	0	0	0	0	0	0	0	0	0	0	0	0	0	0	0	0	0
NZ_LR134378.1	5p	+	66	4	3	8	8	23	0	0	0	2	0	0	0	0	0	0	1	0	0	0	0	0	0	0	0	0	0
NZ_LR134378.1	5p	+	67	2	4	11	4	21	0	0	0	0	0	0	0	0	0	0	0	0	0	0	0	0	0	0	0	0	0
NZ_LR134378.1	5p	+	68	2	6	6	6	20	1	0	0	0	0	0	0	0	0	0	0	0	0	0	0	0	0	0	0	0	0
NZ_LR134378.1	5p	+	69	5	8	6	0	19	1	0	0	0	0	0	0	0	0	0	0	0	0	0	0	0	0	0	0	0	0
NZ_LR134378.1	5p	+	70	5	6	1	5	17	0	0	0	0	0	0	0	0	0	0	0	0	0	0	0	0	0	0	0	0	0
NZ_LR134378.1	5p	-	1	132	229	204	152	717	8	24	5	6	7	2	3	3	3	2	8	11	0	0	0	0	0	0	0	0	0
NZ_LR134378.1	5p	-	2	127	224	225	141	717	5	14	8	8	0	2	8	1	4	0	14	6	0	0	0	0	0	0	0	0	0
NZ_LR134378.1	5p	-	3	136	234	227	120	717	5	10	11	11	5	1	13	4	1	0	8	1	0	0	0	1	0	0	0	0	0
NZ_LR134378.1	5p	-	4	138	212	201	166	717	7	4	2	3	1	0	11	2	3	1	8	0	0	0	0	0	0	0	0	0	0
NZ_LR134378.1	5p	-	5	126	237	200	154	717	5	8	3	3	0	0	10	4	1	0	10	3	0	0	0	1	0	0	0	0	0
NZ_LR134378.1	5p	-	6	109	234	241	133	717	10	9	7	2	3	0	11	3	4	0	5	4	0	1	0	1	0	0	0	0	0
NZ_LR134378.1	5p	-	7	133	225	227	131	716	9	4	5	1	0	0	6	4	2	1	4	2	0	0	0	1	0	0	0	1	0
NZ_LR134378.1	5p	-	8	109	248	225	134	716	7	6	1	10	0	1	19	1	1	3	13	2	0	0	0	0	0	1	0	0	0
NZ_LR134378.1	5p	-	9	131	223	252	111	717	3	5	6	5	2	1	9	3	0	1	7	4	1	0	0	0	0	0	0	0	0
NZ_LR134378.1	5p	-	10	132	226	209	150	717	2	6	3	5	2	1	8	2	2	0	4	1	0	0	0	0	0	0	0	0	0
NZ_LR134378.1	5p	-	11	113	265	204	135	717	4	5	2	1	3	0	7	0	1	0	6	4	0	0	0	0	0	0	0	0	0
NZ_LR134378.1	5p	-	12	115	224	271	106	716	4	4	3	3	4	1	8	1	0	1	11	3	0	0	0	0	0	0	0	1	0
NZ_LR134378.1	5p	-	13	142	235	212	126	715	5	6	5	6	0	1	6	5	2	1	9	0	0	1	1	0	1	0	1	0	0
NZ_LR134378.1	5p	-	14	131	234	241	111	717	5	1	4	5	0	0	7	0	2	0	6	1	0	0	0	0	0	0	0	0	0
NZ_LR134378.1	5p	-	15	117	228	258	114	717	7	6	7	4	2	0	9	3	4	2	5	1	0	1	0	0	0	0	0	0	0
NZ_LR134378.1	5p	-	16	123	225	227	141	716	2	3	1	3	2	1	9	1	2	2	8	2	0	1	0	0	0	0	0	1	0
NZ_LR134378.1	5p	-	17	89	257	230	140	716	9	6	5	12	1	1	4	3	1	2	4	1	0	0	0	1	0	0	0	1	0
NZ_LR134378.1	5p	-	18	114	238	246	119	717	4	2	4	6	0	0	14	4	0	0	11	2	0	0	0	0	0	0	0	0	0
NZ_LR134378.1	5p	-	19	145	225	209	136	715	7	5	8	6	3	0	3	2	4	1	5	1	0	0	0	0	0	0	0	2	0
NZ_LR134378.1	5p	-	20	107	240	256	114	717	7	4	6	6	0	3	9	1	2	0	8	0	0	0	0	0	0	0	0	0	0
NZ_LR134378.1	5p	-	21	114	252	236	115	717	6	4	5	9	3	2	13	2	3	0	14	3	0	0	0	0	0	0	0	0	0
NZ_LR134378.1	5p	-	22	122	239	207	149	717	4	2	1	5	1	1	7	4	2	2	9	0	0	0	0	0	0	0	0	0	0
NZ_LR134378.1	5p	-	23	116	226	252	123	717	7	7	3	7	2	0	7	5	2	0	11	1	0	0	0	0	0	0	0	0	0
NZ_LR134378.1	5p	-	24	134	234	239	110	717	1	6	9	4	3	1	11	2	6	0	5	3	0	0	0	0	0	0	0	0	0
NZ_LR134378.1	5p	-	25	127	238	206	144	715	6	6	4	4	1	0	3	1	2	1	4	3	0	0	0	0	0	0	1	1	0
NZ_LR134378.1	5p	-	26	113	247	229	128	717	10	8	4	7	3	1	12	2	2	0	7	5	0	0	0	0	0	0	0	0	0
NZ_LR134378.1	5p	-	27	129	231	230	127	717	9	5	9	3	0	1	13	1	4	2	17	1	0	0	0	0	0	0	0	0	0
NZ_LR134378.1	5p	-	28	142	221	220	133	716	3	5	1	4	1	0	4	2	3	0	5	3	1	0	0	0	0	0	1	0	0
NZ_LR134378.1	5p	-	29	113	219	244	141	717	9	3	5	6	3	0	5	5	2	2	8	2	0	0	0	0	0	0	0	0	0
NZ_LR134378.1	5p	-	30	122	252	245	96	715	9	6	8	3	2	3	9	2	2	1	5	0	0	0	0	0	0	1	1	0	0
NZ_LR134378.1	5p	-	31	144	184	173	121	622	4	6	7	2	4	2	7	2	2	2	9	1	0	0	0	0	0	0	0	0	0
NZ_LR134378.1	5p	-	32	85	189	179	100	553	11	2	3	5	0	1	7	1	3	2	11	2	0	0	0	0	0	0	0	0	0
NZ_LR134378.1	5p	-	33	74	163	167	76	480	7	2	6	5	1	0	8	1	1	1	6	1	1	0	0	0	0	0	0	0	0
NZ_LR134378.1	5p	-	34	88	117	136	79	420	6	2	3	2	0	0	4	0	3	0	4	2	0	0	0	0	0	0	0	0	0
NZ_LR134378.1	5p	-	35	69	116	110	74	369	5	1	0	1	0	0	7	2	1	1	7	0	0	0	0	0	0	0	0	0	0
NZ_LR134378.1	5p	-	36	58	102	120	58	338	6	2	3	2	2	1	10	0	0	1	3	0	0	0	0	0	0	0	0	0	0
NZ_LR134378.1	5p	-	37	72	96	98	44	310	1	2	1	0	1	2	8	1	1	0	2	2	0	0	0	0	0	0	0	0	0
NZ_LR134378.1	5p	-	38	46	91	85	55	277	1	6	4	3	0	0	1	3	0	0	4	0	0	0	0	0	0	0	0	0	0
NZ_LR134378.1	5p	-	39	54	81	78	47	260	2	1	2	1	1	0	2	2	1	0	4	0	0	0	0	0	0	0	0	0	0
NZ_LR134378.1	5p	-	40	45	57	81	59	242	1	2	2	3	0	0	4	0	0	0	1	0	0	0	0	0	0	0	0	0	0
NZ_LR134378.1	5p	-	41	32	81	74	40	227	3	2	0	1	1	0	4	0	0	0	3	1	0	0	0	0	0	0	0	0	0
NZ_LR134378.1	5p	-	42	30	67	72	40	209	2	1	2	2	1	1	3	0	0	0	4	0	0	0	0	0	0	0	0	0	0
NZ_LR134378.1	5p	-	43	44	49	49	42	184	1	0	1	2	0	0	4	1	0	0	3	1	0	0	0	0	0	0	0	0	0
NZ_LR134378.1	5p	-	44	26	42	55	31	154	0	0	1	1	1	0	5	0	0	0	4	0	0	0	0	0	0	0	0	0	0
NZ_LR134378.1	5p	-	45	22	47	43	22	134	0	2	1	1	0	0	2	1	1	0	3	0	0	0	0	0	0	0	0	0	0
NZ_LR134378.1	5p	-	46	32	40	25	21	118	1	0	2	0	1	0	0	0	0	0	0	0	0	0	0	0	0	0	0	0	0
NZ_LR134378.1	5p	-	47	18	39	21	27	105	0	0	1	0	0	0	1	0	0	1	0	0	0	0	0	0	0	0	0	0	0
NZ_LR134378.1	5p	-	48	15	25	38	21	99	4	0	1	0	0	0	1	1	0	0	0	0	0	0	0	0	0	0	0	0	0
NZ_LR134378.1	5p	-	49	16	25	33	19	93	3	0	0	0	0	0	2	0	0	0	1	0	0	0	0	0	0	0	0	0	0
NZ_LR134378.1	5p	-	50	15	24	25	16	80	0	1	0	0	0	0	0	0	1	1	0	0	0	0	0	0	1	0	0	0	0
NZ_LR134378.1	5p	-	51	10	28	24	9	71	2	2	0	0	0	0	2	1	0	1	1	0	0	0	0	0	0	0	0	0	0
NZ_LR134378.1	5p	-	52	19	19	16	11	65	2	1	1	1	0	0	0	0	0	0	1	0	0	0	0	0	0	0	0	0	0
NZ_LR134378.1	5p	-	53	15	15	14	16	60	0	0	0	0	0	0	1	0	0	0	2	0	0	0	0	0	0	0	0	0	0
NZ_LR134378.1	5p	-	54	6	20	16	14	56	3	1	0	0	0	0	1	0	1	0	0	0	0	0	0	0	0	0	0	0	0
NZ_LR134378.1	5p	-	55	17	18	12	5	52	0	0	1	0	0	0	2	0	0	0	0	0	0	0	0	0	0	0	0	0	0
NZ_LR134378.1	5p	-	56	10	14	14	7	45	0	0	0	0	0	0	0	0	0	0	0	0	0	0	0	0	0	0	0	0	0
NZ_LR134378.1	5p	-	57	4	23	9	7	43	1	1	0	0	0	0	2	0	0	0	0	0	0	0	0	0	0	0	0	0	0
NZ_LR134378.1	5p	-	58	8	12	13	9	42	0	0	0	1	0	0	0	0	0	0	1	0	0	0	0	0	0	0	0	0	0
NZ_LR134378.1	5p	-	59	10	10	7	9	36	0	0	2	0	0	0	1	0	0	0	0	0	0	0	0	0	0	0	0	0	0
NZ_LR134378.1	5p	-	60	3	17	10	2	32	0	0	0	0	0	0	0	0	0	0	1	0	0	0	0	0	0	0	0	0	0
NZ_LR134378.1	5p	-	61	8	9	8	6	31	0	0	0	0	0	0	0	0	0	0	0	0	0	0	0	0	0	0	0	0	0
NZ_LR134378.1	5p	-	62	3	17	4	4	28	0	0	0	0	0	0	1	0	0	0	0	0	0	0	0	0	0	0	0	0	0
NZ_LR134378.1	5p	-	63	5	4	15	2	26	0	0	0	0	0	0	0	0	0	0	0	0	0	0	0	0	0	0	0	0	0
NZ_LR134378.1	5p	-	64	8	5	4	5	22	0	0	0	1	0	0	0	0	0	0	0	0	0	0	0	0	0	0	0	0	0
NZ_LR134378.1	5p	-	65	6	8	4	3	21	0	0	0	0	0	0	1	0	0	0	0	0	0	0	0	0	0	0	0	0	0
NZ_LR134378.1	5p	-	66	3	6	5	5	19	0	0	1	0	0	0	0	0	0	0	1	0	0	0	0	0	0	0	0	0	0
NZ_LR134378.1	5p	-	67	2	8	3	3	16	0	0	0	0	0	0	0	0	0	0	0	0	0	0	0	0	0	0	0	0	0
NZ_LR134378.1	5p	-	68	2	7	5	1	15	0	0	0	0	0	0	0	0	0	0	0	0	0	0	0	0	0	0	0	0	0
NZ_LR134378.1	5p	-	69	0	3	7	3	13	1	0	0	0	0	0	0	0	0	0	0	0	0	0	0	0	0	0	0	0	0
NZ_LR134378.1	5p	-	70	2	5	2	4	13	0	0	0	0	0	0	0	0	0	0	0	0	0	0	0	0	0	0	0	0	0
