# table produced by mapDamage version 2.2.3
# using mapped file /mnt/archgen/microbiome_calculus/library_ds_vs_ss/04-analysis/normalize_kraken/mapping/flexilinea_sp001717545/mapDamage2_dsLibs/input/FUM002.A0101.SG1.1_5M.mapped_f_sp001717545_q25l30_rmdup.bam and /mnt/archgen/microbiome_calculus/library_ds_vs_ss/04-analysis/normalize_kraken/mapping/flexilinea_sp001717545/input/GCA_001717545.1_ASM171754v1_genomic.fna as reference file
# Chr: reference from sam/bam header, End: from which termini of DNA sequences, Std: strand of reads
Chr	End	Std	Pos	A	C	G	T	Total	G>A	C>T	A>G	T>C	A>C	A>T	C>G	C>A	T>G	T>A	G>C	G>T	A>-	T>-	C>-	G>-	->A	->T	->C	->G	S
CP017039.1	3p	+	1	2481	1314	2110	1284	7189	647	43	30	27	6	9	16	32	9	21	9	11	0	0	0	0	0	0	0	0	0
CP017039.1	3p	+	2	2022	1820	1871	1476	7189	356	55	23	35	7	11	19	28	5	16	26	14	0	0	0	0	0	0	0	0	0
CP017039.1	3p	+	3	1676	2013	1915	1585	7189	186	51	33	33	11	9	24	21	3	4	22	19	0	0	0	0	0	0	0	0	0
CP017039.1	3p	+	4	1739	1733	1929	1788	7189	153	45	22	31	11	7	13	13	8	9	15	14	0	0	0	0	0	0	0	0	0
CP017039.1	3p	+	5	1592	2002	2020	1575	7189	146	66	36	38	9	7	19	18	12	9	21	15	0	0	0	1	0	0	0	0	0
CP017039.1	3p	+	6	1592	2009	2010	1574	7185	113	39	41	29	12	5	14	14	7	6	15	17	0	0	0	0	1	2	1	0	0
CP017039.1	3p	+	7	1704	1926	1956	1602	7188	84	50	16	28	8	6	16	17	3	13	14	13	0	0	1	0	0	0	1	0	0
CP017039.1	3p	+	8	1650	2038	2031	1469	7188	80	62	38	40	6	9	24	27	10	6	26	18	0	1	0	0	0	0	1	0	0
CP017039.1	3p	+	9	1622	2037	1955	1574	7188	85	57	36	29	3	4	23	18	13	6	20	16	0	0	0	0	0	0	0	1	0
CP017039.1	3p	+	10	1735	1920	1959	1575	7189	78	47	36	22	5	4	11	24	6	2	8	14	1	0	0	0	0	0	0	0	0
CP017039.1	3p	+	11	1614	2059	2069	1446	7188	94	45	38	36	8	7	17	27	2	3	23	13	0	1	0	0	0	1	0	0	0
CP017039.1	3p	+	12	1485	2103	2056	1543	7187	89	57	36	29	9	5	16	25	14	7	18	29	0	0	0	0	2	0	0	0	0
CP017039.1	3p	+	13	1612	1925	2007	1644	7188	67	33	25	28	5	4	10	18	7	4	17	12	1	0	1	0	1	0	0	0	0
CP017039.1	3p	+	14	1543	2021	2118	1506	7188	88	46	44	54	12	5	22	31	8	3	28	9	0	0	0	0	0	0	1	0	0
CP017039.1	3p	+	15	1534	2121	2009	1522	7186	72	48	36	46	13	4	17	18	5	3	22	13	0	0	1	0	1	0	1	1	0
CP017039.1	3p	+	16	1669	1973	1982	1564	7188	77	47	28	27	13	5	10	19	11	8	13	11	0	0	0	0	0	0	1	0	0
CP017039.1	3p	+	17	1476	2124	2149	1439	7188	82	56	44	33	9	9	13	26	9	1	19	11	0	0	0	2	1	0	0	0	0
CP017039.1	3p	+	18	1506	2193	1948	1541	7188	73	51	41	45	7	8	22	10	8	3	18	22	0	0	1	0	0	0	0	1	0
CP017039.1	3p	+	19	1592	1944	2005	1648	7189	64	47	36	28	8	5	10	12	11	5	16	15	0	0	1	0	0	0	0	0	0
CP017039.1	3p	+	20	1578	2039	2195	1377	7189	71	54	36	39	11	7	17	17	9	6	20	13	0	0	0	0	0	0	0	0	0
CP017039.1	3p	+	21	1529	2207	2011	1442	7189	60	54	34	38	7	5	12	12	7	1	22	16	0	0	0	0	0	0	0	0	0
CP017039.1	3p	+	22	1614	2016	2015	1544	7189	63	54	32	27	4	5	14	11	4	5	14	16	0	0	0	0	0	0	0	0	0
CP017039.1	3p	+	23	1531	2018	2132	1506	7187	65	72	32	35	6	4	17	17	11	9	17	12	0	0	0	0	0	1	0	1	0
CP017039.1	3p	+	24	1466	2196	1954	1571	7187	65	89	39	36	10	7	19	19	14	13	18	12	0	0	0	0	0	1	1	0	0
CP017039.1	3p	+	25	1596	2010	1915	1666	7187	58	69	29	38	3	2	19	19	8	5	7	15	0	0	1	0	0	0	0	2	0
CP017039.1	3p	+	26	1575	2065	2092	1457	7189	63	76	42	41	10	4	21	11	12	5	30	11	0	0	1	0	0	0	0	0	0
CP017039.1	3p	+	27	1470	2107	1996	1615	7188	67	78	33	41	6	8	14	16	7	11	22	18	2	0	0	1	1	0	0	0	0
CP017039.1	3p	+	28	1672	1972	1915	1629	7188	42	66	28	26	10	9	7	18	12	4	14	16	0	0	1	1	0	1	0	0	0
CP017039.1	3p	+	29	1548	2046	2034	1560	7188	62	109	47	34	13	7	17	24	10	5	22	16	0	1	0	2	1	0	0	0	0
CP017039.1	3p	+	30	1524	2122	1872	1670	7188	49	134	29	27	6	11	20	24	6	5	16	22	0	0	0	1	0	1	0	0	0
CP017039.1	3p	+	31	1587	1855	1778	1636	6856	37	99	28	23	5	7	11	11	7	4	18	16	0	0	0	0	1	0	1	0	0
CP017039.1	3p	+	32	1459	1802	1821	1407	6489	57	126	28	27	8	6	14	20	7	4	19	14	0	1	0	0	0	0	0	0	0
CP017039.1	3p	+	33	1281	1820	1596	1422	6119	61	122	29	26	7	8	20	12	5	5	10	24	1	0	2	2	0	0	0	0	0
CP017039.1	3p	+	34	1356	1559	1483	1379	5777	47	79	23	23	11	5	9	10	5	5	4	14	1	1	1	0	0	0	0	0	0
CP017039.1	3p	+	35	1227	1541	1461	1218	5447	47	101	25	28	6	4	11	9	5	7	11	11	0	0	1	0	0	0	0	0	0
CP017039.1	3p	+	36	1132	1520	1324	1215	5191	33	104	26	33	5	8	10	6	2	6	16	9	0	1	1	0	0	0	0	0	0
CP017039.1	3p	+	37	1155	1368	1225	1189	4937	31	86	24	25	3	3	5	6	5	3	10	5	0	0	0	0	0	0	0	1	0
CP017039.1	3p	+	38	1018	1304	1300	1032	4654	34	89	15	29	8	6	7	5	7	3	14	6	1	0	1	0	1	0	0	0	0
CP017039.1	3p	+	39	925	1275	1162	1038	4400	36	103	11	17	2	2	8	8	2	2	11	6	0	0	0	0	0	0	0	0	0
CP017039.1	3p	+	40	995	1123	1009	1025	4152	30	80	13	12	3	5	3	10	7	3	7	13	0	0	0	0	0	0	1	1	0
CP017039.1	3p	+	41	878	1064	1079	908	3929	31	87	23	17	4	5	7	9	3	4	9	7	0	0	0	1	0	1	0	0	0
CP017039.1	3p	+	42	784	1043	977	920	3724	22	87	17	23	2	4	4	9	3	4	3	10	0	0	0	0	0	0	0	0	0
CP017039.1	3p	+	43	814	957	866	834	3471	28	63	11	13	9	4	5	10	2	2	6	9	1	0	0	0	1	0	0	0	0
CP017039.1	3p	+	44	706	945	820	759	3230	20	76	14	10	1	0	5	7	1	2	5	5	0	3	1	1	0	0	0	0	0
CP017039.1	3p	+	45	629	893	788	715	3025	23	85	13	11	2	2	5	3	1	1	7	6	1	1	0	0	0	0	0	0	0
CP017039.1	3p	+	46	646	747	697	718	2808	14	71	4	10	0	2	3	3	1	2	4	6	1	0	0	0	0	0	0	0	0
CP017039.1	3p	+	47	591	721	700	603	2615	24	62	13	14	1	5	5	3	3	7	2	8	1	0	0	0	0	1	0	0	0
CP017039.1	3p	+	48	530	720	612	583	2445	17	60	10	6	0	1	3	3	5	0	7	4	0	0	0	0	1	0	0	0	0
CP017039.1	3p	+	49	515	594	577	588	2274	18	48	10	8	3	1	0	6	2	2	1	2	0	0	0	0	0	0	1	0	0
CP017039.1	3p	+	50	479	588	555	503	2125	10	54	8	11	1	0	2	3	1	1	2	2	1	0	2	0	0	0	0	1	0
CP017039.1	3p	+	51	433	602	502	459	1996	13	36	5	7	2	1	1	5	0	0	2	5	0	0	1	1	0	0	0	0	0
CP017039.1	3p	+	52	444	511	441	502	1898	10	45	5	12	1	1	3	4	1	3	3	7	0	0	0	1	0	0	0	0	0
CP017039.1	3p	+	53	398	500	512	357	1767	14	49	4	11	4	1	2	2	2	1	0	4	0	0	0	0	0	0	0	0	0
CP017039.1	3p	+	54	377	461	427	406	1671	7	35	7	3	2	1	1	4	3	0	1	2	0	1	0	0	0	1	0	0	0
CP017039.1	3p	+	55	377	415	393	381	1566	5	28	7	6	2	0	2	3	1	2	2	3	0	0	0	0	0	0	0	0	0
CP017039.1	3p	+	56	320	421	403	333	1477	6	27	3	4	1	0	1	2	0	0	2	2	0	0	0	0	0	0	0	0	0
CP017039.1	3p	+	57	275	409	370	336	1390	10	30	4	2	0	0	3	0	0	2	3	3	0	0	0	0	0	1	0	0	0
CP017039.1	3p	+	58	324	347	341	314	1326	3	27	5	6	3	0	2	1	1	1	2	3	0	0	0	0	1	0	0	0	0
CP017039.1	3p	+	59	295	338	340	276	1249	16	25	4	3	1	1	1	1	2	2	1	3	0	0	0	0	0	0	1	0	0
CP017039.1	3p	+	60	265	335	300	279	1179	9	20	4	7	4	0	1	3	0	0	0	0	0	0	0	0	0	0	0	0	0
CP017039.1	3p	+	61	281	304	266	271	1122	6	17	3	3	2	0	2	1	1	0	1	1	0	0	0	0	0	0	0	0	0
CP017039.1	3p	+	62	248	293	290	230	1061	5	25	9	4	2	3	1	1	1	2	1	5	0	0	0	0	0	0	0	0	0
CP017039.1	3p	+	63	233	291	251	240	1015	8	17	5	3	1	0	0	0	1	0	2	5	0	0	0	0	0	0	0	0	0
CP017039.1	3p	+	64	209	279	231	243	962	2	20	2	3	0	0	2	1	1	2	2	1	0	0	0	0	1	0	0	0	0
CP017039.1	3p	+	65	201	248	225	216	890	7	25	6	3	0	1	0	1	0	0	0	1	0	0	0	0	0	0	0	0	0
CP017039.1	3p	+	66	187	243	214	195	839	6	23	4	5	0	0	1	3	0	0	0	1	0	0	0	0	0	0	0	0	0
CP017039.1	3p	+	67	192	213	206	186	797	2	16	2	1	0	0	0	3	0	1	0	2	0	0	0	0	0	0	0	0	0
CP017039.1	3p	+	68	162	201	214	173	750	8	14	3	2	1	0	2	2	1	1	1	2	1	0	0	0	0	0	0	0	0
CP017039.1	3p	+	69	160	207	181	158	706	3	15	8	3	0	1	1	1	0	0	1	0	0	0	0	0	0	0	0	0	0
CP017039.1	3p	+	70	164	174	167	151	656	0	10	1	2	0	1	0	1	0	0	0	2	0	0	0	0	0	0	0	0	0
CP017039.1	3p	-	1	2489	1262	2057	1310	7118	690	36	41	31	5	7	16	31	11	18	14	11	0	0	0	0	0	0	0	0	0
CP017039.1	3p	-	2	2043	1690	1931	1454	7118	388	48	26	38	12	12	20	21	9	13	13	24	0	0	0	0	0	0	0	0	0
CP017039.1	3p	-	3	1608	1901	1966	1642	7117	217	50	40	35	7	11	16	11	10	6	13	18	0	0	0	0	0	1	0	0	0
CP017039.1	3p	-	4	1724	1738	1949	1704	7115	142	49	24	30	12	6	9	17	9	5	10	11	0	0	0	0	0	1	1	1	0
CP017039.1	3p	-	5	1673	1879	2043	1523	7118	131	61	42	35	11	8	23	15	10	1	23	11	1	0	0	0	0	0	0	0	0
CP017039.1	3p	-	6	1578	1997	1944	1599	7118	114	40	37	42	15	6	14	20	11	6	20	13	0	0	0	0	0	0	0	0	0
CP017039.1	3p	-	7	1683	1802	1973	1659	7117	99	36	33	28	16	7	12	22	10	2	13	10	1	0	0	0	1	0	0	0	0
CP017039.1	3p	-	8	1552	1863	2140	1563	7118	97	60	32	45	9	5	23	10	8	5	26	13	0	0	0	1	0	0	0	0	0
CP017039.1	3p	-	9	1571	1962	1995	1590	7118	86	46	32	45	11	6	13	14	8	10	24	13	0	0	0	2	0	0	0	0	0
CP017039.1	3p	-	10	1654	1907	1987	1570	7118	73	41	22	32	4	8	8	17	4	3	16	11	0	0	0	1	0	0	0	0	0
CP017039.1	3p	-	11	1532	1905	2183	1498	7118	74	54	41	41	15	5	18	18	10	3	15	16	3	0	0	0	0	0	0	0	0
CP017039.1	3p	-	12	1535	2053	1929	1598	7115	93	48	43	43	5	10	23	32	10	4	10	14	0	0	0	1	0	1	0	2	0
CP017039.1	3p	-	13	1674	1843	2010	1590	7117	80	48	23	35	11	5	17	20	7	8	11	12	0	0	0	0	1	0	0	0	0
CP017039.1	3p	-	14	1572	1907	2176	1463	7118	87	34	39	30	7	5	19	16	16	8	25	20	0	0	2	1	0	0	0	0	0
CP017039.1	3p	-	15	1513	2011	2013	1581	7118	77	55	27	37	17	5	16	19	8	5	16	16	0	1	2	2	0	0	0	0	0
CP017039.1	3p	-	16	1581	1910	2033	1593	7117	92	46	27	35	4	6	11	16	2	9	14	13	0	1	0	0	0	0	0	1	0
CP017039.1	3p	-	17	1548	1978	2114	1476	7116	72	65	43	45	13	5	19	22	11	11	12	18	0	0	0	1	0	2	0	0	0
CP017039.1	3p	-	18	1447	2014	2095	1561	7117	94	38	37	26	11	5	14	15	14	7	17	11	0	0	0	1	0	0	0	1	0
CP017039.1	3p	-	19	1637	1906	2049	1524	7116	68	41	33	36	10	3	17	19	3	8	17	12	0	0	0	0	1	1	0	0	0
CP017039.1	3p	-	20	1519	1921	2246	1431	7117	89	72	46	44	16	5	22	13	6	5	21	14	0	0	0	0	1	0	0	0	0
CP017039.1	3p	-	21	1464	2036	2087	1530	7117	70	50	40	42	6	4	10	16	9	3	16	12	0	0	0	0	0	0	1	0	0
CP017039.1	3p	-	22	1614	1897	2028	1579	7118	57	41	39	35	8	3	11	13	10	6	12	11	0	0	0	0	0	0	0	0	0
CP017039.1	3p	-	23	1522	1988	2142	1463	7115	77	65	42	42	9	4	20	13	7	5	22	13	0	0	1	1	2	1	0	0	0
CP017039.1	3p	-	24	1510	2086	1965	1556	7117	61	80	52	35	7	5	20	19	6	10	21	15	1	1	1	0	0	0	1	0	0
CP017039.1	3p	-	25	1618	1890	1959	1648	7115	53	61	30	25	5	5	15	17	3	3	10	9	1	0	0	1	1	1	0	1	0
CP017039.1	3p	-	26	1526	2001	2135	1456	7118	65	81	33	35	8	7	27	19	13	6	22	12	0	0	1	0	0	0	0	0	0
CP017039.1	3p	-	27	1489	2035	1996	1598	7118	59	88	33	51	11	7	16	15	10	7	11	18	1	0	1	0	0	0	0	0	0
CP017039.1	3p	-	28	1665	1922	1933	1598	7118	60	87	48	27	6	3	13	10	7	7	11	14	0	2	1	1	0	0	0	0	0
CP017039.1	3p	-	29	1572	1982	2032	1531	7117	63	100	41	43	14	3	20	21	9	8	24	16	0	0	1	1	0	0	0	1	0
CP017039.1	3p	-	30	1482	2019	1908	1707	7116	70	117	26	31	11	4	34	21	11	8	13	23	0	0	1	1	0	2	0	0	0
CP017039.1	3p	-	31	1539	1768	1776	1649	6732	43	104	22	32	8	7	9	14	6	10	15	15	1	0	1	0	0	0	0	1	0
CP017039.1	3p	-	32	1408	1717	1804	1435	6364	55	98	35	32	9	11	16	20	11	8	11	18	0	0	0	0	1	0	0	1	0
CP017039.1	3p	-	33	1278	1702	1590	1472	6042	48	120	36	32	9	0	8	9	5	6	19	18	0	2	0	1	0	0	0	0	0
CP017039.1	3p	-	34	1337	1491	1521	1362	5711	38	81	21	25	4	6	6	15	7	4	11	12	0	0	0	1	0	0	0	0	0
CP017039.1	3p	-	35	1188	1492	1516	1211	5407	40	97	27	19	5	5	11	13	5	2	13	13	0	0	0	2	1	0	0	1	0
CP017039.1	3p	-	36	1117	1432	1408	1181	5138	39	92	21	21	4	9	6	11	2	5	14	18	0	0	0	0	0	0	1	0	0
CP017039.1	3p	-	37	1146	1350	1264	1125	4885	32	86	19	24	5	6	5	10	5	1	5	11	1	0	1	0	0	1	0	0	0
CP017039.1	3p	-	38	1035	1294	1313	1016	4658	39	72	28	25	4	4	10	11	3	2	12	11	0	0	0	0	2	0	0	0	0
CP017039.1	3p	-	39	916	1239	1210	1053	4418	32	89	15	24	9	2	6	8	2	4	6	13	0	0	0	0	0	0	0	1	0
CP017039.1	3p	-	40	956	1072	1163	1020	4211	37	81	12	18	6	5	11	3	1	6	8	8	0	0	0	0	1	0	0	0	0
CP017039.1	3p	-	41	908	1137	1081	857	3983	39	86	14	14	3	4	10	11	5	5	10	11	0	0	0	0	0	0	1	0	0
CP017039.1	3p	-	42	831	1081	1007	877	3796	23	105	16	11	4	5	9	5	7	2	8	11	0	0	0	2	0	0	0	0	0
CP017039.1	3p	-	43	868	971	883	818	3540	22	72	17	15	4	4	4	10	4	5	3	6	0	0	0	0	1	0	0	0	0
CP017039.1	3p	-	44	744	913	899	732	3288	21	71	16	18	3	6	4	7	1	0	8	8	0	0	0	0	1	0	0	0	0
CP017039.1	3p	-	45	644	874	793	746	3057	25	69	14	14	4	1	3	5	2	3	5	4	0	0	0	0	0	0	0	0	0
CP017039.1	3p	-	46	674	779	708	700	2861	19	57	7	11	1	3	3	4	4	4	3	3	0	0	0	0	0	0	0	0	0
CP017039.1	3p	-	47	595	739	766	563	2663	16	55	11	6	2	1	4	6	2	2	4	14	0	0	0	0	0	0	0	0	0
CP017039.1	3p	-	48	490	699	650	634	2473	17	56	14	9	0	2	1	2	2	2	5	3	0	0	0	0	0	1	0	0	0
CP017039.1	3p	-	49	529	605	580	604	2318	8	37	9	6	1	3	2	7	1	1	0	2	0	0	0	0	0	1	0	0	0
CP017039.1	3p	-	50	460	588	574	543	2165	10	62	4	8	0	1	1	2	0	2	1	3	0	0	0	0	0	0	0	0	0
CP017039.1	3p	-	51	436	559	529	510	2034	9	44	6	7	3	1	3	2	0	1	3	4	0	0	0	0	0	0	0	0	0
CP017039.1	3p	-	52	474	488	460	483	1905	16	37	5	8	0	2	1	2	1	1	0	2	0	0	0	0	0	0	0	2	0
CP017039.1	3p	-	53	404	500	489	394	1787	9	32	9	13	0	2	1	9	1	1	5	3	0	0	0	0	0	0	0	1	0
CP017039.1	3p	-	54	366	456	436	423	1681	4	34	3	6	0	1	0	2	0	1	0	1	0	0	0	0	0	0	0	0	0
CP017039.1	3p	-	55	358	413	410	411	1592	8	26	8	5	1	2	2	1	1	0	2	3	0	0	0	0	0	0	0	0	0
CP017039.1	3p	-	56	358	388	421	328	1495	13	34	8	9	2	0	3	4	1	2	2	3	0	0	0	0	0	0	0	0	0
CP017039.1	3p	-	57	303	398	362	340	1403	5	25	4	3	1	3	1	0	0	1	2	2	0	0	0	0	0	0	0	0	0
CP017039.1	3p	-	58	294	370	334	309	1307	3	28	2	2	1	1	1	2	0	2	0	2	0	0	0	0	0	0	0	0	0
CP017039.1	3p	-	59	273	345	343	274	1235	6	30	5	3	1	1	1	3	0	0	2	4	0	0	0	0	0	0	0	0	0
CP017039.1	3p	-	60	247	308	330	280	1165	6	30	6	2	1	1	0	2	0	1	1	3	0	0	0	0	0	0	0	0	0
CP017039.1	3p	-	61	256	264	304	258	1082	7	19	4	3	1	0	0	0	0	1	1	1	0	0	0	0	0	0	0	0	0
CP017039.1	3p	-	62	235	289	292	209	1025	10	24	1	2	0	0	2	2	1	0	0	5	0	0	0	0	0	0	0	0	0
CP017039.1	3p	-	63	210	287	261	209	967	3	21	4	3	1	0	1	2	1	0	0	5	0	0	0	0	0	0	0	0	0
CP017039.1	3p	-	64	223	241	241	223	928	4	16	0	3	1	1	1	0	0	2	0	6	0	0	0	0	0	0	0	0	0
CP017039.1	3p	-	65	198	246	214	212	870	3	11	1	1	0	1	1	0	0	2	0	0	0	0	0	0	0	1	0	0	0
CP017039.1	3p	-	66	194	186	232	204	816	5	13	3	5	0	0	1	0	0	0	0	4	0	0	0	0	0	0	0	0	0
CP017039.1	3p	-	67	178	203	200	186	767	7	18	2	5	0	0	2	3	0	0	1	0	0	0	0	0	0	0	0	0	0
CP017039.1	3p	-	68	169	216	184	167	736	3	16	2	0	2	0	0	0	0	0	0	1	0	0	0	0	0	0	0	0	0
CP017039.1	3p	-	69	140	199	180	170	689	0	15	2	4	0	0	1	0	0	0	0	2	0	0	0	0	0	0	0	0	0
CP017039.1	3p	-	70	163	169	152	163	647	2	11	1	4	0	0	0	3	0	0	0	0	0	0	0	0	0	0	0	0	0
CP017039.1	5p	+	1	1384	2129	1229	2447	7189	38	699	36	29	14	22	17	12	7	6	15	41	0	0	0	0	0	0	0	0	1
CP017039.1	5p	+	2	1604	2082	1666	1837	7189	54	363	33	40	8	7	13	17	6	18	25	20	0	0	0	0	0	0	0	0	0
CP017039.1	5p	+	3	1722	1958	1999	1507	7186	63	176	43	37	10	3	20	21	11	7	25	20	1	0	0	1	0	2	1	0	0
CP017039.1	5p	+	4	1815	1899	1748	1724	7186	38	143	30	37	7	10	14	12	9	4	16	17	1	0	0	1	2	1	0	0	0
CP017039.1	5p	+	5	1618	2060	1870	1641	7189	54	144	37	42	13	8	23	16	7	6	26	15	1	5	1	1	0	0	0	0	0
CP017039.1	5p	+	6	1600	1945	2073	1571	7189	63	118	37	38	9	4	23	13	12	6	21	23	1	1	1	1	0	0	0	0	0
CP017039.1	5p	+	7	1719	1942	1846	1682	7189	37	93	21	28	7	9	14	15	7	5	12	20	0	1	0	2	0	0	0	0	0
CP017039.1	5p	+	8	1536	2147	1905	1600	7188	64	103	35	43	7	7	21	23	8	11	21	15	2	1	1	1	0	0	1	0	0
CP017039.1	5p	+	9	1547	2048	2068	1524	7187	54	101	35	32	9	7	14	22	7	11	20	14	1	0	0	1	0	1	1	0	0
CP017039.1	5p	+	10	1623	1942	1931	1690	7186	51	75	23	32	5	3	10	18	5	8	16	15	0	1	0	0	0	0	0	3	0
CP017039.1	5p	+	11	1461	2185	1884	1659	7189	42	84	41	42	10	8	23	18	7	6	18	14	0	0	2	0	0	0	0	0	0
CP017039.1	5p	+	12	1552	2012	2066	1557	7187	55	88	48	44	5	5	18	10	11	2	16	13	0	0	0	1	0	0	2	0	0
CP017039.1	5p	+	13	1601	2013	1948	1625	7187	34	75	26	32	13	6	13	11	6	4	12	9	0	1	0	0	1	0	0	1	0
CP017039.1	5p	+	14	1524	2211	1932	1518	7185	60	89	33	36	11	6	16	23	8	6	20	20	0	0	1	0	2	1	1	0	0
CP017039.1	5p	+	15	1577	2024	2055	1530	7186	67	73	46	40	10	14	15	17	9	3	22	14	0	0	0	0	0	1	1	1	0
CP017039.1	5p	+	16	1549	2047	1962	1630	7188	45	74	35	30	2	6	15	12	6	6	14	15	0	0	0	0	0	0	1	0	0
CP017039.1	5p	+	17	1551	2153	1981	1502	7187	52	78	38	48	13	4	13	15	17	3	24	11	0	0	2	0	1	0	0	1	0
CP017039.1	5p	+	18	1576	2051	2078	1483	7188	66	64	33	32	8	7	20	10	5	6	13	17	1	0	1	0	0	1	0	0	0
CP017039.1	5p	+	19	1614	2098	1858	1618	7188	42	70	20	24	11	5	17	14	8	5	14	7	0	0	0	0	1	0	0	0	0
CP017039.1	5p	+	20	1474	2171	1985	1556	7186	40	76	47	49	9	4	13	17	16	5	23	6	0	0	1	0	2	1	0	0	0
CP017039.1	5p	+	21	1469	2135	2142	1440	7186	53	78	40	33	10	4	13	13	10	5	15	13	0	0	0	0	1	0	1	1	0
CP017039.1	5p	+	22	1600	2023	1969	1597	7189	59	41	31	35	12	12	11	14	9	3	13	17	1	0	1	1	0	0	0	0	0
CP017039.1	5p	+	23	1553	2084	2028	1523	7188	53	75	38	33	10	7	17	21	7	6	27	15	0	0	0	0	1	0	0	0	0
CP017039.1	5p	+	24	1601	1958	2113	1516	7188	59	66	39	41	7	2	16	18	9	6	30	17	0	2	0	1	0	1	0	0	0
CP017039.1	5p	+	25	1653	1983	1963	1590	7189	55	59	27	21	10	2	14	21	9	4	23	15	0	0	1	0	0	0	0	0	0
CP017039.1	5p	+	26	1481	2109	2021	1577	7188	76	51	34	37	5	4	22	19	7	4	18	25	1	0	0	0	1	0	0	0	0
CP017039.1	5p	+	27	1584	2025	2125	1453	7187	90	85	49	36	7	7	14	20	8	8	23	16	0	0	1	0	0	0	2	0	0
CP017039.1	5p	+	28	1641	1964	1944	1640	7189	66	67	28	25	4	2	14	16	9	1	15	11	1	0	0	0	0	0	0	0	0
CP017039.1	5p	+	29	1577	2028	2030	1554	7189	95	45	33	30	7	9	24	16	10	11	22	17	0	0	0	0	0	0	0	0	0
CP017039.1	5p	+	30	1717	1935	2053	1484	7189	134	71	38	27	8	7	21	23	7	10	14	14	0	0	0	0	0	0	0	0	0
CP017039.1	5p	+	31	1644	1865	1877	1472	6858	125	35	23	37	7	5	8	13	5	4	20	10	0	0	1	0	0	0	0	0	0
CP017039.1	5p	+	32	1464	1845	1810	1370	6489	113	64	24	29	6	4	11	18	8	5	18	19	0	0	0	0	0	0	0	0	0
CP017039.1	5p	+	33	1421	1626	1796	1276	6119	127	45	26	28	8	6	12	18	2	8	13	17	0	0	0	1	0	0	0	0	0
CP017039.1	5p	+	34	1424	1589	1498	1265	5776	101	35	24	19	9	10	8	9	5	6	8	8	0	0	1	0	0	1	0	0	0
CP017039.1	5p	+	35	1286	1439	1523	1199	5447	105	41	28	31	3	6	13	15	5	9	15	12	0	0	0	0	0	0	0	0	0
CP017039.1	5p	+	36	1257	1357	1483	1093	5190	108	47	28	29	5	2	14	15	2	8	9	12	0	0	0	0	1	0	0	0	0
CP017039.1	5p	+	37	1178	1345	1285	1130	4938	88	25	17	17	4	2	7	18	5	5	3	6	1	0	0	0	0	0	0	0	0
CP017039.1	5p	+	38	1040	1302	1254	1058	4654	78	34	29	19	8	4	7	16	6	4	9	8	0	0	0	1	0	0	1	0	0
CP017039.1	5p	+	39	1029	1206	1236	929	4400	91	32	23	14	7	5	4	17	3	6	12	9	0	0	0	0	0	0	0	0	0
CP017039.1	5p	+	40	1017	1101	1136	900	4154	83	27	14	14	4	2	10	14	3	2	12	7	0	0	0	0	0	0	0	0	0
CP017039.1	5p	+	41	887	1089	1145	809	3930	77	37	11	17	2	4	5	11	5	5	7	9	0	0	0	0	0	0	0	0	0
CP017039.1	5p	+	42	892	996	1061	775	3724	80	36	14	19	3	3	6	12	1	2	9	9	0	0	1	0	0	0	0	0	0
CP017039.1	5p	+	43	816	853	987	816	3472	80	19	12	17	1	1	6	7	3	1	6	4	0	0	0	0	0	0	0	0	0
CP017039.1	5p	+	44	775	924	811	719	3229	60	16	12	13	5	5	8	15	1	4	4	10	0	0	0	0	0	0	0	1	0
CP017039.1	5p	+	45	676	802	883	663	3024	73	20	10	14	5	4	6	10	2	2	7	7	0	0	0	1	0	1	0	0	0
CP017039.1	5p	+	46	703	735	724	645	2807	50	15	8	6	2	1	2	4	0	2	3	2	0	1	0	0	0	0	0	1	0
CP017039.1	5p	+	47	617	680	707	612	2616	52	12	8	9	3	1	4	10	3	5	6	4	0	0	0	1	0	0	0	0	0
CP017039.1	5p	+	48	609	656	676	505	2446	51	16	5	7	1	3	4	3	2	2	3	5	0	0	0	0	0	0	0	0	0
CP017039.1	5p	+	49	549	603	605	518	2275	50	15	8	7	0	2	5	2	1	1	2	2	0	0	0	0	0	0	0	0	0
CP017039.1	5p	+	50	505	576	589	456	2126	42	14	10	5	3	1	4	3	2	1	0	3	0	0	0	0	0	0	0	0	0
CP017039.1	5p	+	51	460	510	589	437	1996	41	10	5	3	2	1	3	2	4	2	2	3	1	0	0	0	0	0	0	0	0
CP017039.1	5p	+	52	471	492	468	466	1897	39	9	9	8	3	2	0	4	1	0	0	3	0	0	0	0	1	0	0	0	0
CP017039.1	5p	+	53	407	490	458	412	1767	43	17	2	11	1	1	1	2	3	0	1	1	0	0	0	0	0	0	0	0	0
CP017039.1	5p	+	54	401	438	469	364	1672	40	10	5	8	0	2	1	1	1	0	2	3	0	0	0	0	0	0	0	0	0
CP017039.1	5p	+	55	382	422	396	366	1566	19	7	9	0	0	0	0	5	1	2	0	1	0	0	0	0	0	0	0	0	0
CP017039.1	5p	+	56	327	450	396	304	1477	25	9	2	6	1	0	3	1	2	0	1	3	0	0	0	0	0	0	0	0	0
CP017039.1	5p	+	57	336	348	406	301	1391	22	7	1	7	0	0	1	3	0	0	0	1	0	0	0	0	0	0	0	0	0
CP017039.1	5p	+	58	303	374	342	308	1327	28	2	3	4	1	1	0	3	2	2	0	1	0	0	0	0	0	0	0	0	0
CP017039.1	5p	+	59	262	362	338	288	1250	22	6	5	3	2	0	2	1	2	1	1	3	0	0	0	0	0	0	0	0	0
CP017039.1	5p	+	60	268	336	346	229	1179	20	6	2	3	0	0	2	2	1	0	0	0	0	0	0	0	0	0	0	0	0
CP017039.1	5p	+	61	272	282	316	252	1122	20	6	3	3	0	2	2	3	0	0	0	1	0	0	0	0	0	0	0	0	0
CP017039.1	5p	+	62	249	262	301	249	1061	20	6	6	6	0	0	0	1	1	1	1	3	0	0	0	0	0	0	0	0	0
CP017039.1	5p	+	63	249	273	282	211	1015	18	9	5	4	0	0	0	3	0	1	0	0	0	0	0	0	0	0	0	0	0
CP017039.1	5p	+	64	246	248	247	222	963	18	5	1	2	1	1	1	3	0	3	0	0	0	0	0	0	0	0	0	0	0
CP017039.1	5p	+	65	199	245	263	183	890	24	8	4	5	0	0	1	2	0	2	0	1	0	0	0	0	0	0	0	0	0
CP017039.1	5p	+	66	227	212	216	184	839	18	6	3	2	0	0	0	2	1	0	1	2	0	0	0	0	0	0	0	0	0
CP017039.1	5p	+	67	186	214	204	193	797	15	9	1	1	0	0	0	2	0	0	0	3	0	0	0	0	0	0	0	0	0
CP017039.1	5p	+	68	156	211	208	175	750	21	6	2	4	1	0	0	1	0	0	0	1	0	0	0	0	0	0	0	0	0
CP017039.1	5p	+	69	166	189	196	155	706	18	3	1	0	2	0	0	3	0	0	0	0	0	0	0	0	0	0	0	0	0
CP017039.1	5p	+	70	153	166	179	158	656	14	2	2	2	1	0	1	0	0	0	0	2	0	0	0	0	0	0	0	0	0
CP017039.1	5p	-	1	1288	2114	1240	2476	7118	34	657	34	28	4	20	12	10	5	5	18	44	0	0	0	0	0	0	0	0	0
CP017039.1	5p	-	2	1634	1940	1678	1866	7118	54	357	23	46	7	13	24	18	10	14	10	28	0	0	0	1	0	0	0	0	0
CP017039.1	5p	-	3	1744	1878	1959	1537	7118	59	192	48	55	9	12	23	22	9	8	24	14	0	0	0	0	0	0	0	0	0
CP017039.1	5p	-	4	1797	1894	1724	1702	7117	45	152	26	26	11	4	15	14	3	12	12	11	1	0	0	0	0	0	0	1	0
CP017039.1	5p	-	5	1578	2000	1878	1660	7116	61	130	33	29	6	12	35	22	10	8	14	16	0	0	2	0	1	1	0	0	0
CP017039.1	5p	-	6	1564	1912	2020	1619	7115	57	129	35	38	6	5	20	14	6	9	16	16	0	0	2	2	0	0	1	2	0
CP017039.1	5p	-	7	1559	1941	1956	1659	7115	41	88	25	39	5	4	10	14	9	9	9	16	0	0	0	0	0	0	0	3	0
CP017039.1	5p	-	8	1490	2046	1957	1623	7116	39	97	44	54	12	3	12	22	12	7	23	17	0	0	0	0	0	1	0	1	0
CP017039.1	5p	-	9	1552	1976	2089	1498	7115	57	92	31	31	10	8	17	16	5	7	25	15	0	0	0	1	2	0	1	0	0
CP017039.1	5p	-	10	1620	1946	1934	1617	7117	35	87	21	24	8	2	12	19	7	5	16	15	0	0	1	0	1	0	0	0	0
CP017039.1	5p	-	11	1409	2019	2053	1634	7115	59	77	40	48	11	5	13	9	11	7	25	19	0	0	0	0	1	0	1	1	0
CP017039.1	5p	-	12	1516	2023	2094	1485	7118	65	67	42	31	9	6	17	20	8	7	16	17	1	0	0	0	0	0	0	0	0
CP017039.1	5p	-	13	1567	1979	1991	1580	7117	44	63	28	28	4	5	10	16	5	6	15	19	1	0	0	1	1	0	0	0	0
CP017039.1	5p	-	14	1461	2084	2048	1525	7118	60	82	32	35	19	8	13	15	4	5	13	20	0	1	0	0	0	0	0	0	0
CP017039.1	5p	-	15	1502	1955	2168	1491	7116	64	80	41	33	9	7	18	17	7	11	16	21	0	0	0	1	0	1	0	1	0
CP017039.1	5p	-	16	1558	1930	1995	1634	7117	35	58	31	42	12	7	20	15	7	5	9	11	0	1	1	1	1	0	0	0	0
CP017039.1	5p	-	17	1463	2096	2014	1544	7117	47	80	41	44	11	4	14	13	7	12	16	14	0	0	1	0	0	1	0	0	0
CP017039.1	5p	-	18	1593	1930	2105	1486	7114	63	69	44	26	13	7	20	15	6	7	15	19	1	0	0	1	2	2	0	0	0
CP017039.1	5p	-	19	1592	1961	1914	1648	7115	48	84	26	32	11	3	14	14	12	2	20	9	0	0	0	0	0	3	0	0	0
CP017039.1	5p	-	20	1422	2119	2030	1547	7118	59	73	46	47	12	6	13	17	14	3	25	14	0	0	1	0	0	0	0	0	0
CP017039.1	5p	-	21	1567	1908	2170	1472	7117	70	73	47	45	12	5	23	16	6	6	24	12	1	0	0	0	1	0	0	0	0
CP017039.1	5p	-	22	1607	1936	1976	1598	7117	49	49	32	24	6	5	17	17	7	4	11	11	0	1	0	0	0	1	0	0	0
CP017039.1	5p	-	23	1462	2076	2052	1528	7118	75	65	41	36	7	5	21	21	8	7	19	13	0	0	0	1	0	0	0	0	0
CP017039.1	5p	-	24	1558	1932	2134	1494	7118	61	84	33	44	7	4	15	16	7	6	19	16	1	0	0	1	0	0	0	0	0
CP017039.1	5p	-	25	1664	1904	1912	1638	7118	64	51	30	25	8	4	14	17	7	6	14	12	0	1	0	0	0	0	0	0	0
CP017039.1	5p	-	26	1525	2017	2035	1540	7117	73	56	34	36	4	5	25	16	10	6	18	14	0	0	0	0	0	0	0	1	0
CP017039.1	5p	-	27	1558	1881	2215	1464	7118	83	73	35	25	12	4	17	19	8	5	19	29	0	0	1	0	0	0	0	0	0
CP017039.1	5p	-	28	1706	1868	1967	1577	7118	78	50	25	22	7	6	17	17	5	3	12	7	0	0	0	1	0	0	0	0	0
CP017039.1	5p	-	29	1577	2015	1977	1548	7117	103	60	35	48	12	9	17	17	8	8	22	21	0	1	0	1	1	0	0	0	0
CP017039.1	5p	-	30	1635	1892	2139	1452	7118	125	50	39	34	8	8	16	27	9	11	20	14	0	0	0	0	0	0	0	0	0
CP017039.1	5p	-	31	1663	1764	1834	1470	6731	122	37	34	29	9	8	11	21	9	7	8	16	0	0	0	0	0	2	0	0	0
CP017039.1	5p	-	32	1416	1765	1821	1363	6365	117	47	26	36	11	3	12	22	7	5	8	12	1	0	0	0	0	0	0	1	0
CP017039.1	5p	-	33	1400	1587	1770	1282	6039	129	48	30	34	8	8	16	14	7	6	15	13	1	0	0	0	1	0	1	1	0
CP017039.1	5p	-	34	1370	1436	1584	1321	5711	95	30	27	27	5	4	5	9	3	5	7	11	1	0	0	0	0	0	0	0	0
CP017039.1	5p	-	35	1243	1461	1581	1123	5408	93	38	25	26	3	0	13	16	3	4	12	12	0	1	0	0	1	0	0	0	0
CP017039.1	5p	-	36	1205	1354	1515	1065	5139	100	40	17	27	4	8	8	12	7	3	9	11	0	0	0	0	0	0	0	0	0
CP017039.1	5p	-	37	1220	1199	1352	1115	4886	81	32	19	16	8	5	4	11	4	7	7	7	0	0	0	0	0	0	0	0	0
CP017039.1	5p	-	38	1074	1196	1311	1079	4660	103	29	26	27	7	4	10	14	9	2	11	7	0	0	0	1	0	0	0	0	0
CP017039.1	5p	-	39	1048	1114	1328	929	4419	108	38	16	16	5	5	6	9	7	6	8	12	0	0	0	0	0	0	0	0	0
CP017039.1	5p	-	40	1043	1056	1131	982	4212	89	30	15	20	7	3	4	8	3	2	6	6	0	0	0	0	0	0	0	0	0
CP017039.1	5p	-	41	929	1045	1079	931	3984	80	31	17	20	7	3	3	14	3	6	5	9	1	0	0	0	0	0	0	0	0
CP017039.1	5p	-	42	914	982	1095	805	3796	86	23	20	17	3	4	9	4	3	5	8	8	0	0	0	0	0	0	0	0	0
CP017039.1	5p	-	43	862	900	973	806	3541	78	19	14	11	5	1	4	10	6	3	4	5	0	1	0	1	0	0	0	0	0
CP017039.1	5p	-	44	760	867	963	698	3288	81	27	12	15	6	3	4	6	4	3	6	4	0	0	0	2	0	1	0	0	0
CP017039.1	5p	-	45	703	765	897	692	3057	79	26	12	15	5	2	4	9	2	1	3	2	0	0	0	0	0	0	0	0	0
CP017039.1	5p	-	46	678	750	776	657	2861	76	11	13	14	0	3	0	5	2	1	2	5	0	0	0	1	0	0	0	0	0
CP017039.1	5p	-	47	616	702	762	583	2663	67	18	14	8	2	4	0	7	2	1	7	4	0	0	1	0	0	0	0	0	0
CP017039.1	5p	-	48	615	623	687	548	2473	60	11	7	11	1	2	5	0	1	2	6	5	0	0	0	0	0	0	0	1	0
CP017039.1	5p	-	49	582	589	607	541	2319	47	10	5	10	2	0	1	3	2	0	2	3	0	0	1	1	0	0	0	0	0
CP017039.1	5p	-	50	482	584	610	489	2165	33	12	4	11	0	3	2	5	2	2	2	2	0	0	0	0	0	0	0	0	0
CP017039.1	5p	-	51	534	455	579	466	2034	47	3	11	4	1	0	2	3	2	0	1	2	0	0	0	0	0	0	0	0	0
CP017039.1	5p	-	52	499	486	474	448	1907	35	12	6	5	4	1	2	2	1	2	1	1	0	0	0	0	0	0	0	0	0
CP017039.1	5p	-	53	432	466	478	412	1788	33	14	9	12	3	2	2	1	1	2	3	0	0	0	1	0	0	0	0	0	0
CP017039.1	5p	-	54	401	419	478	383	1681	38	14	4	4	0	0	3	1	1	1	1	2	0	0	0	0	0	0	0	0	0
CP017039.1	5p	-	55	399	382	443	367	1591	35	9	4	4	0	0	3	3	4	0	2	3	0	0	0	0	0	1	0	0	0
CP017039.1	5p	-	56	370	401	391	333	1495	38	7	7	8	1	0	4	4	0	1	1	2	0	0	0	0	0	0	0	0	0
CP017039.1	5p	-	57	334	344	406	319	1403	36	9	7	4	1	0	0	0	2	0	0	3	0	0	0	0	0	0	0	0	0
CP017039.1	5p	-	58	309	328	350	320	1307	26	5	2	4	1	0	1	2	3	1	1	1	0	0	0	0	0	0	0	0	0
CP017039.1	5p	-	59	292	326	351	266	1235	29	6	6	7	4	0	3	0	0	1	1	1	0	0	0	1	0	0	0	0	0
CP017039.1	5p	-	60	271	269	341	284	1165	32	5	4	6	1	1	1	1	1	0	2	1	0	0	0	1	0	0	0	0	0
CP017039.1	5p	-	61	273	291	284	233	1081	24	12	4	5	0	0	1	8	1	1	1	0	1	0	0	0	0	0	0	1	0
CP017039.1	5p	-	62	242	262	299	222	1025	18	6	4	4	2	2	2	2	0	0	3	2	0	0	0	1	0	0	0	0	0
CP017039.1	5p	-	63	213	275	263	215	966	23	10	2	1	0	0	2	0	1	0	0	2	0	0	0	0	1	0	0	0	0
CP017039.1	5p	-	64	223	238	273	194	928	20	5	7	3	0	1	2	0	0	0	1	0	0	0	0	0	0	0	0	0	0
CP017039.1	5p	-	65	231	203	252	185	871	19	5	3	2	3	0	1	2	0	2	1	2	0	0	0	0	0	0	0	0	0
CP017039.1	5p	-	66	210	209	219	178	816	15	2	2	3	0	0	0	2	1	0	2	0	0	0	0	0	0	0	0	0	0
CP017039.1	5p	-	67	194	199	203	171	767	21	8	5	1	0	0	0	2	0	0	0	1	0	0	1	0	0	0	0	0	0
CP017039.1	5p	-	68	187	202	199	148	736	15	5	7	3	1	0	0	1	1	0	0	0	0	0	0	0	0	0	0	0	0
CP017039.1	5p	-	69	149	179	209	152	689	18	6	3	5	1	0	1	1	0	0	0	0	0	0	0	0	0	0	0	0	0
CP017039.1	5p	-	70	160	163	195	129	647	14	2	2	6	0	0	0	1	0	1	0	0	0	0	0	0	0	0	0	0	0
