# table produced by mapDamage version 2.2.3
# using mapped file /mnt/archgen/microbiome_calculus/library_ds_vs_ss/04-analysis/normalize_kraken/mapping/neisseria_elongata/mapDamage2_ssLibs/input/FUM003.A0102.SG1.4_5M.mapped_n_elongata_q25l30_rmdup.bam and /mnt/archgen/microbiome_calculus/library_ds_vs_ss/04-analysis/normalize_kraken/mapping/neisseria_elongata/input/GCF_900453895.1_42925_E01_genomic.fna as reference file
# Chr: reference from sam/bam header, End: from which termini of DNA sequences, Std: strand of reads
Chr	End	Std	Pos	A	C	G	T	Total	G>A	C>T	A>G	T>C	A>C	A>T	C>G	C>A	T>G	T>A	G>C	G>T	A>-	T>-	C>-	G>-	->A	->T	->C	->G	S
NZ_UGQW01000001.1	3p	+	1	32	81	51	42	206	1	11	0	1	1	0	4	2	0	0	3	1	0	0	0	0	0	0	0	0	0
NZ_UGQW01000001.1	3p	+	2	35	76	52	43	206	2	2	3	4	0	0	1	1	0	0	2	1	0	0	0	0	0	0	0	0	0
NZ_UGQW01000001.1	3p	+	3	42	65	55	44	206	1	2	3	2	0	0	1	2	1	0	0	0	0	0	0	0	0	0	0	0	0
NZ_UGQW01000001.1	3p	+	4	44	68	53	41	206	1	2	5	6	1	0	4	0	0	0	0	0	0	0	0	0	0	0	0	0	0
NZ_UGQW01000001.1	3p	+	5	38	52	57	59	206	1	1	6	6	1	0	1	0	0	0	0	0	0	0	0	0	0	0	0	0	0
NZ_UGQW01000001.1	3p	+	6	43	64	52	47	206	0	3	4	4	0	0	1	0	0	1	2	2	0	0	0	0	0	0	0	0	0
NZ_UGQW01000001.1	3p	+	7	42	67	55	42	206	1	1	1	2	1	1	2	0	0	0	0	2	0	0	0	0	0	0	0	0	0
NZ_UGQW01000001.1	3p	+	8	35	64	56	51	206	1	0	3	1	0	0	1	1	0	0	1	0	0	0	0	0	0	0	0	0	0
NZ_UGQW01000001.1	3p	+	9	36	58	52	60	206	1	1	0	3	0	0	0	0	0	1	0	0	0	0	0	0	0	0	0	0	0
NZ_UGQW01000001.1	3p	+	10	44	57	66	39	206	2	1	1	2	2	0	0	0	0	0	0	1	0	0	0	0	0	0	0	0	0
NZ_UGQW01000001.1	3p	+	11	44	61	60	41	206	1	1	0	3	1	0	0	0	0	0	1	0	0	0	0	0	0	0	0	0	0
NZ_UGQW01000001.1	3p	+	12	46	54	64	42	206	2	1	3	2	3	1	0	0	2	0	0	2	0	0	0	0	0	0	0	0	0
NZ_UGQW01000001.1	3p	+	13	33	69	66	38	206	0	2	3	3	0	0	4	0	0	0	0	0	0	0	0	0	0	0	0	0	0
NZ_UGQW01000001.1	3p	+	14	38	64	61	43	206	1	2	5	5	1	0	0	0	0	0	2	0	0	0	0	0	0	0	0	0	0
NZ_UGQW01000001.1	3p	+	15	44	63	58	41	206	2	1	4	2	2	1	1	0	0	0	0	2	0	0	0	0	0	0	0	0	0
NZ_UGQW01000001.1	3p	+	16	43	63	58	42	206	3	2	1	2	0	0	3	0	1	0	1	1	0	0	0	0	0	0	0	0	0
NZ_UGQW01000001.1	3p	+	17	39	55	65	47	206	1	4	6	6	0	0	0	1	0	0	3	0	0	0	0	0	0	0	0	0	0
NZ_UGQW01000001.1	3p	+	18	41	58	65	42	206	0	5	3	2	0	0	2	0	0	0	1	0	0	0	0	0	0	0	0	0	0
NZ_UGQW01000001.1	3p	+	19	44	68	58	36	206	1	1	1	0	1	0	2	0	1	0	3	0	1	0	0	0	0	0	0	0	0
NZ_UGQW01000001.1	3p	+	20	38	63	63	42	206	1	4	3	3	1	0	0	0	0	0	1	1	0	0	1	0	0	0	0	0	0
NZ_UGQW01000001.1	3p	+	21	37	61	64	44	206	2	1	2	2	0	0	1	0	1	0	0	1	1	0	0	0	0	0	0	0	0
NZ_UGQW01000001.1	3p	+	22	47	63	63	32	205	1	4	4	1	1	1	0	0	1	0	2	0	0	0	0	0	0	1	0	0	0
NZ_UGQW01000001.1	3p	+	23	36	60	59	50	205	2	2	2	1	0	0	1	0	0	0	3	0	0	0	0	0	1	0	0	0	0
NZ_UGQW01000001.1	3p	+	24	43	59	63	39	204	0	0	1	2	1	1	1	0	0	0	0	1	0	0	0	0	1	0	0	1	0
NZ_UGQW01000001.1	3p	+	25	43	56	65	42	206	1	1	2	0	0	0	0	0	2	0	0	0	0	0	0	0	0	0	0	0	0
NZ_UGQW01000001.1	3p	+	26	43	63	62	38	206	0	4	2	3	2	0	0	1	0	0	0	0	0	0	0	0	0	0	0	0	0
NZ_UGQW01000001.1	3p	+	27	43	67	61	35	206	1	3	3	2	0	0	2	0	0	0	2	0	0	0	0	0	0	0	0	0	0
NZ_UGQW01000001.1	3p	+	28	36	60	70	40	206	3	7	1	1	0	0	0	0	1	1	1	0	0	0	0	0	0	0	0	0	0
NZ_UGQW01000001.1	3p	+	29	47	60	56	43	206	1	0	1	2	3	2	0	1	0	0	3	0	0	0	0	0	0	0	0	0	0
NZ_UGQW01000001.1	3p	+	30	52	60	44	50	206	0	2	4	4	2	0	1	1	1	1	1	0	0	1	0	0	0	0	0	0	0
NZ_UGQW01000001.1	3p	+	31	35	52	46	49	182	2	8	2	4	0	0	0	2	1	0	1	0	0	0	0	0	0	0	0	0	0
NZ_UGQW01000001.1	3p	+	32	28	43	49	42	162	0	4	4	3	0	0	0	0	2	1	1	0	0	0	0	0	0	0	0	0	0
NZ_UGQW01000001.1	3p	+	33	22	44	31	34	131	1	5	0	4	0	2	3	0	0	0	1	0	0	0	0	0	0	0	0	0	0
NZ_UGQW01000001.1	3p	+	34	16	38	25	33	112	0	1	3	2	0	0	0	0	0	0	0	0	0	0	0	0	0	0	0	0	0
NZ_UGQW01000001.1	3p	+	35	16	30	24	27	97	0	0	0	3	0	0	1	1	0	0	0	0	0	0	0	0	0	0	1	0	0
NZ_UGQW01000001.1	3p	+	36	18	26	20	21	85	1	2	0	2	0	0	2	0	1	0	1	0	0	0	0	0	0	0	0	0	0
NZ_UGQW01000001.1	3p	+	37	18	22	17	17	74	1	1	0	0	0	0	0	0	1	0	0	0	0	0	0	0	0	0	0	0	0
NZ_UGQW01000001.1	3p	+	38	12	24	14	14	64	0	2	0	1	0	0	0	0	0	0	0	0	0	0	0	0	0	0	0	0	0
NZ_UGQW01000001.1	3p	+	39	11	16	12	17	56	0	2	0	1	0	0	0	0	0	0	1	0	0	0	0	0	0	0	0	0	0
NZ_UGQW01000001.1	3p	+	40	10	11	18	12	51	0	1	0	1	0	0	0	0	0	0	0	0	0	0	0	0	0	0	0	0	0
NZ_UGQW01000001.1	3p	+	41	13	16	8	8	45	1	1	0	0	0	0	0	0	1	0	0	0	0	0	0	0	0	0	0	0	0
NZ_UGQW01000001.1	3p	+	42	14	10	13	7	44	0	1	1	0	0	1	0	0	0	0	0	0	0	0	0	0	0	0	0	0	0
NZ_UGQW01000001.1	3p	+	43	6	10	16	5	37	1	0	0	0	0	0	0	0	0	0	0	0	0	0	0	0	0	0	0	0	0
NZ_UGQW01000001.1	3p	+	44	3	10	8	11	32	0	0	0	0	0	0	0	0	0	0	1	0	0	0	0	0	0	0	0	0	0
NZ_UGQW01000001.1	3p	+	45	5	9	8	5	27	0	1	0	0	0	0	0	0	0	0	2	0	0	0	0	0	0	0	0	0	0
NZ_UGQW01000001.1	3p	+	46	3	5	7	10	25	0	0	0	0	0	0	1	0	0	0	0	0	0	0	0	0	0	0	0	0	0
NZ_UGQW01000001.1	3p	+	47	6	8	5	4	23	0	1	0	0	0	0	0	0	0	0	0	0	0	0	0	0	0	0	0	0	0
NZ_UGQW01000001.1	3p	+	48	5	6	3	6	20	0	1	1	0	0	0	0	0	0	0	0	0	0	0	0	0	0	0	0	0	0
NZ_UGQW01000001.1	3p	+	49	6	3	7	0	16	0	0	0	0	0	0	0	0	0	0	0	0	0	0	0	0	0	0	0	0	0
NZ_UGQW01000001.1	3p	+	50	1	5	5	3	14	0	0	0	1	0	0	0	0	0	0	0	0	0	0	0	0	0	0	0	0	0
NZ_UGQW01000001.1	3p	+	51	2	5	3	2	12	0	0	0	0	0	0	0	0	0	0	0	0	0	0	0	0	0	0	0	0	0
NZ_UGQW01000001.1	3p	+	52	3	4	2	3	12	0	1	0	0	0	0	0	0	0	0	0	0	0	0	0	0	0	0	0	0	0
NZ_UGQW01000001.1	3p	+	53	2	5	1	2	10	0	1	0	0	0	0	0	0	0	0	0	0	0	0	0	0	0	0	0	0	0
NZ_UGQW01000001.1	3p	+	54	4	3	2	1	10	0	0	0	0	0	0	0	0	0	0	0	0	0	0	0	0	0	0	0	0	0
NZ_UGQW01000001.1	3p	+	55	1	2	4	2	9	0	0	0	0	0	0	0	0	0	0	0	0	0	0	0	0	0	0	0	0	0
NZ_UGQW01000001.1	3p	+	56	2	5	0	2	9	0	0	1	0	0	0	0	0	0	0	0	0	0	0	0	0	0	0	0	0	0
NZ_UGQW01000001.1	3p	+	57	2	3	0	3	8	0	0	0	0	0	0	0	0	0	0	0	0	0	0	0	0	0	0	0	0	0
NZ_UGQW01000001.1	3p	+	58	2	0	4	1	7	0	0	1	0	0	0	0	0	0	0	1	0	0	0	0	0	0	0	0	0	0
NZ_UGQW01000001.1	3p	+	59	0	4	1	1	6	0	0	0	0	0	0	0	0	0	0	0	0	0	0	0	0	0	0	0	0	0
NZ_UGQW01000001.1	3p	+	60	1	3	2	0	6	0	1	0	0	0	0	0	0	0	0	0	0	0	0	0	0	0	0	0	0	0
NZ_UGQW01000001.1	3p	+	61	0	2	1	1	4	0	0	0	0	0	0	0	0	0	0	0	0	0	0	0	0	0	0	0	0	0
NZ_UGQW01000001.1	3p	+	62	1	2	0	1	4	0	0	0	0	0	0	0	0	0	0	0	0	0	0	0	0	0	0	0	0	0
NZ_UGQW01000001.1	3p	+	63	0	1	2	1	4	0	0	0	0	0	0	0	0	0	0	0	0	0	0	0	0	0	0	0	0	0
NZ_UGQW01000001.1	3p	+	64	0	3	0	0	3	0	0	0	0	0	0	0	0	0	0	0	0	0	0	0	0	0	0	0	0	0
NZ_UGQW01000001.1	3p	+	65	0	2	1	0	3	0	0	0	0	0	0	0	0	0	0	0	0	0	0	0	0	0	0	0	0	0
NZ_UGQW01000001.1	3p	+	66	1	0	1	1	3	0	0	0	0	0	0	0	0	0	0	0	0	0	0	0	0	0	0	0	0	0
NZ_UGQW01000001.1	3p	+	67	2	1	0	0	3	0	0	0	0	0	0	0	0	0	0	0	0	0	0	0	0	0	0	0	0	0
NZ_UGQW01000001.1	3p	+	68	1	2	0	0	3	0	0	0	0	0	0	0	0	0	0	0	0	0	0	0	0	0	0	0	0	0
NZ_UGQW01000001.1	3p	+	69	1	1	1	0	3	0	0	0	0	0	0	1	0	0	0	0	0	0	0	0	0	0	0	0	0	0
NZ_UGQW01000001.1	3p	+	70	1	0	1	1	3	0	0	0	0	0	0	0	0	0	0	0	0	0	0	0	0	0	0	0	0	0
NZ_UGQW01000001.1	3p	-	1	29	74	37	37	177	0	10	1	2	0	0	0	2	0	0	2	2	0	0	0	0	0	0	0	0	0
NZ_UGQW01000001.1	3p	-	2	43	48	51	35	177	0	3	3	1	0	1	1	0	0	0	0	0	0	0	0	0	0	0	0	0	0
NZ_UGQW01000001.1	3p	-	3	35	46	50	45	176	4	3	1	0	0	0	2	1	1	1	0	0	0	0	0	0	0	0	0	1	0
NZ_UGQW01000001.1	3p	-	4	36	55	49	37	177	1	2	3	3	0	0	0	0	0	0	0	0	0	0	0	0	0	0	0	0	0
NZ_UGQW01000001.1	3p	-	5	37	52	47	41	177	1	1	1	1	0	0	0	0	0	1	3	0	0	0	0	0	0	0	0	0	0
NZ_UGQW01000001.1	3p	-	6	35	47	58	35	175	1	2	2	2	1	0	1	1	1	0	1	1	0	0	0	0	1	0	0	1	0
NZ_UGQW01000001.1	3p	-	7	34	67	48	28	177	5	1	1	1	3	0	1	0	1	1	0	0	0	0	0	0	0	0	0	0	0
NZ_UGQW01000001.1	3p	-	8	27	55	62	33	177	0	0	3	0	0	0	2	0	0	1	1	0	0	0	0	0	0	0	0	0	0
NZ_UGQW01000001.1	3p	-	9	29	50	57	41	177	0	1	1	4	0	1	0	0	1	0	0	1	0	0	0	1	0	0	0	0	0
NZ_UGQW01000001.1	3p	-	10	38	62	49	28	177	1	3	2	0	0	2	0	1	0	1	2	0	0	0	0	0	0	0	0	0	0
NZ_UGQW01000001.1	3p	-	11	43	56	47	31	177	1	3	3	2	1	1	2	0	2	0	0	1	0	0	0	0	0	0	0	0	0
NZ_UGQW01000001.1	3p	-	12	36	51	54	36	177	3	2	4	1	0	0	3	0	2	0	0	0	0	0	0	0	0	0	0	0	0
NZ_UGQW01000001.1	3p	-	13	36	44	47	49	176	0	4	2	3	0	0	0	0	2	0	1	1	0	0	0	0	0	0	0	1	0
NZ_UGQW01000001.1	3p	-	14	45	47	49	36	177	0	1	2	2	1	0	0	0	0	0	0	0	0	0	0	0	0	0	0	0	0
NZ_UGQW01000001.1	3p	-	15	35	56	46	40	177	2	3	2	3	0	0	2	0	1	0	0	0	0	0	0	0	0	0	0	0	0
NZ_UGQW01000001.1	3p	-	16	28	56	54	39	177	3	5	1	1	0	0	1	0	0	0	1	0	0	0	0	0	0	0	0	0	0
NZ_UGQW01000001.1	3p	-	17	38	44	51	44	177	0	1	1	0	0	1	1	0	0	0	2	0	0	0	0	0	0	0	0	0	0
NZ_UGQW01000001.1	3p	-	18	36	46	60	35	177	1	2	2	0	0	0	1	0	1	0	1	0	0	0	0	0	0	0	0	0	0
NZ_UGQW01000001.1	3p	-	19	42	59	46	30	177	1	1	2	0	0	0	2	0	0	1	0	0	0	0	0	0	0	0	0	0	0
NZ_UGQW01000001.1	3p	-	20	44	56	40	37	177	0	3	7	3	0	0	1	0	0	0	1	1	0	0	0	0	0	0	0	0	0
NZ_UGQW01000001.1	3p	-	21	46	47	53	31	177	1	2	0	2	0	2	0	1	0	0	1	0	0	0	0	0	0	0	0	0	0
NZ_UGQW01000001.1	3p	-	22	36	54	53	34	177	0	1	0	2	1	0	0	0	0	0	0	0	0	0	0	1	0	0	0	0	0
NZ_UGQW01000001.1	3p	-	23	29	55	57	36	177	1	1	1	2	0	0	2	0	0	0	0	2	0	0	0	0	0	0	0	0	0
NZ_UGQW01000001.1	3p	-	24	39	47	60	30	176	0	1	5	4	0	0	1	0	0	0	0	0	0	0	0	0	1	0	0	0	0
NZ_UGQW01000001.1	3p	-	25	32	55	57	32	176	1	4	2	1	1	0	0	0	1	0	1	0	0	0	0	0	1	0	0	0	0
NZ_UGQW01000001.1	3p	-	26	34	50	42	51	177	1	3	3	3	0	0	1	1	1	0	1	0	0	0	0	1	0	0	0	0	0
NZ_UGQW01000001.1	3p	-	27	39	45	47	45	176	2	1	5	8	0	0	1	1	1	0	0	0	0	0	0	0	0	0	0	1	0
NZ_UGQW01000001.1	3p	-	28	38	46	55	38	177	0	0	1	2	1	0	1	0	0	0	4	0	0	0	0	0	0	0	0	0	0
NZ_UGQW01000001.1	3p	-	29	40	49	40	48	177	0	2	4	5	0	1	0	0	0	1	1	0	0	0	0	0	0	0	0	0	0
NZ_UGQW01000001.1	3p	-	30	38	41	53	44	176	0	3	2	4	0	0	2	0	0	0	2	0	0	0	0	0	0	1	0	0	0
NZ_UGQW01000001.1	3p	-	31	27	51	41	43	162	0	2	1	2	0	0	0	1	0	0	0	0	0	0	0	0	0	0	0	0	0
NZ_UGQW01000001.1	3p	-	32	29	41	45	23	138	0	2	3	0	0	0	0	1	0	0	2	1	0	0	0	0	0	0	0	0	0
NZ_UGQW01000001.1	3p	-	33	27	36	32	23	118	0	2	1	0	2	0	0	0	0	1	1	0	0	0	0	0	0	0	0	0	0
NZ_UGQW01000001.1	3p	-	34	21	36	26	18	101	2	2	2	0	0	0	1	0	0	0	0	1	0	0	0	0	0	0	0	0	0
NZ_UGQW01000001.1	3p	-	35	19	27	28	17	91	0	0	3	0	1	0	0	0	0	0	0	0	0	0	0	0	0	0	0	0	0
NZ_UGQW01000001.1	3p	-	36	22	21	22	18	83	1	3	1	0	0	0	0	0	0	0	0	0	0	0	0	0	0	0	0	0	0
NZ_UGQW01000001.1	3p	-	37	15	22	17	22	76	0	1	0	1	1	0	0	0	0	0	0	1	0	0	0	0	0	0	0	0	0
NZ_UGQW01000001.1	3p	-	38	15	16	19	13	63	1	1	0	0	0	0	0	0	0	0	0	0	0	0	0	0	0	0	0	0	0
NZ_UGQW01000001.1	3p	-	39	10	18	21	10	59	0	0	0	0	0	0	0	0	0	0	0	0	0	0	0	0	0	0	0	0	0
NZ_UGQW01000001.1	3p	-	40	8	20	18	9	55	0	1	2	0	0	0	0	0	0	0	0	0	0	0	0	0	0	0	0	0	0
NZ_UGQW01000001.1	3p	-	41	2	11	17	16	46	0	2	1	0	0	0	0	2	0	0	1	0	0	0	0	0	0	0	0	0	0
NZ_UGQW01000001.1	3p	-	42	5	11	14	9	39	0	1	0	1	0	0	0	0	0	0	0	0	0	0	0	0	0	0	0	0	0
NZ_UGQW01000001.1	3p	-	43	5	8	12	10	35	0	0	0	3	0	0	0	0	0	0	0	0	0	0	0	0	0	0	0	0	0
NZ_UGQW01000001.1	3p	-	44	8	6	7	10	31	1	1	0	1	1	0	0	0	0	1	0	0	0	0	0	0	0	0	0	0	0
NZ_UGQW01000001.1	3p	-	45	6	4	7	11	28	0	1	0	0	0	0	0	0	0	0	0	0	0	0	0	0	0	0	0	0	0
NZ_UGQW01000001.1	3p	-	46	8	6	7	2	23	0	1	0	0	0	0	0	0	0	0	0	1	0	0	0	0	0	0	0	0	0
NZ_UGQW01000001.1	3p	-	47	3	8	6	4	21	0	0	1	0	0	0	1	0	0	0	0	0	0	0	0	0	0	0	0	0	0
NZ_UGQW01000001.1	3p	-	48	5	5	6	2	18	0	1	1	0	0	0	0	0	0	0	0	0	0	0	0	0	0	0	0	0	0
NZ_UGQW01000001.1	3p	-	49	4	5	5	2	16	0	2	0	0	0	0	0	0	0	0	0	0	0	0	0	0	0	0	0	0	0
NZ_UGQW01000001.1	3p	-	50	1	3	2	6	12	0	0	0	0	0	0	0	0	0	0	0	0	0	0	0	0	0	0	0	0	0
NZ_UGQW01000001.1	3p	-	51	3	4	3	1	11	0	0	0	1	0	0	0	0	0	0	0	0	0	0	0	0	0	0	0	0	0
NZ_UGQW01000001.1	3p	-	52	1	5	4	0	10	0	0	0	0	0	0	0	0	0	0	0	0	0	0	0	0	0	0	0	0	0
NZ_UGQW01000001.1	3p	-	53	1	5	1	2	9	0	0	0	0	0	0	0	0	0	0	0	0	0	0	0	0	0	0	0	0	0
NZ_UGQW01000001.1	3p	-	54	1	2	3	3	9	0	0	0	0	0	0	0	0	0	0	0	0	0	0	0	0	0	0	0	0	0
NZ_UGQW01000001.1	3p	-	55	2	3	2	0	7	0	0	0	0	0	0	0	0	0	0	0	0	0	0	0	0	0	0	0	0	0
NZ_UGQW01000001.1	3p	-	56	2	3	0	2	7	0	0	0	0	0	1	0	0	0	0	0	0	0	0	0	0	0	0	0	0	0
NZ_UGQW01000001.1	3p	-	57	2	0	1	3	6	0	0	1	0	0	0	0	0	0	0	0	0	0	0	0	0	0	0	0	0	0
NZ_UGQW01000001.1	3p	-	58	1	1	0	2	4	0	0	0	0	0	0	0	0	0	0	0	0	0	0	0	0	0	0	0	0	0
NZ_UGQW01000001.1	3p	-	59	0	2	1	1	4	0	0	0	0	0	0	0	0	0	0	0	0	0	0	0	0	0	0	0	0	0
NZ_UGQW01000001.1	3p	-	60	0	1	2	1	4	0	0	0	0	0	0	0	0	0	0	0	0	0	0	0	0	0	0	0	0	0
NZ_UGQW01000001.1	3p	-	61	0	0	3	0	3	0	0	0	0	0	0	0	0	0	0	0	0	0	0	0	0	0	0	0	0	0
NZ_UGQW01000001.1	3p	-	62	0	2	0	1	3	0	0	0	0	0	0	0	0	0	0	0	0	0	0	0	0	0	0	0	0	0
NZ_UGQW01000001.1	3p	-	63	0	1	1	1	3	0	0	0	0	0	0	0	0	0	0	0	0	0	0	0	0	0	0	0	0	0
NZ_UGQW01000001.1	3p	-	64	1	0	2	0	3	0	0	0	0	0	0	0	0	0	0	0	0	0	0	0	0	0	0	0	0	0
NZ_UGQW01000001.1	3p	-	65	2	1	0	0	3	0	0	0	0	0	1	0	0	0	0	0	0	0	0	0	0	0	0	0	0	0
NZ_UGQW01000001.1	3p	-	66	0	1	1	1	3	0	0	0	0	0	0	0	0	0	0	0	0	0	0	0	0	0	0	0	0	0
NZ_UGQW01000001.1	3p	-	67	0	0	2	1	3	0	0	0	0	0	0	0	0	0	0	0	0	0	0	0	0	0	0	0	0	0
NZ_UGQW01000001.1	3p	-	68	0	1	1	1	3	0	0	0	0	0	0	0	0	0	0	0	1	0	0	0	0	0	0	0	0	0
NZ_UGQW01000001.1	3p	-	69	0	0	2	1	3	0	0	0	1	0	0	0	0	0	0	0	0	0	0	0	0	0	0	0	0	0
NZ_UGQW01000001.1	3p	-	70	0	1	1	1	3	0	0	0	0	0	0	0	0	0	0	0	0	0	0	0	0	0	0	0	0	0
NZ_UGQW01000001.1	5p	+	1	33	55	32	86	206	0	17	2	5	0	1	0	0	0	1	2	0	0	0	0	0	0	0	0	0	0
NZ_UGQW01000001.1	5p	+	2	45	61	55	45	206	1	2	1	2	0	2	2	1	1	0	3	0	0	0	0	0	0	0	0	0	0
NZ_UGQW01000001.1	5p	+	3	43	53	67	43	206	4	4	4	3	1	1	0	0	0	1	2	0	0	0	0	0	0	0	0	0	0
NZ_UGQW01000001.1	5p	+	4	41	71	48	45	205	0	2	4	1	2	0	2	2	1	0	1	0	0	0	0	0	0	0	1	0	0
NZ_UGQW01000001.1	5p	+	5	30	69	62	45	206	0	2	1	0	2	0	1	1	1	0	4	0	0	0	0	0	0	0	0	0	0
NZ_UGQW01000001.1	5p	+	6	34	61	76	35	206	1	4	2	1	0	0	1	0	3	0	1	0	0	0	0	0	0	0	0	0	0
NZ_UGQW01000001.1	5p	+	7	49	64	53	39	205	1	4	0	2	1	1	1	0	1	1	0	0	0	0	0	0	1	0	0	0	0
NZ_UGQW01000001.1	5p	+	8	31	62	71	42	206	1	1	2	4	0	1	2	0	1	0	0	0	0	0	0	0	0	0	0	0	0
NZ_UGQW01000001.1	5p	+	9	40	59	60	46	205	0	1	3	1	0	0	0	1	2	0	2	0	0	1	0	0	0	0	0	1	0
NZ_UGQW01000001.1	5p	+	10	54	64	40	47	205	0	4	5	1	1	0	0	0	1	0	0	0	0	0	0	0	1	0	0	0	0
NZ_UGQW01000001.1	5p	+	11	37	57	69	43	206	2	0	2	1	1	1	1	0	0	0	0	1	0	0	0	0	0	0	0	0	0
NZ_UGQW01000001.1	5p	+	12	33	61	65	46	205	1	2	1	4	1	0	1	0	0	0	3	0	0	0	0	0	0	1	0	0	0
NZ_UGQW01000001.1	5p	+	13	48	64	39	55	206	0	1	1	3	1	0	1	0	0	0	2	0	0	0	1	0	0	0	0	0	0
NZ_UGQW01000001.1	5p	+	14	41	53	66	46	206	2	3	2	6	0	0	1	1	0	0	1	1	1	0	0	0	0	0	0	0	0
NZ_UGQW01000001.1	5p	+	15	40	67	59	40	206	2	4	2	3	0	0	1	0	1	0	1	1	0	0	0	0	0	0	0	0	0
NZ_UGQW01000001.1	5p	+	16	50	64	56	36	206	0	6	2	0	0	0	2	0	0	0	0	0	1	0	0	0	0	0	0	0	0
NZ_UGQW01000001.1	5p	+	17	42	66	51	47	206	3	3	4	5	1	0	2	0	1	0	1	1	0	0	0	0	0	0	0	0	0
NZ_UGQW01000001.1	5p	+	18	43	56	70	37	206	2	3	2	2	2	0	1	0	0	0	2	0	0	0	0	0	0	0	0	0	0
NZ_UGQW01000001.1	5p	+	19	39	54	60	53	206	0	2	2	2	2	1	1	0	1	0	1	0	0	0	0	0	0	0	0	0	0
NZ_UGQW01000001.1	5p	+	20	37	71	63	35	206	2	1	6	1	0	0	3	0	0	0	1	0	0	0	0	0	0	0	0	0	0
NZ_UGQW01000001.1	5p	+	21	40	64	59	43	206	1	4	2	3	1	0	1	0	0	0	0	0	0	0	0	0	0	0	0	0	0
NZ_UGQW01000001.1	5p	+	22	52	45	67	42	206	2	2	1	2	1	0	1	0	0	0	3	0	0	0	0	0	0	0	0	0	0
NZ_UGQW01000001.1	5p	+	23	44	59	63	40	206	0	1	2	4	0	0	1	0	1	0	0	0	0	0	0	0	0	0	0	0	0
NZ_UGQW01000001.1	5p	+	24	43	57	66	40	206	3	1	3	3	1	0	0	0	0	1	1	0	0	0	0	0	0	0	0	0	0
NZ_UGQW01000001.1	5p	+	25	42	68	50	46	206	2	2	2	3	1	0	1	0	0	0	0	1	0	0	0	0	0	0	0	0	0
NZ_UGQW01000001.1	5p	+	26	42	65	59	40	206	0	2	5	3	1	0	0	0	0	0	0	1	0	0	0	0	0	0	0	0	0
NZ_UGQW01000001.1	5p	+	27	33	61	69	43	206	2	1	2	3	0	0	1	0	0	0	1	0	0	0	0	0	0	0	0	0	0
NZ_UGQW01000001.1	5p	+	28	36	60	63	47	206	1	1	4	3	0	0	0	2	0	0	0	2	0	0	0	0	0	0	0	0	0
NZ_UGQW01000001.1	5p	+	29	38	68	51	49	206	1	3	2	8	0	1	0	0	0	0	1	0	0	0	0	0	0	0	0	0	0
NZ_UGQW01000001.1	5p	+	30	45	57	59	45	206	2	2	1	4	0	0	1	0	0	0	0	0	0	0	0	0	0	0	0	0	0
NZ_UGQW01000001.1	5p	+	31	42	59	46	35	182	3	0	4	2	1	0	1	0	0	0	1	2	0	0	0	0	0	0	0	0	0
NZ_UGQW01000001.1	5p	+	32	24	61	47	30	162	1	6	2	4	1	1	2	1	0	0	2	2	0	0	0	0	0	0	0	0	0
NZ_UGQW01000001.1	5p	+	33	24	45	34	28	131	0	1	2	2	0	0	1	0	0	0	2	1	0	0	0	0	0	0	0	0	0
NZ_UGQW01000001.1	5p	+	34	27	39	29	17	112	0	1	1	0	0	0	1	0	0	0	0	0	0	0	0	0	0	0	0	0	0
NZ_UGQW01000001.1	5p	+	35	15	34	29	20	98	1	4	2	1	0	0	2	0	0	0	3	0	0	0	0	0	0	0	0	0	0
NZ_UGQW01000001.1	5p	+	36	15	25	23	22	85	0	2	0	1	0	0	0	1	1	0	0	0	0	0	0	0	0	0	0	0	0
NZ_UGQW01000001.1	5p	+	37	17	23	15	19	74	0	0	2	0	0	0	1	0	0	0	0	0	0	0	0	0	0	0	0	0	0
NZ_UGQW01000001.1	5p	+	38	15	17	19	13	64	0	2	0	1	1	0	1	0	0	0	0	1	0	0	0	0	0	0	0	0	0
NZ_UGQW01000001.1	5p	+	39	7	16	16	17	56	0	0	0	0	0	0	0	1	0	0	0	1	0	0	0	0	0	0	0	0	0
NZ_UGQW01000001.1	5p	+	40	4	19	16	12	51	0	0	0	0	0	0	0	0	0	0	0	0	0	0	0	0	0	0	0	0	0
NZ_UGQW01000001.1	5p	+	41	7	14	14	10	45	0	0	0	0	1	0	1	0	1	0	0	0	0	0	0	0	0	0	0	0	0
NZ_UGQW01000001.1	5p	+	42	10	11	12	11	44	0	0	0	1	0	0	0	1	0	0	0	0	0	0	0	0	0	0	0	0	0
NZ_UGQW01000001.1	5p	+	43	10	12	8	7	37	0	0	1	0	0	0	1	0	0	0	0	0	0	0	0	0	0	0	0	0	0
NZ_UGQW01000001.1	5p	+	44	5	13	5	9	32	0	1	1	0	0	0	0	0	0	0	0	0	0	0	0	0	0	0	0	0	0
NZ_UGQW01000001.1	5p	+	45	4	11	8	4	27	0	0	0	1	0	0	0	0	0	0	0	0	0	0	0	0	0	0	0	0	0
NZ_UGQW01000001.1	5p	+	46	7	10	3	5	25	0	1	0	0	0	0	0	0	0	0	0	0	0	0	0	0	0	0	0	0	0
NZ_UGQW01000001.1	5p	+	47	3	7	6	7	23	0	0	0	1	0	0	0	0	0	0	0	0	0	0	0	0	0	0	0	0	0
NZ_UGQW01000001.1	5p	+	48	5	6	4	5	20	0	0	0	0	0	0	0	0	0	0	0	0	0	0	0	0	0	0	0	0	0
NZ_UGQW01000001.1	5p	+	49	5	5	4	2	16	0	0	0	0	0	0	0	0	0	0	0	0	0	0	0	0	0	0	0	0	0
NZ_UGQW01000001.1	5p	+	50	1	6	5	2	14	0	0	0	0	0	0	1	0	0	0	0	0	0	0	0	0	0	0	0	0	0
NZ_UGQW01000001.1	5p	+	51	0	9	1	2	12	0	0	0	0	0	0	0	0	0	0	0	0	0	0	0	0	0	0	0	0	0
NZ_UGQW01000001.1	5p	+	52	2	7	2	1	12	0	0	0	0	0	0	0	1	0	0	0	0	0	0	0	0	0	0	0	0	0
NZ_UGQW01000001.1	5p	+	53	2	3	2	3	10	0	0	0	0	0	0	0	0	0	0	0	0	0	0	0	0	0	0	0	0	0
NZ_UGQW01000001.1	5p	+	54	3	2	4	1	10	0	1	0	0	0	0	0	0	0	0	0	0	0	0	0	0	0	0	0	0	0
NZ_UGQW01000001.1	5p	+	55	3	4	1	1	9	0	0	0	0	0	0	0	0	0	0	0	0	0	0	0	0	0	0	0	0	0
NZ_UGQW01000001.1	5p	+	56	3	2	2	2	9	0	0	0	0	0	0	0	0	0	0	0	0	0	0	0	0	0	0	0	0	0
NZ_UGQW01000001.1	5p	+	57	1	2	5	0	8	0	0	1	0	0	0	0	0	0	0	0	0	0	0	0	0	0	0	0	0	0
NZ_UGQW01000001.1	5p	+	58	1	3	2	1	7	0	0	0	0	0	0	0	0	0	0	0	0	0	0	0	0	0	0	0	0	0
NZ_UGQW01000001.1	5p	+	59	2	3	1	0	6	0	0	0	0	0	0	0	0	0	0	0	0	0	0	0	0	0	0	0	0	0
NZ_UGQW01000001.1	5p	+	60	0	5	1	0	6	0	1	0	0	0	0	0	0	0	0	0	0	0	0	0	0	0	0	0	0	0
NZ_UGQW01000001.1	5p	+	61	0	1	1	2	4	0	0	0	0	0	0	0	0	0	0	0	0	0	0	0	0	0	0	0	0	0
NZ_UGQW01000001.1	5p	+	62	1	1	2	0	4	0	0	0	0	0	0	0	0	0	0	0	0	0	0	0	0	0	0	0	0	0
NZ_UGQW01000001.1	5p	+	63	0	3	0	1	4	0	0	0	1	0	0	0	0	0	0	0	0	0	0	0	0	0	0	0	0	0
NZ_UGQW01000001.1	5p	+	64	1	0	1	1	3	0	0	0	0	0	0	0	0	0	0	0	0	0	0	0	0	0	0	0	0	0
NZ_UGQW01000001.1	5p	+	65	3	0	0	0	3	0	0	1	0	0	0	0	0	0	0	0	0	0	0	0	0	0	0	0	0	0
NZ_UGQW01000001.1	5p	+	66	1	2	0	0	3	0	0	0	0	0	0	0	0	0	0	0	0	0	0	0	0	0	0	0	0	0
NZ_UGQW01000001.1	5p	+	67	2	1	0	0	3	0	0	0	0	0	0	0	0	0	0	0	0	0	0	0	0	0	0	0	0	0
NZ_UGQW01000001.1	5p	+	68	1	1	0	1	3	0	0	0	0	0	0	0	0	0	0	0	0	0	0	0	0	0	0	0	0	0
NZ_UGQW01000001.1	5p	+	69	1	0	0	2	3	0	0	0	0	0	0	0	0	0	0	0	0	0	0	0	0	0	0	0	0	0
NZ_UGQW01000001.1	5p	+	70	2	0	0	1	3	0	0	0	0	0	0	0	0	0	0	0	0	0	0	0	0	0	0	0	0	0
NZ_UGQW01000001.1	5p	-	1	31	58	41	47	177	0	8	3	1	0	0	0	0	0	0	0	2	0	0	0	0	0	0	0	0	0
NZ_UGQW01000001.1	5p	-	2	38	55	40	44	177	1	5	2	5	1	2	0	1	0	2	1	0	0	0	0	0	0	0	0	0	0
NZ_UGQW01000001.1	5p	-	3	34	46	59	38	177	0	4	3	3	0	0	2	0	0	0	3	0	0	0	0	0	0	0	0	0	0
NZ_UGQW01000001.1	5p	-	4	41	57	42	37	177	1	3	2	4	0	0	0	2	0	0	0	1	0	0	0	0	0	0	0	0	0
NZ_UGQW01000001.1	5p	-	5	39	49	43	44	175	1	0	4	3	1	0	3	0	0	0	3	2	0	0	0	0	0	1	0	1	0
NZ_UGQW01000001.1	5p	-	6	31	51	59	35	176	1	3	3	2	0	0	1	1	0	0	1	0	0	0	0	0	1	0	0	0	0
NZ_UGQW01000001.1	5p	-	7	40	43	57	36	176	1	2	3	4	1	0	0	0	0	1	2	0	0	0	0	0	1	0	0	0	0
NZ_UGQW01000001.1	5p	-	8	45	50	41	41	177	0	2	3	0	2	1	0	0	1	0	0	0	0	0	0	0	0	0	0	0	0
NZ_UGQW01000001.1	5p	-	9	32	45	54	46	177	1	2	3	3	0	0	2	0	1	0	0	1	0	0	0	0	0	0	0	0	0
NZ_UGQW01000001.1	5p	-	10	37	55	55	30	177	1	0	3	1	0	1	0	0	0	0	0	0	0	0	0	0	0	0	0	0	0
NZ_UGQW01000001.1	5p	-	11	26	56	56	39	177	2	1	1	2	0	0	0	0	0	0	2	0	0	0	0	1	0	0	0	0	0
NZ_UGQW01000001.1	5p	-	12	45	44	51	37	177	1	2	3	2	0	0	2	0	1	0	0	1	0	0	0	0	0	0	0	0	0
NZ_UGQW01000001.1	5p	-	13	35	44	56	42	177	0	0	1	1	1	0	0	0	1	0	1	1	0	0	0	0	0	0	0	0	0
NZ_UGQW01000001.1	5p	-	14	27	57	60	33	177	0	0	1	2	0	0	0	0	0	0	1	0	0	0	0	1	0	0	0	0	0
NZ_UGQW01000001.1	5p	-	15	34	56	50	37	177	1	1	1	2	0	0	0	0	0	0	3	0	0	0	0	0	0	0	0	0	0
NZ_UGQW01000001.1	5p	-	16	35	49	51	42	177	2	0	5	1	1	0	1	1	0	0	1	0	0	0	0	0	0	0	0	0	0
NZ_UGQW01000001.1	5p	-	17	41	57	41	38	177	1	2	1	4	0	0	2	0	0	0	0	0	0	0	0	0	0	0	0	0	0
NZ_UGQW01000001.1	5p	-	18	39	38	56	44	177	0	3	5	3	0	0	2	0	0	0	1	0	0	0	0	0	0	0	0	0	0
NZ_UGQW01000001.1	5p	-	19	33	50	58	35	176	0	1	1	1	0	0	2	0	1	0	0	1	0	0	0	0	0	0	0	1	0
NZ_UGQW01000001.1	5p	-	20	40	55	48	34	177	1	4	1	1	0	0	1	0	1	0	0	0	0	0	0	0	0	0	0	0	0
NZ_UGQW01000001.1	5p	-	21	36	47	55	39	177	1	2	3	1	2	1	0	0	2	0	0	0	0	0	0	0	0	0	0	0	0
NZ_UGQW01000001.1	5p	-	22	34	54	53	36	177	3	5	1	3	0	0	1	1	1	0	0	0	0	0	0	0	0	0	0	0	0
NZ_UGQW01000001.1	5p	-	23	36	59	52	30	177	0	1	0	2	0	1	2	1	0	1	1	0	0	0	0	1	0	0	0	0	0
NZ_UGQW01000001.1	5p	-	24	32	54	53	38	177	0	0	0	3	0	0	3	1	1	0	1	1	0	0	0	0	0	0	0	0	0
NZ_UGQW01000001.1	5p	-	25	50	50	50	26	176	1	2	5	2	0	0	0	0	0	0	0	1	0	0	0	0	0	0	0	1	0
NZ_UGQW01000001.1	5p	-	26	39	54	49	35	177	1	4	3	1	0	0	2	0	1	0	0	0	0	0	0	0	0	0	0	0	0
NZ_UGQW01000001.1	5p	-	27	31	51	62	32	176	0	1	3	3	0	0	0	0	0	1	3	0	0	0	0	0	1	0	0	0	0
NZ_UGQW01000001.1	5p	-	28	32	62	49	34	177	1	1	1	0	0	0	0	1	1	0	0	0	0	0	0	0	0	0	0	0	0
NZ_UGQW01000001.1	5p	-	29	33	54	44	46	177	2	0	2	2	0	0	0	1	0	0	1	0	0	0	0	0	0	0	0	0	0
NZ_UGQW01000001.1	5p	-	30	37	53	51	36	177	2	5	1	1	0	0	0	0	0	0	0	0	0	0	0	0	0	0	0	0	0
NZ_UGQW01000001.1	5p	-	31	48	47	35	32	162	1	3	4	2	0	0	1	0	0	3	1	0	0	0	0	0	0	0	0	0	0
NZ_UGQW01000001.1	5p	-	32	32	45	24	37	138	1	5	1	1	0	0	0	1	0	0	0	1	0	0	0	0	0	0	0	0	0
NZ_UGQW01000001.1	5p	-	33	27	32	30	29	118	1	3	2	0	0	0	1	0	0	0	0	0	0	0	0	0	0	0	0	0	0
NZ_UGQW01000001.1	5p	-	34	20	29	28	24	101	2	2	0	0	1	1	0	1	0	0	0	0	0	0	0	0	0	0	0	0	0
NZ_UGQW01000001.1	5p	-	35	21	30	26	14	91	2	2	1	0	0	2	0	0	0	0	0	1	0	0	0	0	0	0	0	0	0
NZ_UGQW01000001.1	5p	-	36	14	21	34	14	83	1	0	1	0	1	0	0	0	0	0	0	0	0	0	0	0	0	0	0	0	0
NZ_UGQW01000001.1	5p	-	37	12	27	18	19	76	0	1	1	1	0	0	0	0	0	0	0	0	0	0	0	0	0	0	0	0	0
NZ_UGQW01000001.1	5p	-	38	10	19	19	15	63	1	2	0	0	1	0	0	0	1	1	0	0	0	0	0	0	0	0	0	0	0
NZ_UGQW01000001.1	5p	-	39	10	15	24	10	59	0	1	1	0	1	1	0	0	0	0	1	0	0	0	0	0	0	0	0	0	0
NZ_UGQW01000001.1	5p	-	40	15	20	10	10	55	0	0	2	1	0	0	0	0	0	0	0	0	0	0	0	0	0	0	0	0	0
NZ_UGQW01000001.1	5p	-	41	9	11	13	13	46	0	2	1	0	0	0	1	0	1	0	0	1	0	0	0	0	0	0	0	0	0
NZ_UGQW01000001.1	5p	-	42	8	12	13	6	39	0	1	0	1	0	0	1	0	0	0	1	0	0	0	0	0	0	0	0	0	0
NZ_UGQW01000001.1	5p	-	43	7	11	11	6	35	0	2	0	0	0	0	0	0	0	0	1	0	0	0	0	0	0	0	0	0	0
NZ_UGQW01000001.1	5p	-	44	4	13	6	8	31	0	1	0	1	0	0	0	0	0	0	0	0	0	0	0	0	0	0	0	0	0
NZ_UGQW01000001.1	5p	-	45	3	7	9	9	28	0	1	0	0	0	0	0	0	0	0	0	0	0	0	0	0	0	0	0	0	0
NZ_UGQW01000001.1	5p	-	46	6	6	8	3	23	0	0	0	0	0	0	0	0	0	0	0	0	0	0	0	0	0	0	0	0	0
NZ_UGQW01000001.1	5p	-	47	2	7	6	6	21	0	0	1	0	0	0	0	0	0	0	0	0	0	0	0	0	0	0	0	0	0
NZ_UGQW01000001.1	5p	-	48	6	3	5	4	18	0	0	0	1	0	1	0	0	0	0	0	0	0	0	0	0	0	0	0	0	0
NZ_UGQW01000001.1	5p	-	49	1	8	3	4	16	0	0	1	0	0	0	0	0	0	0	0	0	0	0	0	0	0	0	0	0	0
NZ_UGQW01000001.1	5p	-	50	0	5	4	2	11	0	0	0	0	0	0	0	0	0	0	0	0	0	0	0	0	0	0	0	1	0
NZ_UGQW01000001.1	5p	-	51	3	3	4	1	11	0	1	0	0	1	0	0	0	0	0	0	0	0	0	0	0	0	0	0	0	0
NZ_UGQW01000001.1	5p	-	52	2	2	3	3	10	0	0	0	1	0	0	0	0	0	0	0	0	0	0	0	0	0	0	0	0	0
NZ_UGQW01000001.1	5p	-	53	2	4	1	2	9	0	0	0	0	0	0	0	0	0	0	0	0	0	0	0	0	0	0	0	0	0
NZ_UGQW01000001.1	5p	-	54	1	2	4	2	9	0	0	0	0	0	0	0	0	1	0	0	0	0	0	0	0	0	0	0	0	0
NZ_UGQW01000001.1	5p	-	55	2	0	5	0	7	0	0	0	0	0	0	0	0	0	0	0	0	0	0	0	0	0	0	0	0	0
NZ_UGQW01000001.1	5p	-	56	2	1	2	2	7	0	0	0	0	0	0	0	0	0	0	0	0	0	0	0	0	0	0	0	0	0
NZ_UGQW01000001.1	5p	-	57	0	3	3	0	6	0	0	0	0	0	0	0	0	0	0	0	0	0	0	0	0	0	0	0	0	0
NZ_UGQW01000001.1	5p	-	58	1	1	1	1	4	0	0	0	1	0	0	0	0	0	0	0	0	0	0	0	0	0	0	0	0	0
NZ_UGQW01000001.1	5p	-	59	3	0	0	1	4	0	0	0	0	0	0	0	0	0	0	0	0	0	0	0	0	0	0	0	0	0
NZ_UGQW01000001.1	5p	-	60	1	1	1	1	4	0	1	0	0	0	0	0	0	0	0	0	1	0	0	0	0	0	0	0	0	0
NZ_UGQW01000001.1	5p	-	61	0	0	1	2	3	0	0	0	0	0	0	0	0	0	0	0	0	0	0	0	0	0	0	0	0	0
NZ_UGQW01000001.1	5p	-	62	0	2	1	0	3	0	0	0	0	0	0	0	0	0	0	0	0	0	0	0	0	0	0	0	0	0
NZ_UGQW01000001.1	5p	-	63	0	0	2	1	3	0	0	0	0	0	0	0	0	0	0	0	0	0	0	0	0	0	0	0	0	0
NZ_UGQW01000001.1	5p	-	64	0	1	2	0	3	0	0	0	0	0	0	0	0	0	0	0	0	0	0	0	0	0	0	0	0	0
NZ_UGQW01000001.1	5p	-	65	0	3	0	0	3	0	0	0	0	0	0	0	0	0	0	0	0	0	0	0	0	0	0	0	0	0
NZ_UGQW01000001.1	5p	-	66	1	1	1	0	3	0	0	0	0	0	0	0	0	0	0	0	0	0	0	0	0	0	0	0	0	0
NZ_UGQW01000001.1	5p	-	67	0	0	2	1	3	0	0	0	0	0	0	0	0	0	0	0	0	0	0	0	0	0	0	0	0	0
NZ_UGQW01000001.1	5p	-	68	0	3	0	0	3	0	0	0	0	0	0	0	0	0	0	0	0	0	0	0	0	0	0	0	0	0
NZ_UGQW01000001.1	5p	-	69	1	0	1	1	3	0	0	0	0	0	0	0	0	0	0	0	0	0	0	0	0	0	0	0	0	0
NZ_UGQW01000001.1	5p	-	70	0	1	2	0	3	0	0	0	0	0	0	0	0	0	0	0	0	0	0	0	0	0	0	0	0	0
NZ_UGQW01000002.1	3p	+	1	350	694	344	442	1830	15	108	8	27	5	1	10	8	2	3	15	6	0	0	0	0	0	0	0	0	0
NZ_UGQW01000002.1	3p	+	2	476	543	522	289	1830	20	41	19	18	7	5	12	5	5	3	9	7	0	0	0	0	0	0	0	0	0
NZ_UGQW01000002.1	3p	+	3	365	532	559	374	1830	12	46	9	20	5	2	12	2	5	1	15	7	0	0	0	0	0	0	0	0	0
NZ_UGQW01000002.1	3p	+	4	376	607	469	378	1830	19	22	22	18	5	1	11	9	7	4	10	2	0	0	0	0	0	0	0	0	0
NZ_UGQW01000002.1	3p	+	5	409	491	532	398	1830	18	18	22	18	5	3	4	1	3	1	16	5	0	0	0	0	0	0	0	0	0
NZ_UGQW01000002.1	3p	+	6	355	529	525	421	1830	14	27	21	37	8	3	13	2	6	5	15	4	0	0	0	0	0	0	0	0	0
NZ_UGQW01000002.1	3p	+	7	338	580	489	421	1828	15	22	12	19	3	2	11	5	9	3	7	1	0	0	0	0	1	0	1	0	0
NZ_UGQW01000002.1	3p	+	8	407	498	525	399	1829	7	12	24	27	3	4	14	1	3	2	11	2	0	0	1	1	0	0	0	1	0
NZ_UGQW01000002.1	3p	+	9	356	556	500	417	1829	12	33	24	30	5	1	16	5	7	3	11	2	0	0	2	1	0	1	0	0	0
NZ_UGQW01000002.1	3p	+	10	388	589	476	376	1829	6	18	19	22	4	1	17	2	3	3	10	4	0	1	0	0	1	0	0	0	0
NZ_UGQW01000002.1	3p	+	11	385	511	520	413	1829	16	15	24	22	2	2	8	3	3	2	12	0	0	0	2	0	0	1	0	0	0
NZ_UGQW01000002.1	3p	+	12	355	523	534	418	1830	6	20	22	21	1	2	15	1	6	1	8	3	0	0	0	0	0	0	0	0	0
NZ_UGQW01000002.1	3p	+	13	407	584	477	361	1829	10	21	15	9	9	5	13	5	1	0	9	5	0	0	1	0	0	1	0	0	0
NZ_UGQW01000002.1	3p	+	14	379	525	541	385	1830	4	23	14	13	7	1	12	4	6	0	12	3	1	0	1	1	0	0	0	0	0
NZ_UGQW01000002.1	3p	+	15	353	552	543	382	1830	8	23	23	19	3	3	17	2	3	2	4	3	0	0	1	0	0	0	0	0	0
NZ_UGQW01000002.1	3p	+	16	333	562	518	417	1830	9	19	17	19	6	0	13	4	2	0	12	3	0	0	0	1	0	0	0	0	0
NZ_UGQW01000002.1	3p	+	17	378	539	508	405	1830	11	17	18	16	2	1	11	4	3	1	10	5	0	0	0	0	0	0	0	0	0
NZ_UGQW01000002.1	3p	+	18	372	525	564	369	1830	9	30	22	18	6	5	13	0	3	2	6	7	1	2	0	0	0	0	0	0	0
NZ_UGQW01000002.1	3p	+	19	371	556	492	411	1830	7	15	14	17	5	4	6	3	2	1	8	2	0	0	0	1	0	0	0	0	0
NZ_UGQW01000002.1	3p	+	20	425	516	522	366	1829	13	18	12	24	4	0	4	2	2	1	7	4	0	0	2	0	0	0	1	0	0
NZ_UGQW01000002.1	3p	+	21	341	574	535	380	1830	10	23	22	22	12	1	13	4	3	1	6	0	0	0	0	1	0	0	0	0	0
NZ_UGQW01000002.1	3p	+	22	383	543	515	389	1830	10	12	16	15	7	1	11	2	4	2	14	1	0	0	1	0	0	0	0	0	0
NZ_UGQW01000002.1	3p	+	23	371	521	529	409	1830	13	21	26	22	8	3	12	1	4	1	5	3	0	0	0	0	0	0	0	0	0
NZ_UGQW01000002.1	3p	+	24	358	572	556	344	1830	14	21	23	27	4	7	9	1	4	2	11	2	0	0	0	1	0	0	0	0	0
NZ_UGQW01000002.1	3p	+	25	377	588	489	372	1826	11	19	19	17	5	2	10	3	1	3	10	2	0	0	1	0	2	1	0	1	0
NZ_UGQW01000002.1	3p	+	26	414	510	517	387	1828	5	16	14	19	8	0	9	3	4	1	10	5	0	0	0	0	2	0	0	0	0
NZ_UGQW01000002.1	3p	+	27	377	551	535	367	1830	10	21	16	18	5	0	12	0	7	6	12	1	0	0	0	0	0	0	0	0	0
NZ_UGQW01000002.1	3p	+	28	388	587	466	388	1829	8	27	16	25	3	1	9	3	2	2	12	3	0	0	1	0	0	0	0	1	0
NZ_UGQW01000002.1	3p	+	29	398	546	509	375	1828	9	23	14	19	7	3	15	7	7	2	6	3	1	1	1	0	1	0	1	0	0
NZ_UGQW01000002.1	3p	+	30	350	542	556	381	1829	17	35	18	13	3	0	9	5	5	2	8	5	0	1	1	0	1	0	0	0	0
NZ_UGQW01000002.1	3p	+	31	310	502	425	352	1589	8	23	11	25	3	3	7	4	3	2	11	5	0	0	0	0	1	0	1	0	0
NZ_UGQW01000002.1	3p	+	32	311	423	375	308	1417	9	22	18	9	4	2	13	1	3	1	9	0	0	0	0	0	0	0	0	0	0
NZ_UGQW01000002.1	3p	+	33	242	380	371	258	1251	4	23	7	19	4	1	13	1	1	2	2	2	0	0	0	0	0	0	0	0	0
NZ_UGQW01000002.1	3p	+	34	240	338	286	243	1107	4	20	11	7	4	2	4	3	3	3	2	3	0	0	1	0	0	0	0	0	0
NZ_UGQW01000002.1	3p	+	35	232	265	252	226	975	4	22	9	12	2	2	3	2	4	2	3	2	1	1	2	0	0	0	0	1	0
NZ_UGQW01000002.1	3p	+	36	173	256	243	185	857	10	15	7	5	1	2	4	0	1	0	8	2	0	0	0	0	0	0	0	0	0
NZ_UGQW01000002.1	3p	+	37	174	225	204	162	765	6	19	9	8	1	0	3	0	1	1	3	3	0	1	0	0	0	0	0	0	0
NZ_UGQW01000002.1	3p	+	38	155	185	201	150	691	4	9	3	7	1	0	2	1	1	0	5	2	0	2	0	0	0	0	0	0	0
NZ_UGQW01000002.1	3p	+	39	118	208	170	110	606	3	15	3	6	2	0	7	0	2	0	1	0	0	0	0	1	0	1	0	0	0
NZ_UGQW01000002.1	3p	+	40	120	186	126	118	550	3	12	7	3	1	2	5	0	1	0	1	0	0	2	1	0	0	0	0	0	0
NZ_UGQW01000002.1	3p	+	41	117	137	134	117	505	3	2	1	4	3	1	1	2	2	0	1	0	1	0	0	0	0	0	0	0	0
NZ_UGQW01000002.1	3p	+	42	92	140	127	99	458	2	14	4	7	2	0	3	1	0	0	3	0	0	0	0	0	0	0	0	0	0
NZ_UGQW01000002.1	3p	+	43	85	111	109	97	402	2	4	4	5	1	1	3	0	2	1	2	0	0	0	0	0	0	0	0	0	0
NZ_UGQW01000002.1	3p	+	44	79	106	82	84	351	1	9	1	0	1	1	1	0	0	0	3	1	0	0	0	0	1	0	0	0	0
NZ_UGQW01000002.1	3p	+	45	48	105	77	67	297	1	11	0	6	0	1	1	1	1	0	0	0	0	0	0	0	0	0	0	0	0
NZ_UGQW01000002.1	3p	+	46	57	76	69	57	259	1	3	1	4	2	0	0	0	0	0	0	0	0	0	0	0	0	0	0	0	0
NZ_UGQW01000002.1	3p	+	47	60	50	65	54	229	2	3	1	1	2	1	0	0	2	0	0	0	0	0	0	0	0	0	0	0	0
NZ_UGQW01000002.1	3p	+	48	42	58	57	43	200	0	3	0	3	1	0	0	0	1	0	0	0	0	0	0	0	0	0	0	0	0
NZ_UGQW01000002.1	3p	+	49	33	57	59	25	174	1	9	0	2	0	0	1	1	0	0	1	2	0	0	0	0	0	0	0	0	0
NZ_UGQW01000002.1	3p	+	50	33	37	39	45	154	0	3	1	1	1	0	0	0	1	1	0	0	0	0	0	0	0	0	0	0	0
NZ_UGQW01000002.1	3p	+	51	34	45	37	17	133	0	8	1	1	0	0	0	0	0	0	0	0	0	0	0	0	0	1	0	0	0
NZ_UGQW01000002.1	3p	+	52	21	43	30	25	119	0	5	0	0	0	0	0	0	0	0	1	0	0	1	1	0	0	0	0	0	0
NZ_UGQW01000002.1	3p	+	53	16	26	29	31	102	0	3	0	0	0	1	0	1	1	0	0	0	0	0	0	0	0	1	0	0	0
NZ_UGQW01000002.1	3p	+	54	12	30	28	18	88	0	0	0	0	0	0	0	0	0	0	0	0	0	1	0	0	0	0	0	0	0
NZ_UGQW01000002.1	3p	+	55	18	30	19	17	84	1	2	1	0	1	0	0	0	1	0	0	0	0	0	0	0	0	0	0	0	0
NZ_UGQW01000002.1	3p	+	56	18	20	16	20	74	0	2	0	1	0	0	0	0	0	0	0	2	0	0	0	0	0	0	0	0	0
NZ_UGQW01000002.1	3p	+	57	19	15	14	16	64	0	3	1	1	0	1	0	0	0	0	0	0	0	0	0	0	0	0	0	0	0
NZ_UGQW01000002.1	3p	+	58	6	24	7	16	53	0	0	0	1	0	0	1	0	0	0	0	0	0	0	0	0	0	0	0	0	0
NZ_UGQW01000002.1	3p	+	59	9	13	17	11	50	0	1	0	1	1	0	0	1	0	0	0	0	0	0	0	0	0	0	0	0	0
NZ_UGQW01000002.1	3p	+	60	8	15	15	7	45	0	0	0	0	0	0	1	0	0	1	1	0	0	0	0	0	0	0	0	0	0
NZ_UGQW01000002.1	3p	+	61	7	16	11	9	43	1	0	1	0	0	0	0	0	1	0	0	0	0	0	0	0	0	0	0	0	0
NZ_UGQW01000002.1	3p	+	62	8	13	7	10	38	0	0	1	0	0	1	0	0	0	0	0	0	0	0	0	0	0	0	0	0	0
NZ_UGQW01000002.1	3p	+	63	12	11	8	5	36	0	2	0	0	0	0	1	0	1	0	0	0	0	0	0	0	0	0	0	0	0
NZ_UGQW01000002.1	3p	+	64	10	10	12	4	36	0	0	0	1	0	0	0	0	0	0	0	0	0	0	0	0	0	0	0	0	0
NZ_UGQW01000002.1	3p	+	65	9	11	10	4	34	0	0	0	0	0	0	0	0	0	0	0	0	0	0	0	0	0	0	0	0	0
NZ_UGQW01000002.1	3p	+	66	5	13	7	8	33	0	0	0	1	0	0	0	0	1	0	0	0	0	0	0	0	0	0	0	0	0
NZ_UGQW01000002.1	3p	+	67	9	9	1	9	28	0	1	1	1	0	1	0	0	0	0	0	0	0	0	0	0	1	0	0	0	0
NZ_UGQW01000002.1	3p	+	68	3	7	9	5	24	0	0	0	0	0	0	0	0	0	0	0	0	0	0	0	0	0	0	0	0	0
NZ_UGQW01000002.1	3p	+	69	7	6	6	2	21	0	0	0	0	1	0	0	0	0	0	0	0	0	0	0	0	0	0	0	0	0
NZ_UGQW01000002.1	3p	+	70	2	4	9	5	20	0	0	0	1	0	1	0	0	1	0	0	0	0	0	0	0	0	0	0	0	0
NZ_UGQW01000002.1	3p	-	1	332	692	364	464	1852	13	96	13	16	5	4	7	4	4	4	24	8	0	0	0	0	0	0	0	0	0
NZ_UGQW01000002.1	3p	-	2	453	514	502	383	1852	17	24	22	22	4	2	12	9	6	2	12	3	0	0	0	0	0	0	0	0	0
NZ_UGQW01000002.1	3p	-	3	393	512	582	365	1852	8	30	23	22	9	1	10	1	7	1	15	2	0	0	0	0	0	0	0	0	0
NZ_UGQW01000002.1	3p	-	4	366	536	531	419	1852	18	24	10	14	7	2	6	3	5	3	11	6	0	0	0	0	0	0	0	0	0
NZ_UGQW01000002.1	3p	-	5	410	505	525	411	1851	11	17	18	16	2	4	11	1	7	1	13	7	1	0	0	0	1	0	0	0	0
NZ_UGQW01000002.1	3p	-	6	334	541	599	376	1850	14	18	23	15	7	1	12	2	5	0	13	6	0	0	0	0	1	0	1	0	0
NZ_UGQW01000002.1	3p	-	7	362	547	511	431	1851	7	15	16	13	5	2	9	5	3	2	14	1	1	0	0	0	0	0	0	1	0
NZ_UGQW01000002.1	3p	-	8	417	495	528	411	1851	16	21	16	17	9	1	7	5	3	1	13	4	0	0	0	1	0	0	1	0	0
NZ_UGQW01000002.1	3p	-	9	328	546	581	396	1851	13	19	22	21	0	2	7	2	7	0	13	7	1	1	0	0	0	1	0	0	0
NZ_UGQW01000002.1	3p	-	10	383	534	487	448	1852	11	28	16	22	11	1	10	7	1	0	15	4	0	0	1	1	0	0	0	0	0
NZ_UGQW01000002.1	3p	-	11	365	521	538	428	1852	11	9	16	29	3	3	3	1	2	2	9	5	0	0	1	0	0	0	0	0	0
NZ_UGQW01000002.1	3p	-	12	345	578	544	385	1852	17	23	19	20	3	4	13	2	8	1	19	5	1	0	0	0	0	0	0	0	0
NZ_UGQW01000002.1	3p	-	13	380	560	535	377	1852	8	15	13	20	5	4	5	2	5	3	14	2	0	0	0	0	0	0	0	0	0
NZ_UGQW01000002.1	3p	-	14	401	489	554	408	1852	8	11	19	17	4	3	11	4	4	2	12	5	0	0	1	0	0	0	0	0	0
NZ_UGQW01000002.1	3p	-	15	323	550	573	406	1852	17	24	17	26	3	3	11	1	4	6	16	3	0	0	0	0	0	0	0	0	0
NZ_UGQW01000002.1	3p	-	16	363	529	519	441	1852	8	26	11	18	6	0	8	6	6	4	6	2	0	0	0	1	0	0	0	0	0
NZ_UGQW01000002.1	3p	-	17	372	525	508	445	1850	8	20	25	20	3	0	7	1	6	3	7	3	0	0	0	1	0	1	1	0	0
NZ_UGQW01000002.1	3p	-	18	348	521	596	386	1851	22	15	21	15	5	1	12	0	6	0	12	6	0	1	0	1	0	0	1	0	0
NZ_UGQW01000002.1	3p	-	19	325	562	566	399	1852	10	13	17	20	3	2	6	1	4	2	14	2	0	0	0	0	0	0	0	0	0
NZ_UGQW01000002.1	3p	-	20	392	493	518	449	1852	8	8	34	20	3	1	10	4	7	1	16	4	0	0	0	1	0	0	0	0	0
NZ_UGQW01000002.1	3p	-	21	321	552	566	412	1851	14	16	22	21	7	2	17	0	3	4	13	2	1	0	0	0	1	0	0	0	0
NZ_UGQW01000002.1	3p	-	22	354	575	500	423	1852	7	18	16	22	7	4	9	1	3	2	10	5	2	0	1	2	0	0	0	0	0
NZ_UGQW01000002.1	3p	-	23	386	516	533	416	1851	12	9	17	21	9	1	6	6	7	3	8	2	0	0	0	2	1	0	0	0	0
NZ_UGQW01000002.1	3p	-	24	340	549	558	405	1852	9	20	15	28	4	1	14	4	3	0	14	5	0	0	1	0	0	0	0	0	0
NZ_UGQW01000002.1	3p	-	25	354	571	523	402	1850	15	19	23	15	5	3	5	1	3	3	11	5	0	0	0	0	0	1	1	0	0
NZ_UGQW01000002.1	3p	-	26	350	523	544	432	1849	9	18	14	18	3	1	9	2	2	3	13	1	0	0	0	1	1	0	0	2	0
NZ_UGQW01000002.1	3p	-	27	364	530	576	382	1852	16	22	34	22	5	0	12	7	8	1	16	1	0	0	0	0	0	0	0	0	0
NZ_UGQW01000002.1	3p	-	28	351	526	547	427	1851	8	22	17	13	3	2	18	1	3	2	10	4	1	0	0	0	0	0	0	1	0
NZ_UGQW01000002.1	3p	-	29	384	549	533	386	1852	10	23	21	18	3	2	10	0	8	1	10	1	0	0	0	0	0	0	0	0	0
NZ_UGQW01000002.1	3p	-	30	351	522	552	426	1851	17	35	33	19	7	1	7	1	3	2	16	6	0	1	0	0	0	0	0	1	0
NZ_UGQW01000002.1	3p	-	31	332	470	424	378	1604	12	28	20	15	4	2	5	1	2	4	11	4	0	0	1	2	0	0	0	0	0
NZ_UGQW01000002.1	3p	-	32	300	405	360	321	1386	8	21	16	18	4	1	5	3	1	0	7	2	0	0	1	0	0	0	0	0	0
NZ_UGQW01000002.1	3p	-	33	220	345	369	261	1195	10	18	7	7	4	1	5	3	1	2	13	2	0	0	1	0	0	0	0	0	0
NZ_UGQW01000002.1	3p	-	34	216	309	272	242	1039	4	24	6	11	2	2	7	1	3	1	3	1	0	0	0	0	0	0	0	0	0
NZ_UGQW01000002.1	3p	-	35	187	248	238	235	908	2	16	11	10	2	1	4	0	2	0	3	2	0	0	0	0	0	0	0	0	0
NZ_UGQW01000002.1	3p	-	36	169	211	226	188	794	4	9	8	7	3	0	8	1	1	1	1	3	0	0	0	0	0	0	0	0	0
NZ_UGQW01000002.1	3p	-	37	129	205	208	173	715	3	13	5	4	0	0	7	2	1	0	4	3	0	0	0	0	0	0	0	0	0
NZ_UGQW01000002.1	3p	-	38	142	176	186	139	643	2	7	6	7	3	0	3	1	0	0	3	2	0	0	0	0	0	0	0	0	0
NZ_UGQW01000002.1	3p	-	39	112	181	174	101	568	4	11	7	3	2	0	3	1	1	1	4	2	0	0	0	0	0	0	0	0	0
NZ_UGQW01000002.1	3p	-	40	104	153	149	123	529	2	9	6	6	2	0	1	1	0	0	1	2	0	0	0	0	0	0	0	0	0
NZ_UGQW01000002.1	3p	-	41	94	144	139	106	483	3	9	1	8	3	0	2	1	3	0	3	1	0	1	0	0	0	0	0	0	0
NZ_UGQW01000002.1	3p	-	42	104	112	139	86	441	9	10	5	8	0	0	4	1	0	0	5	1	0	0	0	0	0	0	0	0	0
NZ_UGQW01000002.1	3p	-	43	86	96	113	82	377	0	5	5	2	2	1	2	0	1	0	1	1	0	0	0	0	0	0	0	0	0
NZ_UGQW01000002.1	3p	-	44	62	85	91	79	317	2	8	2	2	1	1	0	0	1	0	1	1	0	0	0	1	0	0	0	0	0
NZ_UGQW01000002.1	3p	-	45	50	91	76	47	264	2	2	1	0	1	1	2	0	1	0	0	2	0	0	0	0	0	0	0	0	0
NZ_UGQW01000002.1	3p	-	46	63	61	65	47	236	5	3	3	4	0	0	1	0	0	0	0	0	0	0	0	0	0	0	0	0	0
NZ_UGQW01000002.1	3p	-	47	53	50	47	47	197	1	4	0	1	1	0	0	0	0	0	2	0	0	0	0	0	0	0	0	0	0
NZ_UGQW01000002.1	3p	-	48	42	45	47	34	168	2	2	3	2	0	0	1	0	1	0	0	0	0	0	0	0	0	0	0	0	0
NZ_UGQW01000002.1	3p	-	49	30	32	48	39	149	0	3	3	1	0	0	0	1	0	1	1	0	0	0	0	0	0	0	0	0	0
NZ_UGQW01000002.1	3p	-	50	33	38	32	29	132	3	1	0	1	1	0	0	1	0	0	0	0	0	0	0	0	0	0	0	0	0
NZ_UGQW01000002.1	3p	-	51	23	27	44	25	119	1	3	2	2	0	0	0	0	0	0	0	0	0	0	0	0	0	0	0	0	0
NZ_UGQW01000002.1	3p	-	52	20	36	25	25	106	0	4	0	1	0	0	0	0	0	0	0	0	0	0	0	0	0	0	0	0	0
NZ_UGQW01000002.1	3p	-	53	18	23	26	26	93	1	1	1	0	1	0	0	0	0	0	0	1	0	0	0	0	0	0	0	0	0
NZ_UGQW01000002.1	3p	-	54	21	18	23	20	82	2	1	0	2	0	0	0	0	0	0	0	0	0	0	0	0	0	0	0	0	0
NZ_UGQW01000002.1	3p	-	55	24	18	15	16	73	0	1	0	0	1	0	0	0	0	0	0	1	0	0	0	0	0	0	0	0	0
NZ_UGQW01000002.1	3p	-	56	17	10	27	16	70	0	0	1	0	0	0	0	0	1	0	0	0	0	0	0	0	0	0	0	0	0
NZ_UGQW01000002.1	3p	-	57	14	13	24	15	66	0	1	0	1	0	0	0	1	1	0	0	0	0	0	0	0	0	0	0	0	0
NZ_UGQW01000002.1	3p	-	58	16	21	12	15	64	1	0	0	0	1	0	0	0	0	0	0	0	0	0	0	0	0	0	0	0	0
NZ_UGQW01000002.1	3p	-	59	10	12	25	11	58	1	0	1	0	0	0	0	0	0	0	1	0	0	0	0	0	0	0	0	0	0
NZ_UGQW01000002.1	3p	-	60	13	14	13	11	51	0	1	1	0	0	0	0	0	0	0	0	0	0	0	0	0	0	0	0	0	0
NZ_UGQW01000002.1	3p	-	61	10	11	15	12	48	0	0	1	0	0	0	0	0	0	0	0	0	0	0	0	1	0	0	0	0	0
NZ_UGQW01000002.1	3p	-	62	4	10	17	15	46	0	0	0	1	0	0	0	0	0	0	0	0	0	0	0	0	0	0	0	0	0
NZ_UGQW01000002.1	3p	-	63	8	10	10	14	42	0	1	1	1	0	0	0	0	0	0	0	0	0	0	0	0	0	0	0	0	0
NZ_UGQW01000002.1	3p	-	64	9	5	12	12	38	0	1	0	0	0	0	0	0	0	0	0	0	0	0	0	0	0	0	0	0	0
NZ_UGQW01000002.1	3p	-	65	6	8	11	8	33	0	0	0	1	0	1	0	0	0	0	0	0	0	0	0	0	0	0	0	0	0
NZ_UGQW01000002.1	3p	-	66	9	5	5	8	27	0	1	0	0	0	0	0	0	0	0	0	0	0	0	0	0	0	0	0	0	0
NZ_UGQW01000002.1	3p	-	67	10	3	9	4	26	0	1	0	0	0	2	0	0	0	0	0	0	0	0	0	0	0	0	0	0	0
NZ_UGQW01000002.1	3p	-	68	3	5	9	7	24	1	0	1	0	1	0	0	0	0	0	0	0	0	0	0	0	0	0	0	0	0
NZ_UGQW01000002.1	3p	-	69	7	7	4	5	23	0	0	0	0	0	0	0	0	0	0	0	0	0	0	0	0	0	0	0	0	0
NZ_UGQW01000002.1	3p	-	70	4	7	6	5	22	0	2	0	0	0	1	0	0	0	0	0	0	0	0	0	0	0	0	0	0	0
NZ_UGQW01000002.1	5p	+	1	351	583	351	545	1830	10	105	12	26	8	5	9	3	7	2	7	4	0	0	0	0	0	0	0	0	0
NZ_UGQW01000002.1	5p	+	2	409	569	450	401	1829	13	48	15	23	5	2	14	6	5	2	13	2	0	0	0	0	0	0	1	0	0
NZ_UGQW01000002.1	5p	+	3	398	516	577	338	1829	12	30	14	18	10	4	7	3	4	0	9	6	0	2	1	0	0	0	0	1	0
NZ_UGQW01000002.1	5p	+	4	434	545	467	383	1829	9	27	13	13	9	2	7	3	10	3	9	2	0	1	2	0	1	0	0	0	0
NZ_UGQW01000002.1	5p	+	5	358	609	514	347	1828	8	21	19	22	6	3	14	6	6	3	9	5	2	1	3	0	2	0	0	0	0
NZ_UGQW01000002.1	5p	+	6	365	538	551	373	1827	13	20	14	18	2	2	11	3	4	4	14	2	0	0	0	0	1	1	0	1	0
NZ_UGQW01000002.1	5p	+	7	381	577	526	345	1829	8	21	17	16	2	0	19	1	2	3	6	3	0	0	1	1	1	0	0	0	0
NZ_UGQW01000002.1	5p	+	8	359	578	529	363	1829	7	21	25	26	5	2	12	1	2	3	4	3	0	2	0	0	1	0	0	0	0
NZ_UGQW01000002.1	5p	+	9	394	522	523	388	1827	10	22	17	27	9	1	12	1	2	1	15	3	0	1	0	1	2	1	0	0	0
NZ_UGQW01000002.1	5p	+	10	386	539	501	403	1829	18	12	15	18	9	4	9	2	3	2	8	3	1	0	0	0	0	0	0	1	0
NZ_UGQW01000002.1	5p	+	11	356	598	483	393	1830	8	21	23	18	1	1	12	3	1	2	8	4	0	0	0	0	0	0	0	0	0
NZ_UGQW01000002.1	5p	+	12	361	527	564	378	1830	12	21	17	21	7	1	6	1	6	0	6	4	0	0	0	0	0	0	0	0	0
NZ_UGQW01000002.1	5p	+	13	379	535	520	396	1830	7	16	12	17	3	1	7	2	4	1	11	2	0	0	1	1	0	0	0	0	0
NZ_UGQW01000002.1	5p	+	14	379	577	499	374	1829	11	19	19	24	4	3	10	5	7	2	11	3	1	1	1	0	0	0	1	0	0
NZ_UGQW01000002.1	5p	+	15	373	553	537	367	1830	13	23	27	21	8	3	14	2	1	3	8	6	0	1	0	0	0	0	0	0	0
NZ_UGQW01000002.1	5p	+	16	389	515	520	406	1830	7	14	14	16	6	1	10	2	4	2	12	2	0	0	0	1	0	0	0	0	0
NZ_UGQW01000002.1	5p	+	17	352	580	538	360	1830	9	22	13	10	8	2	11	4	2	3	12	4	0	1	1	0	0	0	0	0	0
NZ_UGQW01000002.1	5p	+	18	382	550	525	372	1829	3	23	19	15	7	4	15	3	0	0	14	1	0	1	1	1	0	0	1	0	0
NZ_UGQW01000002.1	5p	+	19	399	528	498	405	1830	10	15	21	19	5	0	11	3	2	0	6	2	0	0	0	0	0	0	0	0	0
NZ_UGQW01000002.1	5p	+	20	385	531	524	389	1829	15	33	20	20	4	2	12	2	6	0	7	2	0	0	0	0	0	1	0	0	0
NZ_UGQW01000002.1	5p	+	21	364	519	544	402	1829	10	18	14	21	4	4	17	1	4	3	8	5	0	0	2	0	1	0	0	0	0
NZ_UGQW01000002.1	5p	+	22	358	534	513	425	1830	2	14	15	24	3	3	11	2	2	3	5	1	0	0	0	0	0	0	0	0	0
NZ_UGQW01000002.1	5p	+	23	349	566	515	399	1829	10	27	25	27	3	2	9	2	5	1	7	6	0	2	1	1	0	1	0	0	0
NZ_UGQW01000002.1	5p	+	24	397	549	499	384	1829	11	21	21	25	6	2	12	4	5	3	10	1	1	0	0	0	1	0	0	0	0
NZ_UGQW01000002.1	5p	+	25	402	517	503	407	1829	8	22	16	13	3	2	11	2	4	1	7	5	0	0	0	0	0	1	0	0	0
NZ_UGQW01000002.1	5p	+	26	355	566	544	365	1830	15	17	19	24	6	2	12	2	5	0	11	4	0	0	0	0	0	0	0	0	0
NZ_UGQW01000002.1	5p	+	27	362	542	555	371	1830	13	30	21	22	7	5	8	5	5	4	17	3	0	0	1	0	0	0	0	0	0
NZ_UGQW01000002.1	5p	+	28	351	562	533	384	1830	14	23	12	16	5	3	11	2	5	1	7	9	0	0	2	0	0	0	0	0	0
NZ_UGQW01000002.1	5p	+	29	376	560	527	367	1830	18	26	23	20	4	6	13	4	4	3	15	2	0	0	1	0	0	0	0	0	0
NZ_UGQW01000002.1	5p	+	30	365	560	531	373	1829	12	35	19	24	4	4	16	4	5	1	17	5	0	0	0	0	0	1	0	0	0
NZ_UGQW01000002.1	5p	+	31	354	454	425	358	1591	12	24	13	16	4	1	6	4	7	0	8	1	0	0	0	0	0	0	0	0	0
NZ_UGQW01000002.1	5p	+	32	298	473	359	287	1417	13	24	14	12	4	2	9	6	3	1	9	4	0	0	0	0	0	0	0	0	0
NZ_UGQW01000002.1	5p	+	33	254	386	341	269	1250	6	15	9	17	3	2	7	2	4	1	8	2	0	0	0	1	1	0	0	0	0
NZ_UGQW01000002.1	5p	+	34	248	327	295	237	1107	13	22	11	15	0	0	2	2	0	1	6	2	0	0	0	0	0	0	0	0	0
NZ_UGQW01000002.1	5p	+	35	194	319	255	208	976	3	24	13	5	3	0	10	1	4	2	4	2	0	0	0	0	0	0	0	0	0
NZ_UGQW01000002.1	5p	+	36	177	261	222	197	857	4	17	7	5	2	0	6	1	6	1	4	2	0	0	0	0	0	0	0	0	0
NZ_UGQW01000002.1	5p	+	37	163	211	203	188	765	4	12	6	9	5	2	5	0	3	1	4	1	0	0	1	0	0	0	0	0	0
NZ_UGQW01000002.1	5p	+	38	146	208	192	145	691	7	20	4	9	2	0	2	2	1	0	4	0	0	0	1	0	0	0	0	0	0
NZ_UGQW01000002.1	5p	+	39	146	162	181	118	607	2	17	0	8	1	0	2	0	2	1	4	1	0	0	0	1	0	0	0	0	0
NZ_UGQW01000002.1	5p	+	40	138	160	123	129	550	2	9	6	6	1	1	2	2	2	1	1	1	0	0	0	0	0	0	0	0	0
NZ_UGQW01000002.1	5p	+	41	115	145	134	110	504	2	7	4	9	0	0	2	2	1	0	1	0	0	0	0	0	0	0	0	1	0
NZ_UGQW01000002.1	5p	+	42	95	150	119	92	456	6	16	0	3	2	0	3	2	0	2	3	2	0	0	0	0	0	1	1	0	0
NZ_UGQW01000002.1	5p	+	43	85	120	104	93	402	1	8	9	5	2	1	4	2	0	0	2	0	0	0	0	0	0	0	0	0	0
NZ_UGQW01000002.1	5p	+	44	74	99	93	86	352	5	7	3	4	1	0	1	1	0	0	2	0	0	0	0	0	0	0	0	0	0
NZ_UGQW01000002.1	5p	+	45	59	89	80	69	297	2	5	1	3	1	1	0	0	1	2	3	1	0	0	0	0	0	0	0	0	0
NZ_UGQW01000002.1	5p	+	46	61	71	80	47	259	2	4	3	1	0	0	2	2	0	0	1	0	0	0	0	0	0	0	0	0	0
NZ_UGQW01000002.1	5p	+	47	49	75	66	39	229	2	4	1	2	0	0	0	2	0	0	1	0	0	0	0	0	0	0	0	0	0
NZ_UGQW01000002.1	5p	+	48	41	55	53	51	200	0	1	0	3	1	0	1	0	0	1	0	0	0	0	0	0	0	0	0	0	0
NZ_UGQW01000002.1	5p	+	49	39	54	45	36	174	2	3	2	2	1	1	1	0	0	0	0	0	0	0	0	0	0	0	0	0	0
NZ_UGQW01000002.1	5p	+	50	33	45	35	41	154	0	2	1	1	0	0	0	0	0	1	0	0	0	0	0	0	0	0	0	0	0
NZ_UGQW01000002.1	5p	+	51	29	41	38	26	134	1	3	0	1	0	0	1	0	0	0	1	0	0	0	0	0	0	0	0	0	0
NZ_UGQW01000002.1	5p	+	52	18	38	34	29	119	1	5	1	2	0	1	0	0	0	0	0	0	0	0	0	0	0	0	0	0	0
NZ_UGQW01000002.1	5p	+	53	21	37	23	22	103	0	2	1	1	0	0	1	0	1	0	0	1	0	0	0	0	0	0	0	0	0
NZ_UGQW01000002.1	5p	+	54	14	33	16	25	88	0	5	1	3	0	0	0	0	0	0	0	0	0	0	0	0	0	0	0	0	0
NZ_UGQW01000002.1	5p	+	55	15	22	22	25	84	0	1	0	2	0	0	0	0	0	0	0	0	0	0	0	0	0	0	0	0	0
NZ_UGQW01000002.1	5p	+	56	18	21	17	18	74	0	2	1	1	1	0	0	0	0	0	0	0	0	0	0	0	0	0	0	0	0
NZ_UGQW01000002.1	5p	+	57	13	17	21	13	64	0	2	1	1	0	0	0	1	0	0	0	0	0	0	0	0	0	0	0	0	0
NZ_UGQW01000002.1	5p	+	58	11	16	17	9	53	0	1	0	1	0	0	0	0	0	0	0	0	0	0	0	0	0	0	0	0	0
NZ_UGQW01000002.1	5p	+	59	8	16	13	13	50	0	1	0	1	0	0	0	0	0	0	0	0	0	0	0	0	0	0	0	0	0
NZ_UGQW01000002.1	5p	+	60	18	10	9	8	45	0	1	0	0	0	0	0	0	0	0	0	0	0	0	0	0	0	0	0	0	0
NZ_UGQW01000002.1	5p	+	61	10	13	11	9	43	0	1	0	0	0	0	1	0	0	0	0	0	0	0	0	0	0	0	0	0	0
NZ_UGQW01000002.1	5p	+	62	11	12	9	6	38	0	0	1	0	0	0	0	0	0	0	0	0	0	0	0	0	0	0	0	0	0
NZ_UGQW01000002.1	5p	+	63	11	7	9	9	36	0	0	0	0	0	0	0	0	0	0	0	0	0	0	0	0	0	0	0	0	0
NZ_UGQW01000002.1	5p	+	64	11	12	6	7	36	0	0	1	0	0	0	0	0	0	0	0	0	0	0	0	0	0	0	0	0	0
NZ_UGQW01000002.1	5p	+	65	14	8	5	7	34	0	1	1	0	0	0	0	0	0	0	0	0	0	0	0	0	0	0	0	0	0
NZ_UGQW01000002.1	5p	+	66	8	10	8	7	33	1	1	1	0	0	0	0	0	0	0	0	0	0	0	0	0	0	0	0	0	0
NZ_UGQW01000002.1	5p	+	67	4	12	6	7	29	0	1	1	0	0	0	1	0	0	0	0	0	0	0	0	0	0	0	0	0	0
NZ_UGQW01000002.1	5p	+	68	4	10	6	4	24	1	0	1	0	0	0	0	0	0	0	0	0	0	0	0	0	0	0	0	0	0
NZ_UGQW01000002.1	5p	+	69	5	6	2	8	21	0	0	0	0	0	0	0	0	0	0	0	0	0	0	0	0	0	0	0	0	0
NZ_UGQW01000002.1	5p	+	70	3	10	2	5	20	0	0	0	1	0	0	0	0	0	1	0	0	0	0	0	0	0	0	0	0	0
NZ_UGQW01000002.1	5p	-	1	378	561	350	563	1852	18	94	8	19	15	6	9	2	1	0	10	12	0	0	0	0	0	0	0	0	0
NZ_UGQW01000002.1	5p	-	2	409	533	493	417	1852	14	43	19	23	5	3	15	1	8	4	16	1	0	0	0	0	0	0	0	0	0
NZ_UGQW01000002.1	5p	-	3	387	487	603	375	1852	14	24	24	19	5	0	10	1	7	4	19	5	0	0	1	0	0	0	0	0	0
NZ_UGQW01000002.1	5p	-	4	427	506	521	398	1852	17	23	21	13	1	1	13	1	2	5	12	2	0	0	0	0	0	0	0	0	0
NZ_UGQW01000002.1	5p	-	5	354	585	506	406	1851	9	31	21	23	3	0	14	4	4	1	12	2	1	0	1	0	0	0	0	1	0
NZ_UGQW01000002.1	5p	-	6	343	506	585	414	1848	11	21	29	15	9	1	8	3	7	1	13	5	0	0	1	0	0	1	1	2	0
NZ_UGQW01000002.1	5p	-	7	359	508	561	423	1851	8	12	18	18	3	3	8	1	4	2	11	3	0	1	0	0	0	0	0	1	0
NZ_UGQW01000002.1	5p	-	8	353	543	573	383	1852	8	21	16	17	7	1	12	3	5	1	11	3	0	0	0	1	0	0	0	0	0
NZ_UGQW01000002.1	5p	-	9	396	524	560	372	1852	11	16	25	29	4	0	10	5	3	3	11	3	0	0	1	0	0	0	0	0	0
NZ_UGQW01000002.1	5p	-	10	387	529	513	423	1852	7	18	18	15	5	4	12	2	0	2	14	2	0	0	0	1	0	0	0	0	0
NZ_UGQW01000002.1	5p	-	11	357	560	552	383	1852	6	19	21	26	7	3	13	1	2	2	12	2	0	1	0	2	0	0	0	0	0
NZ_UGQW01000002.1	5p	-	12	340	513	597	402	1852	17	12	29	25	5	1	15	3	8	2	10	2	0	0	1	0	0	0	0	0	0
NZ_UGQW01000002.1	5p	-	13	385	516	533	418	1852	8	14	15	18	6	2	9	0	6	1	11	4	0	0	0	0	0	0	0	0	0
NZ_UGQW01000002.1	5p	-	14	339	574	548	390	1851	13	20	36	17	4	1	12	2	6	1	22	6	0	0	0	1	1	0	0	0	0
NZ_UGQW01000002.1	5p	-	15	363	536	530	422	1851	16	15	22	30	3	1	8	2	6	1	6	5	0	0	0	0	0	0	1	0	0
NZ_UGQW01000002.1	5p	-	16	364	539	523	424	1850	12	15	14	13	6	1	4	2	3	7	8	3	0	0	0	2	1	1	0	0	0
NZ_UGQW01000002.1	5p	-	17	314	566	568	404	1852	8	17	24	19	3	3	12	2	5	0	11	3	0	1	0	0	0	0	0	0	0
NZ_UGQW01000002.1	5p	-	18	347	531	591	383	1852	13	19	14	25	5	3	12	1	1	2	11	5	0	0	1	1	0	0	0	0	0
NZ_UGQW01000002.1	5p	-	19	388	506	504	454	1852	16	18	11	19	6	2	6	4	5	0	13	3	0	0	0	1	0	0	0	0	0
NZ_UGQW01000002.1	5p	-	20	306	562	560	424	1852	12	17	15	28	4	1	9	4	9	0	10	5	0	0	0	0	0	0	0	0	0
NZ_UGQW01000002.1	5p	-	21	370	540	543	398	1851	6	20	22	24	4	3	3	2	4	1	10	6	0	0	0	0	1	0	0	0	0
NZ_UGQW01000002.1	5p	-	22	354	519	548	431	1852	9	15	11	21	1	1	7	5	3	0	13	1	1	0	0	0	0	0	0	0	0
NZ_UGQW01000002.1	5p	-	23	368	545	540	397	1850	15	26	25	21	4	4	9	4	2	0	12	6	0	0	1	0	0	1	1	0	0
NZ_UGQW01000002.1	5p	-	24	390	509	548	405	1852	14	13	22	21	7	1	12	2	6	2	15	3	0	1	0	0	0	0	0	0	0
NZ_UGQW01000002.1	5p	-	25	375	518	511	448	1852	11	25	17	18	3	3	11	4	1	1	10	1	1	0	0	0	0	0	0	0	0
NZ_UGQW01000002.1	5p	-	26	378	548	525	400	1851	10	19	16	20	7	1	9	4	2	2	14	7	0	0	0	0	0	0	1	0	0
NZ_UGQW01000002.1	5p	-	27	396	488	551	417	1852	14	12	27	14	2	3	8	5	6	4	8	6	0	0	0	2	0	0	0	0	0
NZ_UGQW01000002.1	5p	-	28	356	529	546	421	1852	8	28	12	15	3	1	10	2	4	2	10	6	1	0	0	0	0	0	0	0	0
NZ_UGQW01000002.1	5p	-	29	376	587	488	401	1852	15	16	26	16	5	2	6	3	6	2	9	2	1	0	0	2	0	0	0	0	0
NZ_UGQW01000002.1	5p	-	30	354	535	533	429	1851	14	25	15	16	3	2	11	4	4	3	12	5	0	0	0	0	1	0	0	0	0
NZ_UGQW01000002.1	5p	-	31	332	455	449	368	1604	9	21	10	13	6	1	6	2	1	0	13	3	0	0	0	1	0	0	0	0	0
NZ_UGQW01000002.1	5p	-	32	299	421	370	296	1386	10	29	11	13	4	1	7	0	8	2	11	5	1	0	0	0	0	0	0	0	0
NZ_UGQW01000002.1	5p	-	33	244	338	351	262	1195	10	17	12	9	5	0	2	2	1	1	6	5	0	0	0	0	0	0	0	0	0
NZ_UGQW01000002.1	5p	-	34	225	296	270	248	1039	6	10	6	8	2	1	4	2	3	0	9	1	0	0	0	0	0	0	0	0	0
NZ_UGQW01000002.1	5p	-	35	176	278	242	212	908	6	14	12	9	3	2	4	3	3	0	7	0	0	0	1	0	0	0	0	0	0
NZ_UGQW01000002.1	5p	-	36	145	230	248	171	794	5	13	3	4	4	0	4	1	1	2	8	3	0	0	0	0	0	0	0	0	0
NZ_UGQW01000002.1	5p	-	37	149	203	209	154	715	3	8	8	4	1	3	3	1	1	0	8	1	0	0	0	1	0	0	0	0	0
NZ_UGQW01000002.1	5p	-	38	122	200	179	142	643	5	11	6	5	2	1	5	3	3	1	6	2	0	0	0	0	0	0	0	0	0
NZ_UGQW01000002.1	5p	-	39	117	144	175	132	568	6	6	10	7	0	0	3	3	3	1	3	2	0	0	0	0	0	0	0	0	0
NZ_UGQW01000002.1	5p	-	40	110	136	163	120	529	2	9	7	6	3	0	1	1	1	2	5	0	0	0	0	0	0	0	0	0	0
NZ_UGQW01000002.1	5p	-	41	94	157	128	104	483	4	9	3	3	3	0	1	1	2	0	5	0	0	0	0	0	0	0	0	0	0
NZ_UGQW01000002.1	5p	-	42	87	137	123	94	441	3	6	2	7	1	2	2	1	1	2	2	1	0	0	0	0	0	0	0	0	0
NZ_UGQW01000002.1	5p	-	43	71	128	96	82	377	1	10	1	4	2	0	2	1	1	1	1	0	0	0	0	0	0	0	0	0	0
NZ_UGQW01000002.1	5p	-	44	61	92	97	67	317	4	5	4	2	1	1	0	1	1	0	6	0	0	0	0	0	0	0	0	0	0
NZ_UGQW01000002.1	5p	-	45	60	71	79	54	264	5	4	6	3	0	2	1	1	0	0	1	0	0	0	0	0	0	0	0	0	0
NZ_UGQW01000002.1	5p	-	46	52	73	60	51	236	2	9	2	0	1	0	0	0	0	0	1	0	0	0	0	0	0	0	0	0	0
NZ_UGQW01000002.1	5p	-	47	43	67	47	40	197	2	3	1	0	0	1	0	0	0	1	2	1	0	0	0	0	0	0	0	0	0
NZ_UGQW01000002.1	5p	-	48	36	33	55	43	167	2	1	1	4	1	0	0	0	1	0	1	0	0	0	0	0	0	0	0	1	0
NZ_UGQW01000002.1	5p	-	49	33	51	32	32	148	0	5	1	1	0	0	0	0	1	0	0	0	0	0	0	0	0	0	1	0	0
NZ_UGQW01000002.1	5p	-	50	26	42	33	31	132	1	2	0	2	1	0	1	0	0	0	0	0	0	0	0	0	0	0	0	0	0
NZ_UGQW01000002.1	5p	-	51	38	32	36	13	119	1	0	1	0	1	0	0	0	0	0	0	1	0	0	0	0	0	0	0	0	0
NZ_UGQW01000002.1	5p	-	52	21	30	29	26	106	0	1	1	0	0	0	0	0	0	0	1	0	0	0	0	0	0	0	0	0	0
NZ_UGQW01000002.1	5p	-	53	20	34	20	19	93	0	1	0	1	0	0	1	1	0	0	0	0	0	0	0	0	0	0	0	0	0
NZ_UGQW01000002.1	5p	-	54	19	19	32	12	82	1	4	3	0	0	0	0	0	0	0	1	0	1	0	0	0	0	0	0	0	0
NZ_UGQW01000002.1	5p	-	55	12	23	19	19	73	0	0	0	1	0	0	0	0	0	0	0	0	0	0	0	0	0	0	0	0	0
NZ_UGQW01000002.1	5p	-	56	11	25	19	15	70	0	1	0	1	0	0	0	0	0	0	0	1	0	0	0	0	0	0	0	0	0
NZ_UGQW01000002.1	5p	-	57	14	19	22	11	66	2	2	0	0	0	0	0	0	0	0	0	0	0	0	0	0	0	0	0	0	0
NZ_UGQW01000002.1	5p	-	58	12	11	20	21	64	0	1	0	1	0	0	0	0	1	0	0	0	0	0	0	0	0	0	0	0	0
NZ_UGQW01000002.1	5p	-	59	10	19	18	10	57	0	2	0	0	1	0	0	0	0	0	0	1	0	0	0	0	1	0	0	0	0
NZ_UGQW01000002.1	5p	-	60	10	15	15	11	51	1	0	1	1	0	0	0	0	0	0	0	0	1	0	0	0	0	0	0	0	0
NZ_UGQW01000002.1	5p	-	61	7	18	8	15	48	1	2	0	0	1	0	0	0	0	0	0	0	0	0	0	0	0	0	0	0	0
NZ_UGQW01000002.1	5p	-	62	8	14	14	10	46	0	1	0	0	0	0	0	0	0	0	0	0	0	0	0	0	0	0	0	0	0
NZ_UGQW01000002.1	5p	-	63	7	11	17	7	42	1	2	1	0	0	0	0	0	1	0	0	1	0	0	0	0	0	0	0	0	0
NZ_UGQW01000002.1	5p	-	64	13	13	6	6	38	0	0	0	0	1	0	0	0	0	0	0	0	0	0	0	0	0	0	0	0	0
NZ_UGQW01000002.1	5p	-	65	5	7	12	9	33	0	0	1	0	0	0	0	0	0	0	0	0	0	0	0	0	0	0	0	0	0
NZ_UGQW01000002.1	5p	-	66	4	10	7	6	27	0	1	0	0	0	0	0	0	0	0	0	0	0	0	0	0	0	0	0	0	0
NZ_UGQW01000002.1	5p	-	67	7	6	6	7	26	0	0	0	0	0	0	0	0	0	0	0	0	0	0	0	0	0	0	0	0	0
NZ_UGQW01000002.1	5p	-	68	4	6	12	2	24	1	0	1	0	0	0	0	0	0	0	0	0	0	0	0	0	0	0	0	0	0
NZ_UGQW01000002.1	5p	-	69	5	4	3	11	23	0	0	0	0	0	0	0	0	0	0	0	0	0	0	0	0	0	0	0	0	0
NZ_UGQW01000002.1	5p	-	70	2	3	6	11	22	0	0	0	0	0	0	0	0	0	0	0	0	0	0	0	0	0	0	0	0	0
