# table produced by mapDamage version 2.2.3
# using mapped file /mnt/archgen/microbiome_calculus/library_ds_vs_ss/04-analysis/normalize_kraken/mapping/flexilinea_sp001717545/mapDamage2_ssLibs/input/FUM002.A0102.SG1.5_5M.mapped_f_sp001717545_q25l30_rmdup.bam and /mnt/archgen/microbiome_calculus/library_ds_vs_ss/04-analysis/normalize_kraken/mapping/flexilinea_sp001717545/input/GCA_001717545.1_ASM171754v1_genomic.fna as reference file
# Chr: reference from sam/bam header, End: from which termini of DNA sequences, Std: strand of reads
Chr	End	Std	Pos	A	C	G	T	Total	G>A	C>T	A>G	T>C	A>C	A>T	C>G	C>A	T>G	T>A	G>C	G>T	A>-	T>-	C>-	G>-	->A	->T	->C	->G	S
CP017039.1	3p	+	1	1646	3461	1664	2027	8798	59	716	37	48	16	19	19	18	8	8	37	34	0	0	0	0	0	0	0	0	0
CP017039.1	3p	+	2	2523	2483	2097	1695	8798	76	274	42	51	12	7	20	15	11	14	16	23	0	0	0	0	0	0	0	0	0
CP017039.1	3p	+	3	2121	2291	2405	1981	8798	83	209	73	47	9	14	28	20	9	9	26	23	0	0	0	0	0	0	0	0	0
CP017039.1	3p	+	4	2170	2501	2085	2041	8797	78	185	49	51	13	12	23	16	5	14	22	25	0	0	0	0	1	0	0	0	0
CP017039.1	3p	+	5	2215	2160	2169	2249	8793	58	145	30	40	6	8	16	21	8	9	27	22	0	0	0	0	3	1	0	1	0
CP017039.1	3p	+	6	2121	2357	2186	2131	8795	61	137	51	62	13	9	23	23	7	9	15	21	0	0	1	1	3	0	0	0	0
CP017039.1	3p	+	7	2087	2424	2113	2168	8792	63	125	54	48	9	7	14	22	15	5	28	18	0	1	1	1	3	1	2	0	0
CP017039.1	3p	+	8	2217	2226	2156	2196	8795	61	129	38	55	4	6	19	16	9	4	16	16	0	0	2	1	1	1	0	1	0
CP017039.1	3p	+	9	2028	2379	2268	2121	8796	86	122	55	49	4	10	18	15	9	7	20	21	2	0	1	3	0	1	1	0	0
CP017039.1	3p	+	10	2043	2451	2098	2202	8794	64	126	40	44	15	13	21	19	7	6	27	16	0	0	1	1	1	3	0	0	0
CP017039.1	3p	+	11	2232	2313	2149	2101	8795	46	101	50	38	9	11	18	15	8	6	23	15	2	0	1	4	1	1	0	1	0
CP017039.1	3p	+	12	2128	2336	2315	2018	8797	60	121	51	43	12	7	21	20	10	11	40	21	0	3	5	1	1	0	0	0	0
CP017039.1	3p	+	13	1986	2526	2154	2131	8797	60	114	44	56	11	9	24	14	14	10	20	15	1	1	0	5	1	0	0	0	0
CP017039.1	3p	+	14	2082	2282	2220	2211	8795	49	85	45	35	10	7	31	10	5	12	17	20	0	3	2	3	3	0	0	0	0
CP017039.1	3p	+	15	2053	2427	2258	2058	8796	68	119	51	62	19	6	15	20	13	7	29	19	2	0	1	2	0	1	0	1	0
CP017039.1	3p	+	16	2031	2445	2234	2085	8795	74	118	31	49	12	7	25	20	18	15	17	12	1	1	1	0	1	0	1	1	0
CP017039.1	3p	+	17	2115	2330	2179	2172	8796	54	110	41	27	9	7	16	18	9	2	21	20	0	2	1	1	0	1	0	1	0
CP017039.1	3p	+	18	2052	2489	2322	1934	8797	62	126	53	46	12	8	20	16	3	9	13	16	1	1	0	0	0	1	0	0	0
CP017039.1	3p	+	19	1980	2432	2230	2153	8795	54	99	34	27	11	12	18	27	4	6	19	16	1	1	0	0	1	1	1	0	0
CP017039.1	3p	+	20	2133	2217	2244	2199	8793	57	101	40	48	9	7	17	7	11	5	23	19	0	0	1	1	3	0	2	0	0
CP017039.1	3p	+	21	2064	2415	2267	2050	8796	57	113	50	44	7	15	29	25	20	8	23	24	0	1	1	2	2	0	0	0	0
CP017039.1	3p	+	22	1968	2492	2174	2163	8797	69	113	42	50	9	8	23	18	5	9	25	23	1	0	1	2	0	1	0	0	0
CP017039.1	3p	+	23	2181	2252	2199	2165	8797	47	104	48	34	5	7	14	22	12	5	13	18	1	1	1	1	0	0	1	0	0
CP017039.1	3p	+	24	2060	2364	2361	2012	8797	53	113	45	47	11	6	25	20	10	5	23	17	0	0	0	0	0	1	0	0	0
CP017039.1	3p	+	25	2051	2496	2143	2108	8798	53	121	49	36	9	15	22	18	11	12	26	23	0	0	1	1	0	0	0	0	0
CP017039.1	3p	+	26	2023	2380	2232	2163	8798	55	127	25	40	4	13	18	11	15	7	25	21	0	2	1	0	0	0	0	0	0
CP017039.1	3p	+	27	2080	2452	2291	1974	8797	67	128	57	51	9	8	29	19	12	7	38	14	0	2	2	1	0	1	0	0	0
CP017039.1	3p	+	28	2055	2480	2185	2076	8796	73	156	44	63	11	6	21	17	9	4	30	25	1	0	4	0	1	0	0	1	0
CP017039.1	3p	+	29	2131	2326	2162	2173	8792	62	133	45	51	18	7	17	11	8	7	29	15	0	0	1	0	3	1	0	2	0
CP017039.1	3p	+	30	2112	2393	2280	2009	8794	73	190	44	58	11	13	20	17	8	8	21	31	0	0	0	0	1	1	2	0	0
CP017039.1	3p	+	31	1910	2228	1944	2110	8192	79	154	43	44	4	8	21	19	11	11	20	23	0	0	0	0	2	0	0	0	0
CP017039.1	3p	+	32	1832	2011	1849	1897	7589	45	160	31	44	8	4	12	17	7	4	14	21	1	1	1	0	0	0	1	0	0
CP017039.1	3p	+	33	1696	1838	1798	1661	6993	56	139	33	30	12	18	16	14	3	3	16	14	1	0	1	0	0	0	0	0	0
CP017039.1	3p	+	34	1564	1766	1574	1613	6517	44	123	36	27	4	12	15	7	11	7	8	16	1	0	0	0	0	0	0	0	0
CP017039.1	3p	+	35	1489	1565	1431	1572	6057	47	118	25	17	8	6	5	6	9	9	3	11	0	0	0	1	0	0	0	0	0
CP017039.1	3p	+	36	1322	1574	1402	1337	5635	49	147	31	26	7	9	6	6	6	1	11	11	0	0	1	0	0	0	0	1	0
CP017039.1	3p	+	37	1221	1495	1231	1279	5226	27	98	30	30	4	3	9	8	8	2	9	13	0	1	0	0	0	0	0	0	0
CP017039.1	3p	+	38	1228	1303	1144	1257	4932	32	93	17	18	3	2	11	6	1	3	9	10	1	2	0	2	0	0	0	0	0
CP017039.1	3p	+	39	1116	1243	1165	1096	4620	42	83	21	16	9	5	11	8	5	5	10	5	0	0	0	0	0	0	0	0	0
CP017039.1	3p	+	40	1009	1191	1037	1122	4359	31	94	13	19	6	3	3	5	3	4	7	5	0	1	0	3	0	0	0	0	0
CP017039.1	3p	+	41	1050	1078	934	1035	4097	18	87	18	4	1	3	3	8	1	4	6	6	0	0	0	0	0	0	0	0	0
CP017039.1	3p	+	42	918	998	985	944	3845	33	88	14	17	5	4	7	11	3	2	5	14	0	0	1	2	0	0	0	0	0
CP017039.1	3p	+	43	862	986	838	873	3559	21	98	17	15	3	5	4	3	2	2	4	6	0	0	1	0	0	0	1	0	0
CP017039.1	3p	+	44	782	882	715	880	3259	16	83	4	19	1	1	2	3	7	4	1	3	0	0	0	0	0	0	0	0	0
CP017039.1	3p	+	45	747	800	718	735	3000	20	72	10	14	3	2	1	2	1	1	4	5	0	0	0	0	0	0	0	0	0
CP017039.1	3p	+	46	683	732	635	701	2751	11	63	13	16	0	2	3	4	0	2	7	3	0	0	0	0	0	1	0	0	0
CP017039.1	3p	+	47	677	652	554	673	2556	16	50	9	6	0	3	1	7	2	2	7	4	1	0	1	0	0	0	0	0	0
CP017039.1	3p	+	48	557	592	577	612	2338	20	67	5	10	2	4	4	3	0	1	5	5	0	0	0	0	0	0	0	0	0
CP017039.1	3p	+	49	530	577	509	538	2154	11	55	13	7	2	2	3	3	2	2	4	8	0	0	0	0	0	0	0	0	0
CP017039.1	3p	+	50	483	554	441	502	1980	4	47	5	6	0	2	0	1	1	2	2	4	0	0	0	1	0	0	0	0	0
CP017039.1	3p	+	51	464	487	431	451	1833	10	33	13	5	1	0	1	2	3	2	3	5	0	0	0	1	0	0	0	0	0
CP017039.1	3p	+	52	428	468	386	429	1711	10	29	6	1	2	0	1	3	2	0	1	3	0	0	0	0	0	0	0	0	0
CP017039.1	3p	+	53	410	388	381	411	1590	6	26	5	4	0	0	1	1	1	1	3	4	0	0	0	0	0	0	0	0	0
CP017039.1	3p	+	54	379	370	343	384	1476	4	28	15	8	0	0	2	3	1	0	1	1	0	0	0	1	0	0	0	0	0
CP017039.1	3p	+	55	332	388	291	360	1371	11	35	8	4	0	1	0	0	1	0	0	2	0	0	0	0	0	0	0	0	0
CP017039.1	3p	+	56	323	330	260	374	1287	4	31	4	1	0	1	1	1	0	1	3	1	0	0	0	0	0	0	0	0	0
CP017039.1	3p	+	57	333	294	239	317	1183	5	22	4	6	1	1	0	0	3	0	2	0	0	1	0	0	0	0	0	0	0
CP017039.1	3p	+	58	275	292	250	291	1108	7	21	6	4	0	1	1	0	1	0	1	2	2	0	0	0	0	0	0	0	0
CP017039.1	3p	+	59	250	277	223	274	1024	4	19	4	5	0	1	0	0	0	0	0	1	0	0	0	0	0	0	0	0	0
CP017039.1	3p	+	60	233	244	224	256	957	5	17	1	7	0	0	1	1	4	0	2	2	1	0	0	0	0	0	0	0	0
CP017039.1	3p	+	61	222	260	189	227	898	2	25	3	6	0	0	0	2	0	1	1	0	0	0	0	1	0	0	0	0	0
CP017039.1	3p	+	62	207	205	194	237	843	3	14	1	5	0	0	0	0	0	1	1	1	0	0	0	0	0	0	0	0	0
CP017039.1	3p	+	63	200	203	186	195	784	11	26	4	3	0	0	2	2	0	0	0	2	0	0	1	0	0	0	0	0	0
CP017039.1	3p	+	64	185	215	176	172	748	5	20	3	4	0	1	1	1	0	1	0	1	0	0	0	0	0	0	0	0	0
CP017039.1	3p	+	65	164	183	157	191	695	3	22	3	3	0	0	1	2	0	0	1	1	0	0	0	0	0	0	0	0	0
CP017039.1	3p	+	66	143	171	164	158	636	4	15	3	2	0	1	0	0	0	0	2	0	0	0	0	0	0	0	0	0	0
CP017039.1	3p	+	67	133	161	124	161	579	2	16	3	4	0	0	0	1	0	0	3	1	0	0	0	0	0	0	0	0	0
CP017039.1	3p	+	68	133	147	123	141	544	2	17	3	0	1	0	1	0	0	0	0	0	0	0	0	0	0	0	0	0	0
CP017039.1	3p	+	69	139	122	113	123	497	3	14	1	3	0	0	1	1	0	0	0	1	0	0	0	0	0	0	0	0	0
CP017039.1	3p	+	70	114	125	104	120	463	2	13	1	3	1	1	0	0	1	0	1	0	0	0	0	0	1	0	0	0	0
CP017039.1	3p	-	1	1629	3439	1837	2048	8953	63	745	45	40	14	16	27	21	8	13	28	31	0	0	0	0	0	0	0	0	0
CP017039.1	3p	-	2	2601	2425	2228	1699	8953	78	257	56	42	13	7	18	17	14	12	28	17	0	0	0	0	0	0	0	0	0
CP017039.1	3p	-	3	2208	2109	2657	1978	8952	89	215	64	53	17	4	25	24	16	9	35	26	0	0	0	0	0	0	1	0	0
CP017039.1	3p	-	4	2199	2447	2239	2065	8950	75	170	55	59	14	16	21	22	5	9	20	36	0	0	0	0	0	1	2	0	0
CP017039.1	3p	-	5	2338	2138	2340	2131	8947	74	125	45	38	6	7	16	16	7	13	29	17	0	1	0	1	3	0	1	2	0
CP017039.1	3p	-	6	2206	2357	2426	1962	8951	69	149	45	49	13	9	20	23	18	13	25	20	0	1	1	1	0	1	0	1	0
CP017039.1	3p	-	7	2159	2320	2264	2208	8951	77	118	54	48	7	9	16	17	9	5	34	19	1	0	0	1	0	1	1	0	0
CP017039.1	3p	-	8	2328	2178	2189	2257	8952	61	105	46	43	9	7	17	15	10	6	23	22	0	0	2	1	1	0	0	0	0
CP017039.1	3p	-	9	2128	2265	2500	2058	8951	102	112	41	47	9	6	22	19	8	14	28	19	0	1	1	2	0	2	0	0	0
CP017039.1	3p	-	10	2020	2420	2291	2220	8951	64	117	42	50	9	12	26	16	9	12	24	27	1	0	1	5	0	2	0	0	0
CP017039.1	3p	-	11	2196	2288	2170	2296	8950	53	98	45	47	6	11	12	19	9	8	14	22	0	0	2	4	1	1	1	0	0
CP017039.1	3p	-	12	2203	2260	2454	2036	8953	74	100	49	46	11	15	14	14	7	12	25	21	0	0	0	5	0	0	0	0	0
CP017039.1	3p	-	13	2024	2410	2352	2166	8952	58	108	51	53	12	20	20	19	9	9	24	17	0	2	0	1	0	1	0	0	0
CP017039.1	3p	-	14	2177	2240	2279	2254	8950	62	102	36	55	4	7	20	17	4	12	23	25	1	1	0	2	1	2	0	0	0
CP017039.1	3p	-	15	2056	2359	2463	2072	8950	73	128	59	40	19	14	31	13	11	7	32	20	0	0	0	2	0	0	1	2	0
CP017039.1	3p	-	16	2058	2399	2305	2188	8950	72	127	53	49	9	11	21	17	12	12	25	25	1	0	1	2	0	1	1	1	0
CP017039.1	3p	-	17	2240	2219	2312	2181	8952	54	85	49	53	13	9	18	9	11	7	13	16	0	2	0	3	0	0	1	0	0
CP017039.1	3p	-	18	2062	2280	2523	2086	8951	90	111	59	51	14	7	26	18	13	8	25	26	1	1	0	1	0	1	1	0	0
CP017039.1	3p	-	19	1969	2453	2363	2165	8950	71	102	36	52	10	11	14	24	14	10	30	14	1	1	0	1	0	2	1	0	0
CP017039.1	3p	-	20	2163	2258	2398	2133	8952	48	111	42	41	9	10	19	14	8	8	26	16	1	0	1	1	1	0	0	0	0
CP017039.1	3p	-	21	2138	2326	2498	1986	8948	74	137	59	46	10	12	22	17	12	7	17	19	0	0	1	0	0	1	0	4	0
CP017039.1	3p	-	22	2016	2526	2282	2124	8948	70	107	42	65	9	8	28	13	9	11	13	20	1	0	2	2	1	1	2	1	0
CP017039.1	3p	-	23	2205	2207	2292	2248	8952	50	111	42	57	12	3	14	5	10	10	17	15	1	1	0	1	0	1	0	0	0
CP017039.1	3p	-	24	2162	2363	2446	1978	8949	83	125	58	49	12	8	15	15	15	9	30	15	0	0	0	4	0	1	2	1	0
CP017039.1	3p	-	25	2082	2385	2362	2123	8952	63	126	44	54	7	10	16	19	13	10	31	21	1	2	0	2	1	0	0	0	0
CP017039.1	3p	-	26	2154	2251	2393	2149	8947	52	86	36	33	8	7	22	14	8	8	17	17	1	0	0	3	0	3	1	2	0
CP017039.1	3p	-	27	2032	2411	2514	1992	8949	88	136	43	54	14	8	31	18	16	6	26	24	0	2	1	4	1	0	1	2	0
CP017039.1	3p	-	28	2078	2392	2331	2148	8949	77	131	58	54	7	5	17	24	12	10	25	29	2	1	0	1	2	0	0	2	0
CP017039.1	3p	-	29	2248	2234	2299	2171	8952	66	118	31	39	13	10	16	18	11	4	18	16	1	2	0	1	0	0	0	1	0
CP017039.1	3p	-	30	2192	2387	2305	2068	8952	77	167	55	52	12	10	30	20	11	10	39	31	1	0	1	2	0	1	0	0	0
CP017039.1	3p	-	31	1952	2194	2061	2061	8268	61	146	43	37	12	5	21	17	17	11	20	20	0	0	1	1	0	0	0	1	0
CP017039.1	3p	-	32	1883	1874	1898	1944	7599	40	140	33	31	9	9	8	13	3	6	19	15	1	2	0	2	0	2	0	1	0
CP017039.1	3p	-	33	1688	1832	1821	1690	7031	51	143	37	42	11	14	13	11	4	7	20	16	1	1	0	2	0	2	0	1	0
CP017039.1	3p	-	34	1566	1733	1573	1638	6510	36	127	34	38	3	9	7	11	5	8	14	10	0	0	0	0	1	1	0	0	0
CP017039.1	3p	-	35	1572	1525	1481	1474	6052	42	108	39	31	5	8	10	8	1	2	12	13	0	0	0	0	0	0	0	0	0
CP017039.1	3p	-	36	1389	1442	1485	1256	5572	51	112	21	22	8	5	7	6	4	2	20	11	0	0	2	0	0	1	0	0	0
CP017039.1	3p	-	37	1240	1348	1324	1283	5195	25	109	29	27	2	3	7	7	3	3	6	5	0	0	0	1	0	1	0	0	0
CP017039.1	3p	-	38	1279	1176	1165	1250	4870	21	91	15	19	5	8	4	7	3	4	11	7	1	0	0	1	2	0	0	0	0
CP017039.1	3p	-	39	1118	1151	1157	1101	4527	29	92	22	22	5	8	4	6	4	5	9	2	0	2	1	1	0	0	0	0	0
CP017039.1	3p	-	40	998	1152	1022	1083	4255	37	95	15	18	4	9	5	8	4	3	8	9	0	0	0	0	0	0	0	0	0
CP017039.1	3p	-	41	1037	1004	970	999	4010	24	81	12	19	5	4	6	5	4	3	6	9	0	0	1	0	0	0	0	1	0
CP017039.1	3p	-	42	901	976	1006	890	3773	19	82	21	18	4	2	5	9	6	6	16	11	0	0	1	0	0	0	0	0	0
CP017039.1	3p	-	43	768	948	837	902	3455	21	65	11	18	2	2	4	4	3	1	3	6	0	0	0	1	0	0	0	0	0
CP017039.1	3p	-	44	780	786	748	831	3145	19	62	16	18	5	2	3	3	2	3	7	8	0	0	0	2	0	0	0	0	0
CP017039.1	3p	-	45	720	790	700	681	2891	22	69	15	9	1	3	0	7	3	3	5	5	2	0	0	1	0	0	0	1	0
CP017039.1	3p	-	46	633	702	651	678	2664	10	58	9	17	2	4	1	6	0	2	1	7	0	0	1	0	0	0	0	1	0
CP017039.1	3p	-	47	628	569	595	658	2450	12	41	8	5	0	1	4	4	2	2	1	9	0	0	0	0	0	0	0	0	0
CP017039.1	3p	-	48	556	592	551	546	2245	11	50	13	7	1	4	2	5	1	3	6	10	0	0	0	0	0	0	0	0	0
CP017039.1	3p	-	49	529	525	501	538	2093	13	40	8	4	1	1	5	3	4	5	1	5	1	1	0	0	0	0	0	0	0
CP017039.1	3p	-	50	488	471	457	503	1919	11	46	8	4	3	2	3	1	0	4	1	5	0	1	0	0	0	0	0	0	0
CP017039.1	3p	-	51	422	479	416	449	1766	16	41	8	5	1	3	4	4	0	2	0	2	0	1	0	0	1	2	0	0	0
CP017039.1	3p	-	52	401	425	390	414	1630	7	41	8	6	3	1	1	3	0	1	3	3	0	0	0	1	0	0	0	0	0
CP017039.1	3p	-	53	382	400	344	375	1501	9	35	5	5	0	0	2	1	0	0	2	0	0	0	0	1	0	0	0	0	0
CP017039.1	3p	-	54	341	362	353	334	1390	5	33	7	5	1	1	0	3	1	1	1	1	0	0	0	0	0	0	0	0	0
CP017039.1	3p	-	55	295	341	314	353	1303	5	23	7	6	0	2	0	2	0	1	1	3	1	0	0	0	0	0	0	0	0
CP017039.1	3p	-	56	299	302	284	324	1209	9	31	3	5	1	0	1	1	0	0	2	1	0	0	1	1	0	0	0	0	0
CP017039.1	3p	-	57	267	319	267	275	1128	4	31	3	3	2	1	0	0	2	0	2	1	0	1	0	0	0	0	0	0	0
CP017039.1	3p	-	58	239	246	269	290	1044	7	18	8	2	0	1	0	1	0	0	1	2	1	0	0	0	1	0	0	0	0
CP017039.1	3p	-	59	255	220	241	265	981	4	16	3	4	0	1	1	0	0	0	0	0	0	0	0	0	0	0	0	0	0
CP017039.1	3p	-	60	221	259	244	194	918	11	12	2	6	0	1	0	2	0	0	0	1	0	0	0	0	0	0	0	0	0
CP017039.1	3p	-	61	201	223	202	232	858	5	11	2	4	0	1	0	1	0	0	0	1	0	2	0	0	0	0	0	0	0
CP017039.1	3p	-	62	211	198	182	199	790	1	15	3	3	0	0	0	0	0	1	1	0	0	0	0	0	0	0	0	0	0
CP017039.1	3p	-	63	202	189	184	168	743	4	15	2	2	0	2	0	1	0	0	0	0	0	0	1	0	0	1	0	0	0
CP017039.1	3p	-	64	170	195	175	155	695	8	19	0	1	1	0	0	1	1	1	0	0	0	0	0	0	0	0	0	0	0
CP017039.1	3p	-	65	164	160	160	159	643	6	15	3	2	0	0	1	0	0	0	0	0	0	0	0	0	0	0	0	0	0
CP017039.1	3p	-	66	148	142	150	165	605	1	10	4	4	1	0	1	1	0	1	1	0	0	0	0	0	0	0	0	0	0
CP017039.1	3p	-	67	126	143	148	141	558	4	13	5	2	0	0	0	3	0	1	1	2	0	0	0	0	0	0	0	0	0
CP017039.1	3p	-	68	129	152	118	132	531	2	7	0	1	0	0	0	1	0	0	0	1	0	0	0	0	0	0	0	0	0
CP017039.1	3p	-	69	101	130	131	129	491	3	6	2	3	0	0	1	1	0	0	0	0	0	0	0	0	0	0	0	0	0
CP017039.1	3p	-	70	122	109	113	116	460	4	7	0	2	0	0	0	0	0	0	0	0	0	0	0	0	0	0	0	0	0
CP017039.1	5p	+	1	1942	2263	1348	3245	8798	64	615	26	51	11	20	15	16	8	12	19	37	0	0	0	0	0	0	0	0	2
CP017039.1	5p	+	2	2333	2637	1668	2158	8796	76	365	50	48	17	17	9	26	11	14	20	24	0	0	0	0	1	0	0	1	0
CP017039.1	5p	+	3	2267	2301	2372	1858	8798	88	199	47	41	13	10	30	18	7	6	23	22	0	0	0	1	0	0	0	0	0
CP017039.1	5p	+	4	2309	2256	2173	2058	8796	74	168	46	41	9	8	15	19	6	3	13	17	0	0	0	1	1	0	1	0	0
CP017039.1	5p	+	5	2051	2565	2226	1954	8796	71	183	61	57	12	5	25	19	16	8	29	24	1	0	2	0	0	1	0	1	0
CP017039.1	5p	+	6	1992	2392	2371	2043	8798	72	145	44	43	8	11	28	19	15	5	30	18	1	1	2	0	0	0	0	0	0
CP017039.1	5p	+	7	2021	2377	2275	2124	8797	61	120	38	45	9	6	11	13	13	3	30	13	0	1	1	0	1	0	0	0	0
CP017039.1	5p	+	8	1987	2454	2374	1980	8795	65	119	47	45	10	10	32	14	8	12	33	26	0	0	0	1	0	1	2	0	0
CP017039.1	5p	+	9	2166	2320	2188	2123	8797	75	126	52	46	9	10	22	18	8	3	23	19	0	0	0	1	1	0	0	0	0
CP017039.1	5p	+	10	2126	2298	2190	2182	8796	63	110	42	40	6	3	14	10	8	10	13	18	1	1	0	2	1	0	0	1	0
CP017039.1	5p	+	11	1987	2545	2192	2073	8797	54	104	48	54	9	5	26	16	10	9	29	17	0	0	0	1	0	1	0	0	0
CP017039.1	5p	+	12	2072	2383	2316	2026	8797	57	119	45	43	7	11	19	20	14	4	24	31	0	3	0	0	0	1	0	0	0
CP017039.1	5p	+	13	2095	2320	2234	2148	8797	51	103	46	44	5	13	15	15	6	8	20	21	0	1	1	0	1	0	0	0	0
CP017039.1	5p	+	14	2004	2502	2249	2043	8798	77	110	40	50	10	9	22	26	3	11	17	18	1	0	1	1	0	0	0	0	0
CP017039.1	5p	+	15	2093	2362	2280	2062	8797	66	116	51	41	11	14	26	13	9	3	26	15	1	0	1	1	1	0	0	0	0
CP017039.1	5p	+	16	2161	2300	2216	2118	8795	52	105	38	37	11	11	23	15	6	5	15	18	0	0	2	1	1	1	0	1	0
CP017039.1	5p	+	17	2023	2447	2260	2066	8796	67	122	53	45	7	8	30	22	17	6	26	23	1	0	1	0	0	1	1	0	0
CP017039.1	5p	+	18	2121	2331	2323	2021	8796	68	111	43	44	15	8	20	18	17	7	20	17	1	1	0	1	0	0	1	1	0
CP017039.1	5p	+	19	2170	2423	2085	2118	8796	55	111	47	47	13	13	15	16	11	8	17	15	0	3	0	0	2	0	0	0	0
CP017039.1	5p	+	20	1955	2459	2280	2102	8796	70	121	43	50	9	10	23	23	12	10	26	21	0	2	1	2	0	1	1	0	0
CP017039.1	5p	+	21	2090	2382	2285	2039	8796	58	94	44	53	10	7	33	20	4	6	24	18	1	0	2	3	1	0	0	1	0
CP017039.1	5p	+	22	2123	2240	2212	2222	8797	66	92	30	39	10	5	14	15	5	5	12	18	0	1	1	2	0	0	1	0	0
CP017039.1	5p	+	23	1990	2391	2313	2103	8797	74	129	48	49	9	6	26	16	10	11	25	15	0	0	1	0	1	0	0	0	0
CP017039.1	5p	+	24	2102	2361	2277	2058	8798	69	117	51	52	10	8	21	13	9	5	25	25	1	1	3	2	0	0	0	0	0
CP017039.1	5p	+	25	2177	2300	2044	2276	8797	45	99	31	55	7	6	14	15	14	7	17	15	2	0	2	4	0	0	0	1	0
CP017039.1	5p	+	26	1955	2429	2308	2104	8796	72	133	50	36	10	8	19	17	11	13	21	20	0	0	1	4	2	0	0	0	0
CP017039.1	5p	+	27	2073	2378	2257	2088	8796	67	131	46	40	15	18	22	17	12	4	33	19	1	0	1	1	1	1	0	0	0
CP017039.1	5p	+	28	2116	2322	2142	2214	8794	66	133	41	40	4	5	14	17	8	7	11	14	1	1	0	2	3	1	0	0	0
CP017039.1	5p	+	29	2098	2480	2212	2007	8797	68	143	58	49	8	7	26	16	11	13	30	27	0	1	1	0	0	0	0	1	0
CP017039.1	5p	+	30	2159	2345	2239	2052	8795	78	172	49	43	6	12	18	16	10	13	17	18	0	0	1	1	2	0	1	0	0
CP017039.1	5p	+	31	1983	2261	1935	2012	8191	51	184	32	38	11	11	18	18	9	10	24	21	0	0	2	0	2	1	0	0	0
CP017039.1	5p	+	32	1776	2197	1800	1817	7590	45	173	38	56	10	3	14	15	13	13	20	17	1	0	1	1	0	0	0	0	0
CP017039.1	5p	+	33	1685	1885	1785	1638	6993	48	138	47	31	9	4	11	13	8	3	23	17	2	1	1	0	0	0	0	0	0
CP017039.1	5p	+	34	1593	1751	1523	1650	6517	35	121	24	23	5	7	5	11	5	4	14	8	0	0	2	1	0	0	0	0	0
CP017039.1	5p	+	35	1403	1765	1413	1475	6056	38	132	34	23	11	6	8	11	7	4	15	10	0	0	2	0	0	1	0	0	0
CP017039.1	5p	+	36	1392	1530	1411	1301	5634	39	115	23	23	3	6	9	12	7	2	12	12	1	0	0	0	1	1	0	0	0
CP017039.1	5p	+	37	1270	1413	1187	1353	5223	37	108	25	28	2	7	7	8	4	5	10	10	1	1	0	0	1	1	1	0	0
CP017039.1	5p	+	38	1179	1388	1175	1190	4932	30	125	31	24	6	6	5	2	6	4	12	9	0	1	1	2	0	0	0	0	0
CP017039.1	5p	+	39	1161	1242	1088	1128	4619	27	89	17	27	4	5	11	9	2	4	11	11	0	0	1	1	0	0	0	1	0
CP017039.1	5p	+	40	1104	1181	982	1092	4359	22	83	10	17	2	5	7	10	1	4	8	3	0	2	1	1	0	0	0	0	0
CP017039.1	5p	+	41	975	1163	1014	945	4097	22	103	17	23	5	4	7	5	2	2	9	11	0	0	0	1	0	0	0	0	0
CP017039.1	5p	+	42	955	1034	922	933	3844	27	84	20	14	3	5	6	6	3	1	8	9	0	1	0	0	1	0	0	0	0
CP017039.1	5p	+	43	862	1018	767	911	3558	15	74	17	12	5	4	5	5	3	4	3	10	1	0	0	0	1	0	0	1	0
CP017039.1	5p	+	44	749	894	796	818	3257	19	68	18	25	2	0	5	5	1	0	3	9	0	0	0	0	1	1	0	0	0
CP017039.1	5p	+	45	746	836	685	731	2998	14	74	13	11	3	3	4	8	2	2	6	10	0	0	0	0	1	0	1	0	0
CP017039.1	5p	+	46	698	745	614	694	2751	14	59	14	6	0	0	0	3	0	1	2	5	0	1	0	0	1	0	0	0	0
CP017039.1	5p	+	47	608	730	590	626	2554	22	70	8	13	3	4	1	6	1	2	7	4	0	0	0	1	1	1	0	0	0
CP017039.1	5p	+	48	579	611	541	606	2337	12	56	10	14	3	3	5	2	2	4	4	4	1	0	1	0	0	0	1	0	0
CP017039.1	5p	+	49	544	587	466	557	2154	10	58	6	7	1	1	3	1	0	1	2	6	1	0	0	0	0	0	0	0	0
CP017039.1	5p	+	50	462	572	493	453	1980	13	55	7	5	1	1	2	5	2	3	1	6	0	0	0	1	0	0	0	0	0
CP017039.1	5p	+	51	466	460	457	449	1832	11	35	5	6	3	0	1	1	2	0	2	3	0	0	0	0	1	0	0	0	0
CP017039.1	5p	+	52	422	483	364	441	1710	7	39	9	4	3	3	3	0	1	1	2	2	0	0	1	0	0	1	0	0	0
CP017039.1	5p	+	53	379	487	359	365	1590	6	33	7	3	0	3	2	6	0	1	2	4	0	0	0	0	0	0	0	0	0
CP017039.1	5p	+	54	378	374	365	358	1475	5	38	5	7	4	0	1	1	0	0	1	0	1	0	0	0	0	1	0	0	0
CP017039.1	5p	+	55	315	395	301	358	1369	5	31	1	2	0	0	1	3	0	1	1	1	0	0	0	0	1	0	1	0	0
CP017039.1	5p	+	56	297	368	301	320	1286	3	36	7	11	0	2	0	1	2	2	2	6	0	0	0	0	0	1	0	0	0
CP017039.1	5p	+	57	295	303	285	300	1183	5	23	4	0	2	1	0	3	1	0	3	2	0	0	0	0	0	0	0	0	0
CP017039.1	5p	+	58	270	302	243	292	1107	4	28	3	0	1	1	0	3	1	0	0	2	0	0	0	1	1	0	0	0	0
CP017039.1	5p	+	59	230	311	244	239	1024	5	31	3	6	1	0	0	1	0	2	2	0	0	0	0	0	0	0	0	0	0
CP017039.1	5p	+	60	250	236	230	241	957	5	20	4	3	1	1	0	0	1	0	2	3	0	0	0	0	0	0	0	0	0
CP017039.1	5p	+	61	212	243	205	238	898	3	10	3	2	0	1	0	0	0	1	1	0	0	0	0	0	0	0	0	0	0
CP017039.1	5p	+	62	213	214	207	209	843	2	11	2	3	3	2	0	0	1	1	1	1	0	0	0	0	0	0	0	0	0
CP017039.1	5p	+	63	191	195	176	222	784	3	18	5	2	0	0	2	0	1	2	0	0	0	0	0	0	0	0	0	0	0
CP017039.1	5p	+	64	177	205	173	193	748	3	15	3	5	0	2	1	0	0	1	2	1	0	0	0	0	0	0	0	0	0
CP017039.1	5p	+	65	164	192	161	178	695	5	20	3	4	1	0	1	0	0	1	1	3	0	1	0	0	0	0	0	0	0
CP017039.1	5p	+	66	157	172	129	178	636	0	19	1	1	1	1	0	1	1	2	0	1	0	0	0	0	0	0	0	0	0
CP017039.1	5p	+	67	146	159	114	160	579	1	20	1	3	0	1	0	0	2	0	1	1	0	0	0	0	0	0	0	0	0
CP017039.1	5p	+	68	119	143	144	138	544	4	12	1	2	0	0	0	1	1	0	0	0	0	0	0	0	0	0	0	0	0
CP017039.1	5p	+	69	126	152	102	117	497	1	13	1	4	0	1	0	1	2	0	0	0	0	0	0	0	0	0	0	0	0
CP017039.1	5p	+	70	103	137	106	118	464	2	12	1	0	0	1	0	0	0	0	0	0	0	0	0	0	0	0	0	0	0
CP017039.1	5p	-	1	1989	2273	1476	3215	8953	60	582	42	36	9	27	13	25	8	8	15	44	0	0	0	0	0	0	0	0	1
CP017039.1	5p	-	2	2424	2543	1779	2207	8953	89	347	42	68	12	10	16	26	10	17	27	20	0	0	1	1	0	0	0	0	0
CP017039.1	5p	-	3	2265	2222	2568	1898	8953	87	151	58	54	10	7	24	16	7	13	27	21	0	1	1	2	0	0	0	0	0
CP017039.1	5p	-	4	2453	2231	2230	2039	8953	64	162	30	50	9	12	10	14	10	14	16	13	0	0	1	0	0	0	0	0	0
CP017039.1	5p	-	5	2051	2539	2373	1986	8949	90	161	53	50	13	12	22	17	12	9	23	16	1	4	1	2	0	2	0	2	0
CP017039.1	5p	-	6	2059	2283	2513	2095	8950	68	139	61	45	12	9	18	26	10	5	20	16	0	0	0	1	0	2	0	1	0
CP017039.1	5p	-	7	2132	2323	2306	2189	8950	49	132	37	47	7	9	18	15	7	7	19	12	1	0	2	1	1	1	0	1	0
CP017039.1	5p	-	8	2049	2381	2539	1982	8951	72	105	51	44	10	11	16	14	12	6	32	21	0	0	1	1	0	1	1	0	0
CP017039.1	5p	-	9	2227	2311	2351	2059	8948	65	101	54	40	11	11	28	21	11	8	21	19	0	2	0	0	2	2	0	1	0
CP017039.1	5p	-	10	2145	2246	2304	2253	8948	72	118	43	39	7	6	13	18	7	5	23	15	1	0	1	1	0	0	2	3	0
CP017039.1	5p	-	11	1956	2563	2325	2104	8948	70	120	37	51	4	9	27	19	11	6	31	29	0	0	0	4	1	2	1	1	0
CP017039.1	5p	-	12	2158	2304	2475	2014	8951	61	96	53	51	12	7	18	12	11	10	35	22	2	0	2	1	0	1	0	1	0
CP017039.1	5p	-	13	2150	2309	2248	2241	8948	51	95	40	42	6	6	17	15	10	8	23	16	0	0	1	1	1	3	0	1	0
CP017039.1	5p	-	14	2065	2388	2470	2028	8951	75	115	55	44	6	6	23	10	9	10	32	22	3	0	0	0	0	0	2	0	0
CP017039.1	5p	-	15	2217	2230	2463	2038	8948	79	97	48	48	9	8	18	22	18	12	15	21	1	1	1	0	0	4	0	1	0
CP017039.1	5p	-	16	2149	2335	2216	2251	8951	50	103	32	46	12	9	15	17	17	11	28	21	0	1	1	2	1	0	1	0	0
CP017039.1	5p	-	17	2029	2441	2359	2123	8952	74	122	59	49	14	11	19	17	12	8	31	22	1	0	0	3	0	0	0	1	0
CP017039.1	5p	-	18	2114	2351	2415	2069	8949	84	135	47	47	12	19	34	12	10	15	26	25	2	0	0	1	0	1	0	3	0
CP017039.1	5p	-	19	2183	2257	2202	2309	8951	46	98	38	48	13	12	15	15	5	11	28	14	0	0	0	1	0	2	0	0	0
CP017039.1	5p	-	20	2042	2381	2367	2161	8951	55	110	52	57	10	18	20	22	12	8	21	20	0	0	1	1	0	1	0	0	0
CP017039.1	5p	-	21	2166	2224	2471	2090	8951	72	103	60	51	21	6	22	17	6	12	19	16	0	1	0	4	0	0	1	1	0
CP017039.1	5p	-	22	2162	2255	2252	2282	8951	66	90	47	39	10	6	18	11	4	10	23	21	0	1	1	3	1	1	0	0	0
CP017039.1	5p	-	23	2003	2440	2407	2100	8950	74	111	49	52	7	7	15	17	13	18	30	21	2	0	0	3	0	1	1	1	0
CP017039.1	5p	-	24	2206	2326	2373	2047	8952	63	124	62	45	7	6	25	19	11	7	17	21	0	1	1	1	0	1	0	0	0
CP017039.1	5p	-	25	2163	2237	2329	2224	8953	66	116	42	57	8	5	19	12	9	12	21	15	1	2	1	1	0	0	0	0	0
CP017039.1	5p	-	26	2099	2387	2374	2090	8950	70	158	57	50	14	17	20	16	9	12	24	28	2	0	0	2	2	1	0	0	0
CP017039.1	5p	-	27	2186	2265	2428	2072	8951	76	120	41	41	8	6	19	16	7	5	29	31	1	4	0	3	0	0	1	1	0
CP017039.1	5p	-	28	2209	2273	2324	2142	8948	65	131	41	39	10	9	15	19	11	7	22	16	0	1	0	1	3	1	1	0	0
CP017039.1	5p	-	29	2083	2464	2388	2018	8953	72	164	58	52	9	9	25	24	10	9	31	22	1	1	0	0	0	0	0	0	0
CP017039.1	5p	-	30	2212	2326	2414	1999	8951	84	198	44	57	9	10	19	17	12	6	29	23	0	1	1	3	0	0	1	1	0
CP017039.1	5p	-	31	2059	2173	1992	2044	8268	45	143	44	39	10	7	14	12	10	11	18	17	1	1	0	3	1	0	0	0	0
CP017039.1	5p	-	32	1728	2113	2003	1757	7601	67	169	49	49	10	11	23	17	4	7	21	15	0	0	0	2	0	1	0	0	0
CP017039.1	5p	-	33	1759	1844	1808	1620	7031	60	141	48	35	7	8	18	13	4	6	17	14	0	1	0	0	1	1	1	0	0
CP017039.1	5p	-	34	1578	1730	1600	1603	6511	35	111	33	20	10	7	4	9	10	1	14	16	0	0	0	1	1	0	0	0	0
CP017039.1	5p	-	35	1357	1687	1591	1415	6050	51	125	23	33	5	7	16	8	4	7	21	20	0	1	0	1	0	1	1	0	0
CP017039.1	5p	-	36	1420	1468	1448	1237	5573	40	104	31	26	8	6	12	12	3	7	11	10	0	0	0	2	0	0	0	0	0
CP017039.1	5p	-	37	1286	1369	1277	1263	5195	29	125	16	17	4	7	5	10	6	7	5	15	0	1	0	0	0	0	1	0	0
CP017039.1	5p	-	38	1135	1337	1235	1165	4872	43	103	15	24	10	3	7	12	7	2	9	10	0	2	0	1	0	0	1	0	0
CP017039.1	5p	-	39	1090	1152	1222	1063	4527	30	82	17	19	9	4	3	5	7	5	14	5	1	1	0	3	0	0	0	0	0
CP017039.1	5p	-	40	1071	1089	1040	1055	4255	26	78	21	25	3	1	3	9	3	6	7	9	0	0	1	0	0	0	0	0	0
CP017039.1	5p	-	41	941	1057	1033	979	4010	35	80	19	32	9	3	7	4	6	4	10	9	0	0	0	1	0	0	1	0	0
CP017039.1	5p	-	42	956	959	995	861	3771	12	74	17	13	5	6	8	5	4	4	5	4	0	0	1	0	0	0	0	2	0
CP017039.1	5p	-	43	880	871	846	857	3454	25	78	20	15	3	4	7	5	2	3	4	11	1	0	0	0	1	0	0	0	0
CP017039.1	5p	-	44	686	937	789	733	3145	38	73	8	10	3	0	5	6	4	2	5	11	1	0	0	1	0	0	0	0	0
CP017039.1	5p	-	45	725	760	742	664	2891	22	37	6	8	6	2	1	5	2	2	7	5	0	1	1	1	0	1	0	0	0
CP017039.1	5p	-	46	675	672	651	667	2665	11	44	13	10	2	1	1	2	1	0	5	3	0	0	1	0	0	0	0	0	0
CP017039.1	5p	-	47	629	650	592	579	2450	8	47	11	16	1	4	5	5	3	3	3	5	0	0	0	1	0	0	0	0	0
CP017039.1	5p	-	48	562	614	547	522	2245	11	47	15	6	0	2	5	3	1	1	2	4	0	0	1	0	0	0	0	0	0
CP017039.1	5p	-	49	548	513	489	543	2093	11	45	8	10	1	0	1	3	2	0	3	2	0	0	1	1	0	0	0	0	0
CP017039.1	5p	-	50	474	484	487	473	1918	14	39	7	13	1	3	2	1	2	1	4	4	0	0	0	0	0	0	0	1	0
CP017039.1	5p	-	51	465	463	449	392	1769	11	45	13	9	1	2	0	4	1	1	4	0	0	0	0	1	0	0	0	0	0
CP017039.1	5p	-	52	395	432	404	398	1629	8	37	1	5	1	0	0	3	0	0	0	4	0	0	0	0	1	0	0	0	0
CP017039.1	5p	-	53	318	428	376	379	1501	5	36	7	8	0	0	3	0	1	2	3	2	0	0	0	0	0	0	0	0	0
CP017039.1	5p	-	54	343	357	361	328	1389	12	24	7	3	2	3	2	2	1	2	1	3	0	0	0	1	0	1	0	0	0
CP017039.1	5p	-	55	340	324	316	323	1303	7	31	1	3	0	2	0	3	0	1	0	0	0	0	0	0	0	0	0	0	0
CP017039.1	5p	-	56	283	323	298	305	1209	11	26	3	3	0	1	0	1	1	2	1	1	0	0	0	0	0	0	0	0	0
CP017039.1	5p	-	57	291	280	305	252	1128	5	22	5	2	0	1	3	1	0	0	1	2	0	0	0	0	0	0	0	0	0
CP017039.1	5p	-	58	267	285	236	257	1045	4	29	2	5	0	2	0	0	0	0	0	1	0	0	0	0	0	0	0	0	0
CP017039.1	5p	-	59	231	268	257	225	981	8	23	4	4	1	1	0	0	1	1	2	2	0	0	0	2	0	0	0	0	0
CP017039.1	5p	-	60	232	239	240	207	918	4	14	5	2	1	0	1	0	0	3	1	0	0	0	0	0	0	0	0	0	0
CP017039.1	5p	-	61	215	219	212	211	857	4	20	5	2	1	0	0	0	1	0	0	2	0	0	0	0	0	1	0	0	0
CP017039.1	5p	-	62	201	197	198	193	789	1	17	2	3	0	0	3	1	1	0	1	0	0	0	0	0	0	0	0	1	0
CP017039.1	5p	-	63	212	178	183	171	744	2	15	3	3	0	0	0	0	0	0	2	0	0	0	0	0	0	0	0	0	0
CP017039.1	5p	-	64	180	175	158	182	695	3	16	4	0	0	1	0	0	0	0	1	3	0	0	0	0	0	0	0	0	0
CP017039.1	5p	-	65	156	179	143	165	643	5	10	2	3	1	0	0	1	1	1	1	2	0	0	0	0	0	0	0	0	0
CP017039.1	5p	-	66	154	157	155	139	605	6	16	1	3	0	0	1	1	1	0	0	0	0	0	0	0	0	0	0	0	0
CP017039.1	5p	-	67	147	143	124	144	558	2	16	0	1	0	1	0	1	0	0	1	1	0	0	0	0	0	0	0	0	0
CP017039.1	5p	-	68	132	123	138	138	531	1	9	2	1	1	0	0	0	0	0	2	3	0	0	0	0	0	0	0	0	0
CP017039.1	5p	-	69	111	132	132	116	491	2	16	2	2	0	2	1	0	1	0	1	0	0	0	0	0	0	0	0	0	0
CP017039.1	5p	-	70	128	105	111	116	460	1	10	1	0	0	1	0	0	0	0	1	1	0	0	0	0	0	0	0	0	0
