# table produced by mapDamage version 2.2.3
# using mapped file /mnt/archgen/microbiome_calculus/library_ds_vs_ss/04-analysis/normalize_kraken/mapping/neisseria_elongata/mapDamage2_ssLibs/input/GOY006.A0102.SG1.5_5M.mapped_n_elongata_q25l30_rmdup.bam and /mnt/archgen/microbiome_calculus/library_ds_vs_ss/04-analysis/normalize_kraken/mapping/neisseria_elongata/input/GCF_900453895.1_42925_E01_genomic.fna as reference file
# Chr: reference from sam/bam header, End: from which termini of DNA sequences, Std: strand of reads
Chr	End	Std	Pos	A	C	G	T	Total	G>A	C>T	A>G	T>C	A>C	A>T	C>G	C>A	T>G	T>A	G>C	G>T	A>-	T>-	C>-	G>-	->A	->T	->C	->G	S
NZ_UGQW01000001.1	3p	+	1	140	174	107	128	549	4	26	5	2	0	0	0	1	2	0	0	1	0	0	0	0	0	0	0	0	0
NZ_UGQW01000001.1	3p	+	2	164	149	141	95	549	1	20	2	2	1	0	0	1	1	0	3	2	0	0	0	0	0	0	0	0	0
NZ_UGQW01000001.1	3p	+	3	141	148	136	124	549	4	20	0	4	2	0	2	0	1	0	0	0	0	0	0	0	0	0	0	0	0
NZ_UGQW01000001.1	3p	+	4	148	154	132	115	549	2	15	6	4	2	1	0	1	0	1	1	0	0	0	0	0	0	0	0	0	0
NZ_UGQW01000001.1	3p	+	5	148	133	150	118	549	8	15	6	4	1	0	0	1	1	0	2	2	0	0	0	0	0	0	0	0	0
NZ_UGQW01000001.1	3p	+	6	117	153	157	122	549	0	8	3	7	0	2	0	0	1	0	2	1	0	0	0	0	0	0	0	0	0
NZ_UGQW01000001.1	3p	+	7	104	156	144	145	549	2	6	2	5	2	0	0	3	0	2	1	4	0	0	0	0	0	0	0	0	0
NZ_UGQW01000001.1	3p	+	8	121	155	149	124	549	3	10	2	4	1	0	1	0	1	0	3	2	0	0	0	0	0	0	0	0	0
NZ_UGQW01000001.1	3p	+	9	107	121	184	136	548	2	10	2	2	0	0	1	1	0	0	0	1	0	0	0	0	0	1	0	0	0
NZ_UGQW01000001.1	3p	+	10	129	143	129	147	548	7	8	4	5	0	0	1	0	2	0	1	1	0	0	1	0	0	0	1	0	0
NZ_UGQW01000001.1	3p	+	11	119	148	153	128	548	5	11	0	4	1	0	1	0	0	0	4	0	0	0	0	0	0	0	0	1	0
NZ_UGQW01000001.1	3p	+	12	111	144	160	133	548	2	8	2	4	1	0	1	0	0	0	0	1	0	0	1	0	0	0	0	1	0
NZ_UGQW01000001.1	3p	+	13	129	144	140	136	549	3	16	3	2	0	0	0	1	1	0	3	2	0	0	0	1	0	0	0	0	0
NZ_UGQW01000001.1	3p	+	14	134	140	153	122	549	3	9	3	4	0	0	1	0	2	0	3	2	0	0	0	0	0	0	0	0	0
NZ_UGQW01000001.1	3p	+	15	132	151	154	112	549	1	4	5	4	2	0	2	2	0	0	2	0	0	0	0	0	0	0	0	0	0
NZ_UGQW01000001.1	3p	+	16	124	153	155	117	549	3	8	4	2	0	0	0	1	0	1	3	1	0	0	0	0	0	0	0	0	0
NZ_UGQW01000001.1	3p	+	17	129	136	166	118	549	6	10	2	0	0	0	0	2	0	0	1	1	0	1	0	0	0	0	0	0	0
NZ_UGQW01000001.1	3p	+	18	118	163	149	119	549	3	6	2	4	0	0	0	0	0	0	2	0	0	1	0	0	0	0	0	0	0
NZ_UGQW01000001.1	3p	+	19	106	162	139	142	549	3	11	2	7	2	0	0	1	1	0	1	1	0	0	0	0	0	0	0	0	0
NZ_UGQW01000001.1	3p	+	20	125	159	135	130	549	1	9	3	1	0	1	2	0	0	0	0	3	0	1	0	0	0	0	0	0	0
NZ_UGQW01000001.1	3p	+	21	129	165	143	112	549	2	12	3	4	1	0	1	0	0	0	1	0	0	0	0	0	0	0	0	0	0
NZ_UGQW01000001.1	3p	+	22	116	145	165	123	549	0	3	1	2	1	0	0	1	0	0	1	1	0	0	1	0	0	0	0	0	0
NZ_UGQW01000001.1	3p	+	23	132	133	162	122	549	3	8	3	3	3	0	0	0	1	0	0	2	0	0	0	0	0	0	0	0	0
NZ_UGQW01000001.1	3p	+	24	129	159	146	114	548	5	10	3	4	0	1	3	1	1	0	2	2	0	0	1	0	0	1	0	0	0
NZ_UGQW01000001.1	3p	+	25	130	171	140	107	548	2	10	3	4	0	1	2	0	1	0	1	0	0	0	0	1	1	0	0	0	0
NZ_UGQW01000001.1	3p	+	26	121	141	168	119	549	1	7	3	3	0	1	0	2	1	0	0	1	0	0	0	0	0	0	0	0	0
NZ_UGQW01000001.1	3p	+	27	122	152	156	118	548	3	6	3	4	1	1	0	0	0	0	0	2	0	0	0	0	0	1	0	0	0
NZ_UGQW01000001.1	3p	+	28	119	159	136	135	549	2	6	1	7	0	0	1	0	1	2	0	1	0	0	0	0	0	0	0	0	0
NZ_UGQW01000001.1	3p	+	29	117	153	143	135	548	3	18	4	4	1	0	1	0	0	0	2	1	0	0	0	0	0	1	0	0	0
NZ_UGQW01000001.1	3p	+	30	128	151	156	114	549	3	17	4	6	0	2	1	0	1	0	1	2	0	0	0	0	0	0	0	0	0
NZ_UGQW01000001.1	3p	+	31	115	142	112	123	492	4	15	6	7	0	0	1	1	0	0	1	0	0	0	0	0	0	0	0	0	0
NZ_UGQW01000001.1	3p	+	32	111	119	113	103	446	2	13	4	4	2	0	0	0	2	0	1	1	0	0	0	0	0	0	0	0	0
NZ_UGQW01000001.1	3p	+	33	89	111	103	99	402	2	12	2	4	0	0	0	1	1	0	2	3	0	0	0	0	0	0	0	0	0
NZ_UGQW01000001.1	3p	+	34	88	100	89	83	360	0	9	3	1	1	1	0	1	0	0	0	1	0	0	0	0	0	0	0	0	0
NZ_UGQW01000001.1	3p	+	35	72	79	84	93	328	2	6	1	1	0	0	0	0	0	0	1	0	0	0	0	0	1	0	0	0	0
NZ_UGQW01000001.1	3p	+	36	74	87	66	69	296	1	8	1	4	0	0	0	0	1	0	1	0	0	0	0	0	0	0	0	0	0
NZ_UGQW01000001.1	3p	+	37	68	90	56	64	278	0	7	1	2	0	0	1	0	0	0	1	0	0	0	0	0	0	0	0	0	0
NZ_UGQW01000001.1	3p	+	38	62	65	65	63	255	2	8	1	3	0	1	0	1	0	0	0	0	0	0	0	0	0	0	0	0	0
NZ_UGQW01000001.1	3p	+	39	47	63	54	63	227	2	8	1	0	0	0	0	0	0	0	0	0	0	0	0	0	0	0	0	0	0
NZ_UGQW01000001.1	3p	+	40	52	66	54	41	213	0	9	0	3	0	0	0	1	0	0	0	0	0	0	0	0	0	0	0	0	0
NZ_UGQW01000001.1	3p	+	41	42	59	46	49	196	1	6	0	0	0	0	1	0	0	0	1	1	0	0	0	0	0	0	0	0	0
NZ_UGQW01000001.1	3p	+	42	37	46	46	53	182	0	2	1	2	0	1	0	0	0	0	0	0	0	0	0	0	0	0	0	0	0
NZ_UGQW01000001.1	3p	+	43	29	46	38	43	156	1	4	0	1	0	0	0	0	0	1	0	1	0	0	0	0	0	0	0	0	0
NZ_UGQW01000001.1	3p	+	44	24	40	37	34	135	1	5	1	1	0	0	0	0	0	0	0	0	0	0	0	0	0	0	0	0	0
NZ_UGQW01000001.1	3p	+	45	31	35	25	28	119	0	3	1	1	1	0	1	1	0	0	0	0	0	0	0	0	0	0	0	0	0
NZ_UGQW01000001.1	3p	+	46	29	24	23	31	107	0	2	0	1	1	0	0	1	0	0	1	1	0	0	0	0	0	0	0	0	0
NZ_UGQW01000001.1	3p	+	47	25	30	21	18	94	0	2	1	0	0	0	1	0	0	0	0	0	0	0	0	0	0	0	0	0	0
NZ_UGQW01000001.1	3p	+	48	17	26	21	20	84	0	2	1	0	0	0	0	0	0	0	0	0	0	0	0	0	0	0	0	0	0
NZ_UGQW01000001.1	3p	+	49	16	27	21	12	76	1	5	0	0	0	0	0	0	0	0	0	0	0	0	0	0	0	0	0	0	0
NZ_UGQW01000001.1	3p	+	50	11	19	20	18	68	1	4	0	1	0	0	0	1	0	0	1	0	0	0	0	0	0	0	0	0	0
NZ_UGQW01000001.1	3p	+	51	19	17	16	15	67	0	0	0	2	0	0	1	0	0	0	0	0	0	0	0	0	0	0	0	0	0
NZ_UGQW01000001.1	3p	+	52	13	26	16	7	62	0	1	0	0	0	0	0	0	0	0	0	0	0	0	0	0	0	0	0	0	0
NZ_UGQW01000001.1	3p	+	53	16	13	13	16	58	0	0	0	1	0	0	0	0	0	0	0	0	0	0	0	0	0	0	0	0	0
NZ_UGQW01000001.1	3p	+	54	20	12	9	13	54	0	1	0	1	2	0	0	0	0	0	0	0	0	0	0	0	0	0	0	0	0
NZ_UGQW01000001.1	3p	+	55	11	20	8	9	48	0	0	0	0	0	0	1	0	0	0	0	0	0	1	0	0	0	0	0	0	0
NZ_UGQW01000001.1	3p	+	56	9	7	17	11	44	0	1	0	0	0	0	0	0	0	0	0	0	0	0	0	1	0	0	0	0	0
NZ_UGQW01000001.1	3p	+	57	11	10	11	9	41	0	0	0	0	0	0	0	0	0	0	0	1	0	0	0	0	0	0	0	0	0
NZ_UGQW01000001.1	3p	+	58	12	13	8	5	38	1	1	0	1	0	0	0	0	0	0	0	0	0	0	0	0	0	0	0	0	0
NZ_UGQW01000001.1	3p	+	59	13	4	11	6	34	1	0	0	0	0	0	0	0	0	0	1	0	0	0	0	0	1	0	0	0	0
NZ_UGQW01000001.1	3p	+	60	5	7	10	9	31	0	1	2	0	0	0	0	0	0	0	0	0	0	0	0	0	0	0	0	0	0
NZ_UGQW01000001.1	3p	+	61	8	8	4	9	29	0	0	0	0	0	0	0	0	0	0	0	0	0	0	0	0	0	0	0	0	0
NZ_UGQW01000001.1	3p	+	62	8	2	8	11	29	0	0	0	1	0	0	0	0	0	0	0	0	0	0	0	0	0	0	0	0	0
NZ_UGQW01000001.1	3p	+	63	9	5	4	7	25	0	1	0	0	0	0	0	0	0	0	0	0	0	0	0	0	0	0	1	0	0
NZ_UGQW01000001.1	3p	+	64	6	10	4	3	23	0	3	0	0	0	0	0	0	0	0	0	0	0	0	0	0	0	0	0	1	0
NZ_UGQW01000001.1	3p	+	65	9	4	4	0	17	0	0	0	0	0	0	0	0	0	0	0	0	0	0	0	0	0	0	0	0	0
NZ_UGQW01000001.1	3p	+	66	2	2	5	4	13	0	0	0	0	0	0	0	0	0	0	0	0	0	0	0	0	0	0	0	0	0
NZ_UGQW01000001.1	3p	+	67	4	2	4	2	12	0	0	0	0	0	0	0	0	0	0	0	0	0	0	0	0	0	0	0	0	0
NZ_UGQW01000001.1	3p	+	68	4	1	3	3	11	0	0	0	0	0	0	0	0	0	0	0	0	0	0	0	0	0	0	0	0	0
NZ_UGQW01000001.1	3p	+	69	3	1	4	2	10	0	0	0	0	0	0	0	0	0	0	0	0	0	0	0	0	0	0	0	0	0
NZ_UGQW01000001.1	3p	+	70	0	4	3	1	8	0	1	0	0	0	0	0	0	0	0	0	0	0	0	0	0	0	0	0	0	0
NZ_UGQW01000001.1	3p	-	1	141	180	96	105	522	4	26	2	6	2	1	0	1	2	0	0	0	0	0	0	0	0	0	0	0	0
NZ_UGQW01000001.1	3p	-	2	155	148	135	84	522	3	23	5	1	1	1	1	0	1	0	3	0	0	0	0	0	0	0	0	0	0
NZ_UGQW01000001.1	3p	-	3	131	166	130	95	522	1	19	11	3	0	1	0	0	0	0	0	1	0	0	0	0	0	0	0	0	0
NZ_UGQW01000001.1	3p	-	4	131	170	107	114	522	3	12	5	2	1	0	2	3	0	2	1	1	0	0	0	0	0	0	0	0	0
NZ_UGQW01000001.1	3p	-	5	145	136	127	114	522	8	12	4	1	0	0	0	1	1	0	0	1	0	0	0	0	0	0	0	0	0
NZ_UGQW01000001.1	3p	-	6	113	144	135	130	522	3	14	6	1	1	1	0	1	0	1	2	0	1	0	0	0	0	0	0	0	0
NZ_UGQW01000001.1	3p	-	7	136	156	116	114	522	2	10	6	1	0	0	1	0	2	0	1	0	0	0	0	0	0	0	0	0	0
NZ_UGQW01000001.1	3p	-	8	131	150	113	128	522	3	11	2	3	1	0	0	0	1	0	2	0	0	0	1	0	0	0	0	0	0
NZ_UGQW01000001.1	3p	-	9	115	147	141	119	522	3	10	3	1	0	1	1	1	1	0	0	3	0	0	0	0	0	0	0	0	0
NZ_UGQW01000001.1	3p	-	10	99	170	132	121	522	2	9	2	4	0	2	0	3	0	2	0	1	0	0	0	0	0	0	0	0	0
NZ_UGQW01000001.1	3p	-	11	112	159	127	124	522	2	5	4	0	1	0	1	1	0	0	0	1	0	0	0	0	0	0	0	0	0
NZ_UGQW01000001.1	3p	-	12	128	146	139	109	522	5	6	6	1	1	0	3	1	0	0	1	2	0	0	0	2	0	0	0	0	0
NZ_UGQW01000001.1	3p	-	13	122	157	137	106	522	4	6	7	2	2	0	0	0	0	0	2	0	0	0	0	0	0	0	0	0	0
NZ_UGQW01000001.1	3p	-	14	115	159	118	130	522	2	12	6	3	1	0	2	1	0	0	1	1	0	0	0	0	0	0	0	0	0
NZ_UGQW01000001.1	3p	-	15	108	139	141	134	522	3	8	3	2	0	0	0	1	0	0	1	0	0	0	0	0	0	0	0	0	0
NZ_UGQW01000001.1	3p	-	16	111	162	137	112	522	7	7	3	3	0	0	2	0	1	0	0	1	0	0	0	0	0	0	0	0	0
NZ_UGQW01000001.1	3p	-	17	121	155	132	114	522	2	6	6	4	0	1	0	0	0	0	1	1	0	0	0	0	0	0	0	0	0
NZ_UGQW01000001.1	3p	-	18	116	148	156	102	522	6	9	4	2	0	0	0	0	2	1	0	2	0	0	0	0	0	0	0	0	0
NZ_UGQW01000001.1	3p	-	19	108	182	122	110	522	3	11	3	1	0	0	0	0	0	0	1	2	0	0	0	0	0	0	0	0	0
NZ_UGQW01000001.1	3p	-	20	112	147	139	124	522	4	9	0	2	0	0	0	0	2	0	0	0	0	0	0	0	0	0	0	0	0
NZ_UGQW01000001.1	3p	-	21	122	150	138	112	522	2	3	5	5	0	0	0	1	1	0	2	1	0	0	0	0	0	0	0	0	0
NZ_UGQW01000001.1	3p	-	22	113	168	120	121	522	5	9	3	4	1	0	0	0	0	0	1	2	0	0	0	0	0	0	0	0	0
NZ_UGQW01000001.1	3p	-	23	125	149	121	127	522	4	8	2	1	0	0	0	0	1	0	2	1	0	0	0	0	0	0	0	0	0
NZ_UGQW01000001.1	3p	-	24	127	149	145	101	522	1	9	9	2	1	0	1	2	0	0	0	0	0	0	0	0	0	0	0	0	0
NZ_UGQW01000001.1	3p	-	25	116	157	137	112	522	2	9	4	0	2	0	1	0	0	0	2	0	0	0	0	1	0	0	0	0	0
NZ_UGQW01000001.1	3p	-	26	126	158	108	130	522	1	6	7	3	0	0	1	0	2	0	0	0	0	0	0	0	0	0	0	0	0
NZ_UGQW01000001.1	3p	-	27	121	151	140	110	522	4	6	6	2	0	1	1	1	0	1	0	0	0	0	0	0	0	0	0	0	0
NZ_UGQW01000001.1	3p	-	28	125	167	130	100	522	3	10	1	2	1	1	3	0	0	0	2	0	0	0	0	0	0	0	0	0	0
NZ_UGQW01000001.1	3p	-	29	128	141	129	124	522	3	10	5	4	0	0	1	0	2	0	1	0	0	0	0	0	0	0	0	0	0
NZ_UGQW01000001.1	3p	-	30	113	166	138	104	521	4	16	6	4	1	0	1	2	0	0	4	0	0	0	0	0	0	0	1	0	0
NZ_UGQW01000001.1	3p	-	31	126	135	126	92	479	4	10	6	2	1	0	0	1	0	0	1	1	0	0	0	0	0	0	0	0	0
NZ_UGQW01000001.1	3p	-	32	110	133	104	89	436	1	19	2	0	0	0	1	1	0	0	1	0	0	0	0	0	0	0	0	0	0
NZ_UGQW01000001.1	3p	-	33	97	107	108	73	385	3	10	3	1	1	0	1	0	0	0	1	1	1	0	0	0	0	0	1	0	0
NZ_UGQW01000001.1	3p	-	34	81	107	79	75	342	5	10	2	1	1	0	1	0	0	0	0	0	0	0	1	0	1	0	0	0	0
NZ_UGQW01000001.1	3p	-	35	83	84	68	74	309	0	7	4	2	2	0	0	0	0	0	1	0	0	0	0	0	0	0	0	0	0
NZ_UGQW01000001.1	3p	-	36	80	74	58	68	280	0	4	2	4	1	0	0	0	0	0	0	3	0	0	0	0	0	0	0	0	0
NZ_UGQW01000001.1	3p	-	37	58	75	65	50	248	2	9	0	0	0	0	0	1	0	0	2	1	0	0	0	0	0	0	0	0	0
NZ_UGQW01000001.1	3p	-	38	54	69	47	49	219	1	6	1	0	0	0	1	0	0	0	1	1	0	0	0	0	0	0	0	0	0
NZ_UGQW01000001.1	3p	-	39	39	60	43	49	191	0	1	1	0	0	0	0	0	0	0	0	1	0	0	0	0	0	0	0	0	0
NZ_UGQW01000001.1	3p	-	40	35	52	47	39	173	0	9	0	3	0	0	0	0	0	0	0	0	0	0	0	0	0	0	0	0	0
NZ_UGQW01000001.1	3p	-	41	49	44	38	32	163	3	3	2	0	0	0	0	0	1	1	0	0	0	0	0	0	0	0	0	0	0
NZ_UGQW01000001.1	3p	-	42	33	46	34	42	155	0	9	0	0	0	0	1	1	0	0	0	0	0	0	0	0	0	0	0	0	0
NZ_UGQW01000001.1	3p	-	43	32	39	31	38	140	1	4	1	1	0	0	0	1	0	0	1	0	0	0	0	0	0	0	0	0	0
NZ_UGQW01000001.1	3p	-	44	34	44	18	31	127	1	8	0	0	0	0	0	1	0	0	0	0	0	0	0	0	0	0	0	0	0
NZ_UGQW01000001.1	3p	-	45	31	37	31	19	118	1	4	0	0	0	0	0	0	0	0	0	0	0	0	0	0	0	0	0	0	0
NZ_UGQW01000001.1	3p	-	46	31	34	21	15	101	0	2	2	0	1	0	0	0	0	0	0	0	0	0	0	0	0	0	0	0	0
NZ_UGQW01000001.1	3p	-	47	26	28	18	17	89	0	4	2	0	0	0	0	0	0	0	0	0	0	0	0	0	0	0	0	0	0
NZ_UGQW01000001.1	3p	-	48	19	23	20	19	81	0	4	0	0	0	0	0	0	0	0	0	0	0	0	0	0	0	0	0	0	0
NZ_UGQW01000001.1	3p	-	49	17	21	18	18	74	1	1	1	2	0	0	0	0	0	0	1	0	0	0	0	0	0	0	0	0	0
NZ_UGQW01000001.1	3p	-	50	16	20	15	15	66	1	2	1	1	0	0	0	0	0	0	1	0	0	0	0	0	0	0	0	0	0
NZ_UGQW01000001.1	3p	-	51	17	15	14	15	61	1	2	0	0	1	0	0	0	0	0	0	0	0	0	0	0	0	0	0	0	0
NZ_UGQW01000001.1	3p	-	52	11	19	9	14	53	0	2	0	0	0	0	0	0	0	0	1	0	0	0	0	0	0	0	0	0	0
NZ_UGQW01000001.1	3p	-	53	10	15	11	14	50	1	2	1	0	0	0	0	0	0	0	0	0	0	0	0	0	0	0	0	0	0
NZ_UGQW01000001.1	3p	-	54	11	9	7	13	40	0	2	0	0	0	0	0	0	0	0	1	0	0	0	0	0	0	0	0	0	0
NZ_UGQW01000001.1	3p	-	55	8	5	10	11	34	0	0	0	0	0	0	0	0	0	0	0	0	0	0	0	0	0	0	0	0	0
NZ_UGQW01000001.1	3p	-	56	8	10	5	7	30	0	2	0	0	0	0	0	0	0	0	0	0	0	0	0	0	0	0	0	0	0
NZ_UGQW01000001.1	3p	-	57	10	7	8	1	26	0	1	0	0	0	0	0	0	0	0	0	0	0	0	0	0	0	0	0	0	0
NZ_UGQW01000001.1	3p	-	58	6	8	4	5	23	0	0	0	0	0	0	0	0	0	0	0	0	0	0	0	0	0	0	0	0	0
NZ_UGQW01000001.1	3p	-	59	9	6	2	4	21	0	0	1	0	0	0	0	0	0	0	0	0	0	0	0	0	0	0	0	0	0
NZ_UGQW01000001.1	3p	-	60	5	7	5	3	20	0	0	0	0	0	0	0	1	0	0	0	0	0	0	0	0	0	0	0	0	0
NZ_UGQW01000001.1	3p	-	61	2	8	5	4	19	1	2	0	0	0	0	0	0	0	0	0	0	0	0	0	0	0	0	0	0	0
NZ_UGQW01000001.1	3p	-	62	6	4	1	5	16	0	1	0	0	0	0	0	0	0	0	0	0	0	0	0	0	0	0	0	0	0
NZ_UGQW01000001.1	3p	-	63	5	4	4	1	14	0	0	0	0	0	0	0	0	0	0	0	0	0	0	0	0	0	0	0	0	0
NZ_UGQW01000001.1	3p	-	64	4	2	5	3	14	1	0	0	0	0	0	0	0	0	0	0	0	0	0	0	0	0	0	0	0	0
NZ_UGQW01000001.1	3p	-	65	3	2	5	3	13	0	0	0	0	0	0	1	0	0	0	0	0	0	0	0	0	0	0	0	0	0
NZ_UGQW01000001.1	3p	-	66	2	6	1	4	13	0	1	0	0	0	0	0	0	0	0	0	0	0	0	0	0	0	0	0	0	0
NZ_UGQW01000001.1	3p	-	67	3	1	1	6	11	0	0	0	0	0	0	0	0	0	0	0	0	0	0	0	0	0	0	0	0	0
NZ_UGQW01000001.1	3p	-	68	2	3	2	4	11	0	0	0	0	0	0	0	0	0	0	0	0	0	0	0	0	0	0	0	0	0
NZ_UGQW01000001.1	3p	-	69	4	2	3	1	10	0	0	0	0	0	0	0	0	0	0	0	0	0	0	0	0	0	0	0	0	0
NZ_UGQW01000001.1	3p	-	70	1	5	3	1	10	0	0	0	0	0	0	1	0	0	0	0	0	0	0	0	0	0	0	0	0	0
NZ_UGQW01000001.1	5p	+	1	138	171	83	157	549	2	46	3	5	1	0	0	0	0	0	1	0	0	0	0	0	0	0	0	0	0
NZ_UGQW01000001.1	5p	+	2	145	158	118	128	549	2	22	2	10	0	3	1	1	0	0	3	2	0	0	0	0	0	0	0	0	0
NZ_UGQW01000001.1	5p	+	3	132	131	164	122	549	3	13	2	4	0	0	0	2	4	0	2	1	0	0	0	0	0	0	0	0	0
NZ_UGQW01000001.1	5p	+	4	147	155	126	121	549	5	16	1	3	0	0	2	1	1	1	0	1	0	0	0	0	0	0	0	0	0
NZ_UGQW01000001.1	5p	+	5	129	158	141	120	548	2	15	7	5	0	2	2	0	1	0	0	2	0	0	0	0	0	1	0	0	0
NZ_UGQW01000001.1	5p	+	6	121	150	157	119	547	4	19	2	3	1	0	2	0	0	0	2	3	0	0	0	0	0	1	0	1	0
NZ_UGQW01000001.1	5p	+	7	139	139	141	129	548	6	13	3	4	0	2	1	0	0	1	1	1	0	0	0	0	0	0	1	0	0
NZ_UGQW01000001.1	5p	+	8	118	165	147	118	548	2	9	2	4	0	0	1	0	0	0	1	2	0	0	0	0	1	0	0	0	0
NZ_UGQW01000001.1	5p	+	9	128	139	165	117	549	0	13	1	5	1	0	0	0	0	0	0	1	0	0	1	1	0	0	0	0	0
NZ_UGQW01000001.1	5p	+	10	119	146	146	138	549	2	9	4	2	1	0	3	1	0	0	1	1	0	0	0	0	0	0	0	0	0
NZ_UGQW01000001.1	5p	+	11	109	169	138	132	548	0	7	1	2	2	0	0	1	0	0	1	0	0	0	0	0	1	0	0	0	0
NZ_UGQW01000001.1	5p	+	12	108	150	180	111	549	2	10	2	5	0	1	2	0	1	0	2	2	0	0	0	0	0	0	0	0	0
NZ_UGQW01000001.1	5p	+	13	135	149	121	143	548	1	7	3	2	0	0	0	1	0	0	0	2	0	0	0	0	1	0	0	0	0
NZ_UGQW01000001.1	5p	+	14	114	140	158	136	548	5	7	3	4	1	0	1	1	1	0	2	0	0	1	0	1	0	1	0	0	0
NZ_UGQW01000001.1	5p	+	15	102	143	165	139	549	2	4	5	3	1	0	0	1	0	0	0	1	0	1	0	0	0	0	0	0	0
NZ_UGQW01000001.1	5p	+	16	139	152	139	119	549	5	5	6	3	0	1	0	2	0	0	1	1	0	0	1	0	0	0	0	0	0
NZ_UGQW01000001.1	5p	+	17	132	162	135	120	549	2	11	6	4	2	0	0	3	0	1	3	2	0	0	0	0	0	0	0	0	0
NZ_UGQW01000001.1	5p	+	18	116	143	184	106	549	3	9	4	5	0	0	0	0	0	0	1	4	0	0	0	0	0	0	0	0	0
NZ_UGQW01000001.1	5p	+	19	116	142	149	142	549	5	10	2	2	0	1	0	1	1	1	0	1	0	0	0	0	0	0	0	0	0
NZ_UGQW01000001.1	5p	+	20	116	168	150	115	549	3	9	2	4	4	0	1	0	1	0	3	1	0	0	0	0	0	0	0	0	0
NZ_UGQW01000001.1	5p	+	21	120	147	174	108	549	4	10	3	5	0	0	1	0	0	0	0	1	0	0	0	0	0	0	0	0	0
NZ_UGQW01000001.1	5p	+	22	138	131	133	147	549	2	3	1	4	1	0	0	0	0	0	2	2	0	0	0	0	0	0	0	0	0
NZ_UGQW01000001.1	5p	+	23	111	154	148	136	549	0	8	0	5	1	0	3	1	2	0	1	0	0	0	0	0	0	0	0	0	0
NZ_UGQW01000001.1	5p	+	24	117	149	174	108	548	4	9	2	6	1	0	0	1	1	1	2	1	0	0	0	0	0	1	0	0	0
NZ_UGQW01000001.1	5p	+	25	133	150	141	125	549	2	7	3	5	1	0	0	0	0	0	2	1	0	1	0	0	0	0	0	0	0
NZ_UGQW01000001.1	5p	+	26	121	172	133	123	549	3	5	6	4	1	0	1	2	0	0	2	1	0	0	0	1	0	0	0	0	0
NZ_UGQW01000001.1	5p	+	27	130	141	147	131	549	2	12	5	0	2	0	0	1	0	0	2	3	0	1	0	0	0	0	0	0	0
NZ_UGQW01000001.1	5p	+	28	129	137	153	130	549	7	13	0	7	1	1	1	0	0	0	2	2	0	0	0	0	0	0	0	0	0
NZ_UGQW01000001.1	5p	+	29	117	180	130	122	549	0	14	1	4	1	1	0	1	1	0	1	0	0	0	1	0	0	0	0	0	0
NZ_UGQW01000001.1	5p	+	30	127	155	151	116	549	5	11	4	5	0	0	1	0	1	0	0	2	0	0	0	0	0	0	0	0	0
NZ_UGQW01000001.1	5p	+	31	114	123	122	133	492	1	7	0	3	2	0	0	0	0	0	4	0	0	0	1	0	0	0	0	0	0
NZ_UGQW01000001.1	5p	+	32	106	127	113	100	446	0	9	4	5	2	0	0	0	1	0	0	1	0	0	0	0	0	0	0	0	0
NZ_UGQW01000001.1	5p	+	33	97	119	114	71	401	5	11	5	2	0	0	1	1	2	1	2	0	0	0	0	0	0	0	0	1	0
NZ_UGQW01000001.1	5p	+	34	103	95	81	80	359	0	8	3	0	0	0	1	1	1	0	0	0	0	0	0	0	0	0	0	1	0
NZ_UGQW01000001.1	5p	+	35	73	110	86	59	328	2	16	1	2	0	0	0	0	1	0	0	1	0	0	0	0	0	0	1	0	0
NZ_UGQW01000001.1	5p	+	36	61	84	85	66	296	3	10	0	4	0	0	0	0	0	0	0	0	0	0	0	0	0	0	0	0	0
NZ_UGQW01000001.1	5p	+	37	74	67	55	82	278	1	2	0	1	0	0	0	1	2	0	0	0	0	0	0	0	0	0	0	0	0
NZ_UGQW01000001.1	5p	+	38	54	71	70	60	255	0	7	2	0	1	0	1	0	0	0	1	0	0	0	0	0	0	0	0	0	0
NZ_UGQW01000001.1	5p	+	39	56	46	79	46	227	2	6	2	0	0	1	0	1	0	1	0	0	0	0	0	0	0	0	0	0	0
NZ_UGQW01000001.1	5p	+	40	57	56	44	56	213	2	1	3	2	0	0	1	0	0	0	0	0	0	0	0	0	0	0	0	0	0
NZ_UGQW01000001.1	5p	+	41	54	55	39	48	196	1	4	2	1	0	0	0	0	0	0	0	0	0	0	0	0	0	0	0	0	0
NZ_UGQW01000001.1	5p	+	42	47	53	43	39	182	0	6	1	3	0	0	0	0	1	0	0	0	0	0	0	0	0	0	0	0	0
NZ_UGQW01000001.1	5p	+	43	30	48	38	40	156	0	9	0	1	0	0	0	0	0	0	1	0	0	0	0	0	0	0	0	0	0
NZ_UGQW01000001.1	5p	+	44	28	43	34	30	135	1	7	0	1	0	0	0	1	0	0	0	0	0	0	0	0	0	0	0	0	0
NZ_UGQW01000001.1	5p	+	45	32	29	37	21	119	0	2	4	0	0	0	0	0	0	0	1	2	0	0	0	0	0	0	0	0	0
NZ_UGQW01000001.1	5p	+	46	21	31	25	30	107	0	5	1	0	0	0	0	0	0	0	1	0	0	0	0	0	0	0	0	0	0
NZ_UGQW01000001.1	5p	+	47	21	27	22	24	94	0	2	0	0	0	0	0	0	0	0	0	0	0	0	0	0	0	0	0	0	0
NZ_UGQW01000001.1	5p	+	48	16	23	22	23	84	1	2	0	0	0	0	0	0	0	0	0	0	0	0	0	0	0	0	0	0	0
NZ_UGQW01000001.1	5p	+	49	22	19	15	20	76	2	1	0	0	1	0	0	0	0	0	0	0	0	0	0	0	0	0	0	0	0
NZ_UGQW01000001.1	5p	+	50	15	21	16	16	68	0	2	0	5	0	0	0	0	0	0	1	0	0	0	0	0	0	0	0	0	0
NZ_UGQW01000001.1	5p	+	51	17	17	24	9	67	0	1	0	0	0	0	0	0	0	0	0	0	0	0	0	0	0	0	0	0	0
NZ_UGQW01000001.1	5p	+	52	16	19	16	11	62	0	0	0	1	0	0	0	0	0	0	0	0	0	0	0	0	0	0	0	0	0
NZ_UGQW01000001.1	5p	+	53	20	17	10	11	58	0	0	0	0	0	0	1	0	0	0	0	0	0	0	0	0	0	0	0	0	0
NZ_UGQW01000001.1	5p	+	54	24	11	7	12	54	0	0	0	0	0	0	0	0	0	0	0	0	0	0	0	0	0	0	0	0	0
NZ_UGQW01000001.1	5p	+	55	8	6	14	20	48	1	0	0	0	0	0	0	0	0	0	0	0	0	0	0	0	0	0	0	0	0
NZ_UGQW01000001.1	5p	+	56	7	14	13	10	44	0	0	0	0	0	0	0	0	0	0	1	0	0	0	0	0	0	0	0	0	0
NZ_UGQW01000001.1	5p	+	57	10	12	10	9	41	0	0	0	0	0	0	0	0	0	0	0	0	0	0	0	0	0	0	0	0	0
NZ_UGQW01000001.1	5p	+	58	9	7	13	9	38	0	0	0	0	0	0	0	0	0	0	0	0	0	0	0	0	0	0	0	0	0
NZ_UGQW01000001.1	5p	+	59	6	10	13	6	35	0	1	0	0	0	0	0	1	0	0	0	0	0	0	0	0	0	0	0	0	0
NZ_UGQW01000001.1	5p	+	60	9	10	6	6	31	0	0	0	0	0	0	0	0	0	0	0	0	0	0	0	0	0	0	0	0	0
NZ_UGQW01000001.1	5p	+	61	12	5	7	5	29	0	1	0	0	0	0	0	0	0	0	0	0	0	0	0	0	0	0	0	0	0
NZ_UGQW01000001.1	5p	+	62	9	8	7	5	29	0	0	0	0	0	0	0	0	0	0	0	0	0	0	0	0	0	0	0	0	0
NZ_UGQW01000001.1	5p	+	63	3	6	8	9	26	0	0	0	1	0	0	0	0	0	0	0	0	0	0	0	0	0	0	0	0	0
NZ_UGQW01000001.1	5p	+	64	10	7	2	5	24	0	0	0	0	0	0	0	0	0	0	0	0	0	0	0	0	0	0	0	0	0
NZ_UGQW01000001.1	5p	+	65	0	9	4	4	17	0	2	0	0	0	0	0	0	0	0	0	0	0	0	0	0	0	0	0	0	0
NZ_UGQW01000001.1	5p	+	66	3	5	2	3	13	0	0	0	0	0	0	0	0	0	0	0	0	0	0	0	0	0	0	0	0	0
NZ_UGQW01000001.1	5p	+	67	6	3	2	1	12	0	0	0	0	0	0	0	0	0	0	0	0	0	0	0	0	0	0	0	0	0
NZ_UGQW01000001.1	5p	+	68	3	3	3	2	11	1	0	0	0	0	0	0	0	0	0	0	0	0	0	0	0	0	0	0	0	0
NZ_UGQW01000001.1	5p	+	69	3	3	2	2	10	0	0	0	0	0	0	0	0	0	0	0	0	0	0	0	0	0	0	0	0	0
NZ_UGQW01000001.1	5p	+	70	5	1	1	1	8	0	0	0	0	0	0	0	0	0	0	0	0	0	0	0	0	0	0	0	0	0
NZ_UGQW01000001.1	5p	-	1	130	194	71	127	522	3	46	2	3	2	0	1	1	0	0	1	3	0	0	0	0	0	0	0	0	0
NZ_UGQW01000001.1	5p	-	2	147	155	103	117	522	2	28	8	1	1	0	1	3	0	0	4	0	0	0	0	0	0	0	0	0	0
NZ_UGQW01000001.1	5p	-	3	144	135	139	104	522	3	16	4	2	0	0	1	3	1	0	2	0	0	0	0	0	0	0	0	0	0
NZ_UGQW01000001.1	5p	-	4	149	150	117	106	522	5	17	5	1	0	0	1	0	0	0	2	0	0	0	0	0	0	0	0	0	0
NZ_UGQW01000001.1	5p	-	5	121	156	129	116	522	2	8	3	4	0	1	2	0	1	1	2	2	0	0	0	0	0	0	0	0	0
NZ_UGQW01000001.1	5p	-	6	126	156	130	109	521	3	12	5	3	3	0	1	0	0	0	2	0	0	0	1	0	1	0	0	0	0
NZ_UGQW01000001.1	5p	-	7	111	165	120	125	521	3	9	4	3	0	0	0	0	0	0	2	0	0	0	0	0	0	0	1	0	0
NZ_UGQW01000001.1	5p	-	8	121	150	146	105	522	5	7	5	5	0	0	0	1	3	0	1	0	0	0	0	0	0	0	0	0	0
NZ_UGQW01000001.1	5p	-	9	113	158	132	119	522	4	12	5	1	1	0	2	0	0	0	1	1	0	0	0	0	0	0	0	0	0
NZ_UGQW01000001.1	5p	-	10	134	147	123	117	521	1	9	7	3	1	0	1	0	0	0	1	1	0	0	0	0	0	0	1	0	0
NZ_UGQW01000001.1	5p	-	11	119	176	121	106	522	3	13	5	1	1	0	0	2	0	0	0	0	0	0	0	0	0	0	0	0	0
NZ_UGQW01000001.1	5p	-	12	126	140	136	120	522	4	5	3	3	1	0	0	0	0	0	2	1	0	0	0	1	0	0	0	0	0
NZ_UGQW01000001.1	5p	-	13	129	158	117	118	522	1	9	7	2	0	0	0	0	1	0	2	0	0	0	0	0	0	0	0	0	0
NZ_UGQW01000001.1	5p	-	14	130	156	129	107	522	5	5	1	3	1	0	1	0	3	0	0	0	0	0	0	0	0	0	0	0	0
NZ_UGQW01000001.1	5p	-	15	109	141	163	109	522	5	7	6	0	0	2	0	0	0	0	1	1	0	0	0	0	0	0	0	0	0
NZ_UGQW01000001.1	5p	-	16	116	148	143	115	522	4	9	3	0	1	0	0	0	1	0	1	2	0	0	0	0	0	0	0	0	0
NZ_UGQW01000001.1	5p	-	17	105	186	124	107	522	2	8	5	2	1	0	1	0	0	0	0	2	0	0	0	0	0	0	0	0	0
NZ_UGQW01000001.1	5p	-	18	122	127	142	131	522	3	9	3	4	1	0	0	0	0	0	1	2	0	0	0	0	0	0	0	0	0
NZ_UGQW01000001.1	5p	-	19	117	131	131	143	522	2	7	1	2	0	0	1	0	1	2	0	1	0	0	0	0	0	0	0	0	0
NZ_UGQW01000001.1	5p	-	20	104	168	141	109	522	5	6	6	3	0	0	3	1	1	0	1	1	0	0	0	1	0	0	0	0	0
NZ_UGQW01000001.1	5p	-	21	110	152	153	107	522	4	5	2	5	0	0	2	0	0	1	3	0	0	0	0	0	0	0	0	0	0
NZ_UGQW01000001.1	5p	-	22	136	145	124	117	522	1	9	9	5	0	0	0	0	0	0	0	3	0	0	0	0	0	0	0	0	0
NZ_UGQW01000001.1	5p	-	23	129	161	121	111	522	2	6	6	3	1	1	0	0	0	1	1	1	0	0	0	1	0	0	0	0	0
NZ_UGQW01000001.1	5p	-	24	117	157	129	119	522	4	5	3	3	0	0	0	1	1	0	0	0	1	0	0	0	0	0	0	0	0
NZ_UGQW01000001.1	5p	-	25	132	158	121	111	522	1	11	3	0	0	0	1	2	1	0	2	2	0	0	0	0	0	0	0	0	0
NZ_UGQW01000001.1	5p	-	26	107	170	133	112	522	5	8	6	1	0	1	3	1	0	0	1	0	0	0	0	0	0	0	0	0	0
NZ_UGQW01000001.1	5p	-	27	108	158	140	116	522	5	12	4	1	1	0	1	3	0	0	1	1	0	0	0	0	0	0	0	0	0
NZ_UGQW01000001.1	5p	-	28	118	162	125	117	522	2	12	7	2	1	1	2	0	0	2	1	0	0	0	0	0	0	0	0	0	0
NZ_UGQW01000001.1	5p	-	29	113	161	134	114	522	6	9	5	0	0	0	1	0	0	0	0	0	0	0	0	0	0	0	0	0	0
NZ_UGQW01000001.1	5p	-	30	131	140	133	118	522	8	13	3	2	0	1	1	0	1	0	0	0	0	0	1	0	0	0	0	0	0
NZ_UGQW01000001.1	5p	-	31	115	143	117	104	479	2	10	3	4	0	0	0	2	0	0	0	0	0	0	0	0	0	0	0	0	0
NZ_UGQW01000001.1	5p	-	32	96	134	115	91	436	6	20	5	1	0	1	0	1	0	1	1	1	0	0	0	0	0	0	0	0	0
NZ_UGQW01000001.1	5p	-	33	96	112	93	85	386	1	7	2	1	2	0	0	0	0	0	1	0	0	0	0	0	0	0	0	0	0
NZ_UGQW01000001.1	5p	-	34	102	91	74	76	343	5	8	3	0	0	0	0	1	0	0	0	1	0	0	0	0	0	0	0	0	0
NZ_UGQW01000001.1	5p	-	35	70	112	70	57	309	0	8	2	1	0	0	1	2	0	0	2	0	0	0	0	0	0	0	0	0	0
NZ_UGQW01000001.1	5p	-	36	86	78	61	55	280	1	5	1	1	0	0	0	0	1	0	0	0	0	0	0	0	0	0	0	0	0
NZ_UGQW01000001.1	5p	-	37	62	72	62	52	248	2	7	4	1	0	0	1	0	0	0	1	0	0	0	0	0	0	0	0	0	0
NZ_UGQW01000001.1	5p	-	38	46	66	54	53	219	0	9	0	2	0	0	0	0	2	0	0	0	0	0	0	0	0	0	0	0	0
NZ_UGQW01000001.1	5p	-	39	49	55	44	43	191	2	4	0	2	1	0	0	0	0	0	0	0	0	0	0	0	0	0	0	0	0
NZ_UGQW01000001.1	5p	-	40	51	47	36	39	173	0	3	3	0	0	0	0	0	0	0	0	1	0	0	0	0	0	0	0	0	0
NZ_UGQW01000001.1	5p	-	41	33	46	51	33	163	1	2	2	0	0	0	0	0	1	0	1	0	0	0	0	0	0	0	0	0	0
NZ_UGQW01000001.1	5p	-	42	41	42	39	33	155	0	3	0	1	0	0	0	0	0	0	0	0	1	0	0	0	0	0	0	0	0
NZ_UGQW01000001.1	5p	-	43	42	41	26	31	140	0	5	2	1	0	0	0	0	0	0	0	0	0	0	0	0	0	0	0	0	0
NZ_UGQW01000001.1	5p	-	44	44	32	26	25	127	1	3	2	0	2	0	0	0	0	0	0	0	0	0	0	0	0	0	0	0	0
NZ_UGQW01000001.1	5p	-	45	32	34	25	27	118	0	2	0	0	0	1	0	0	0	0	0	0	0	0	0	0	0	0	0	0	0
NZ_UGQW01000001.1	5p	-	46	18	33	26	24	101	0	7	0	0	0	0	0	0	0	0	0	1	0	0	0	0	0	0	0	0	0
NZ_UGQW01000001.1	5p	-	47	15	31	25	18	89	0	2	0	0	0	0	0	0	0	0	0	0	0	0	0	0	0	0	0	0	0
NZ_UGQW01000001.1	5p	-	48	23	23	20	15	81	1	0	1	0	0	0	0	1	0	0	0	0	0	0	0	0	0	0	0	0	0
NZ_UGQW01000001.1	5p	-	49	17	20	22	15	74	2	5	0	0	0	0	0	0	0	0	0	0	0	0	0	0	0	0	0	0	0
NZ_UGQW01000001.1	5p	-	50	10	20	22	14	66	0	0	0	0	0	0	0	0	0	0	1	0	0	0	0	0	0	0	0	0	0
NZ_UGQW01000001.1	5p	-	51	15	19	11	16	61	0	1	0	0	0	0	0	1	0	0	0	0	0	0	0	0	0	0	0	0	0
NZ_UGQW01000001.1	5p	-	52	16	17	12	8	53	0	2	0	0	1	0	0	1	0	0	0	0	0	0	0	0	0	0	0	0	0
NZ_UGQW01000001.1	5p	-	53	9	18	15	8	50	0	2	1	1	0	1	0	0	0	0	0	0	0	0	0	0	0	0	0	0	0
NZ_UGQW01000001.1	5p	-	54	15	7	10	8	40	0	0	0	0	1	0	0	0	0	0	0	0	0	0	0	0	0	0	0	0	0
NZ_UGQW01000001.1	5p	-	55	10	8	7	9	34	0	0	0	1	0	0	0	0	0	0	0	0	0	0	0	0	0	0	0	0	0
NZ_UGQW01000001.1	5p	-	56	5	10	6	9	30	0	0	0	0	0	0	0	0	0	0	0	0	0	0	0	0	0	0	0	0	0
NZ_UGQW01000001.1	5p	-	57	8	9	5	4	26	0	2	0	0	0	0	0	0	0	0	0	0	0	0	0	0	0	0	0	0	0
NZ_UGQW01000001.1	5p	-	58	7	8	4	4	23	0	1	0	0	0	0	0	0	0	0	0	0	0	0	0	0	0	0	0	0	0
NZ_UGQW01000001.1	5p	-	59	3	9	4	5	21	0	0	0	1	1	0	0	0	1	0	0	0	0	0	0	0	0	0	0	0	0
NZ_UGQW01000001.1	5p	-	60	7	6	3	4	20	0	0	2	0	0	0	0	0	0	0	0	0	0	0	0	0	0	0	0	0	0
NZ_UGQW01000001.1	5p	-	61	5	7	3	4	19	0	0	0	0	0	0	0	0	0	0	0	0	0	0	0	0	0	0	0	0	0
NZ_UGQW01000001.1	5p	-	62	4	4	3	5	16	0	0	0	1	0	0	0	0	0	0	0	0	0	0	0	0	0	0	0	0	0
NZ_UGQW01000001.1	5p	-	63	3	3	6	2	14	0	1	0	0	0	0	0	0	0	0	0	0	0	0	0	0	0	0	0	0	0
NZ_UGQW01000001.1	5p	-	64	2	6	5	1	14	0	0	0	0	0	0	0	0	0	0	0	0	0	0	0	0	0	0	0	0	0
NZ_UGQW01000001.1	5p	-	65	5	1	5	2	13	0	0	0	0	0	0	0	0	0	0	0	0	0	0	0	0	0	0	0	0	0
NZ_UGQW01000001.1	5p	-	66	3	5	3	2	13	0	0	0	0	0	0	0	0	0	0	0	0	0	0	0	0	0	0	0	0	0
NZ_UGQW01000001.1	5p	-	67	3	4	1	3	11	0	0	0	0	0	0	0	0	0	0	0	0	0	0	0	0	0	0	0	0	0
NZ_UGQW01000001.1	5p	-	68	5	0	3	3	11	0	0	0	0	0	0	0	0	0	0	0	0	0	0	0	0	0	0	0	0	0
NZ_UGQW01000001.1	5p	-	69	2	3	2	3	10	0	0	0	1	0	0	0	0	0	0	0	0	0	0	0	0	0	0	0	0	0
NZ_UGQW01000001.1	5p	-	70	1	6	1	2	10	0	1	0	0	0	0	0	0	0	0	0	0	0	0	0	0	0	0	0	0	0
NZ_UGQW01000002.1	3p	+	1	1163	1497	892	951	4503	37	253	20	30	8	6	8	10	3	8	16	5	0	0	0	0	0	0	0	0	0
NZ_UGQW01000002.1	3p	+	2	1320	1290	1081	812	4503	32	157	21	25	7	5	9	16	3	5	12	5	0	0	0	0	0	0	0	0	0
NZ_UGQW01000002.1	3p	+	3	1150	1182	1215	956	4503	33	161	33	26	4	5	11	5	8	4	12	13	0	0	0	0	0	0	0	0	0
NZ_UGQW01000002.1	3p	+	4	1177	1271	1056	999	4503	22	121	29	31	5	3	11	6	4	2	16	8	0	0	0	0	0	0	0	0	0
NZ_UGQW01000002.1	3p	+	5	1233	1184	1117	969	4503	28	126	23	20	6	2	6	5	6	2	11	8	0	0	0	0	0	0	0	0	0
NZ_UGQW01000002.1	3p	+	6	1133	1303	1196	869	4501	36	126	31	20	5	2	13	11	7	1	12	7	0	0	0	0	0	0	1	1	0
NZ_UGQW01000002.1	3p	+	7	1075	1302	1099	1027	4503	20	99	32	21	9	2	5	5	8	1	17	9	1	0	1	1	0	0	0	0	0
NZ_UGQW01000002.1	3p	+	8	1097	1222	1090	1094	4503	22	104	18	27	7	6	11	7	9	2	9	4	0	0	1	1	0	0	0	0	0
NZ_UGQW01000002.1	3p	+	9	1054	1226	1198	1025	4503	33	79	31	34	4	4	9	5	6	2	19	14	0	0	0	1	0	0	0	0	0
NZ_UGQW01000002.1	3p	+	10	1045	1371	1048	1039	4503	19	93	32	27	6	1	9	2	4	4	16	5	0	0	1	2	0	0	0	0	0
NZ_UGQW01000002.1	3p	+	11	1125	1259	1109	1008	4501	26	73	26	32	8	0	8	4	7	6	20	4	2	0	1	4	1	0	0	1	0
NZ_UGQW01000002.1	3p	+	12	1048	1283	1199	972	4502	27	71	34	17	7	2	10	4	9	4	16	7	0	1	1	1	1	0	0	0	0
NZ_UGQW01000002.1	3p	+	13	1033	1315	1118	1036	4502	28	74	34	19	5	2	8	7	7	0	14	7	0	0	2	2	0	1	0	0	0
NZ_UGQW01000002.1	3p	+	14	1080	1281	1158	983	4502	28	63	28	30	8	1	8	8	7	4	6	6	0	1	1	2	0	0	1	0	0
NZ_UGQW01000002.1	3p	+	15	1062	1293	1162	986	4503	37	77	26	29	5	5	10	2	9	2	11	11	0	0	0	1	0	0	0	0	0
NZ_UGQW01000002.1	3p	+	16	1022	1331	1134	1015	4502	12	59	25	32	5	1	8	5	5	3	9	9	0	1	0	0	0	1	0	0	0
NZ_UGQW01000002.1	3p	+	17	1060	1253	1140	1048	4501	23	69	19	29	5	4	5	13	7	0	11	4	0	0	0	0	1	0	0	1	0
NZ_UGQW01000002.1	3p	+	18	1003	1285	1198	1017	4503	21	57	16	36	7	2	10	4	6	2	8	7	0	1	0	1	0	0	0	0	0
NZ_UGQW01000002.1	3p	+	19	1082	1330	1117	973	4502	23	67	28	24	8	1	12	8	3	3	11	6	0	2	0	1	1	0	0	0	0
NZ_UGQW01000002.1	3p	+	20	1072	1239	1198	994	4503	20	55	26	25	6	3	12	4	2	5	17	3	1	0	0	1	0	0	0	0	0
NZ_UGQW01000002.1	3p	+	21	1048	1294	1196	964	4502	19	65	32	25	7	2	12	9	5	2	10	8	0	0	1	3	0	0	1	0	0
NZ_UGQW01000002.1	3p	+	22	1034	1323	1133	1012	4502	26	61	26	19	8	2	8	11	4	2	9	5	0	0	1	2	0	0	1	0	0
NZ_UGQW01000002.1	3p	+	23	1090	1272	1159	980	4501	23	49	29	23	3	3	12	10	5	1	14	8	0	0	1	0	0	0	2	0	0
NZ_UGQW01000002.1	3p	+	24	1044	1295	1191	972	4502	26	68	18	31	10	3	8	3	12	1	10	9	0	0	0	1	0	0	1	0	0
NZ_UGQW01000002.1	3p	+	25	1059	1363	1133	946	4501	20	77	30	26	8	5	7	5	10	3	10	4	0	1	1	1	1	0	0	1	0
NZ_UGQW01000002.1	3p	+	26	1049	1272	1181	999	4501	19	84	27	19	9	3	7	6	5	3	10	8	0	0	1	0	2	0	0	0	0
NZ_UGQW01000002.1	3p	+	27	1037	1291	1193	980	4501	40	86	28	23	9	3	4	7	5	1	12	8	0	0	1	1	0	1	0	1	0
NZ_UGQW01000002.1	3p	+	28	1073	1337	1122	971	4503	30	89	24	28	3	3	6	11	1	2	17	7	0	0	1	0	0	0	0	0	0
NZ_UGQW01000002.1	3p	+	29	1079	1284	1098	1042	4503	30	95	24	26	7	6	8	7	2	2	15	10	0	0	0	1	0	0	0	0	0
NZ_UGQW01000002.1	3p	+	30	1133	1286	1104	977	4500	31	113	26	28	6	2	7	9	2	1	18	12	0	0	0	0	1	0	1	1	0
NZ_UGQW01000002.1	3p	+	31	1016	1185	951	910	4062	29	99	26	24	4	2	9	7	3	3	8	8	0	0	0	0	0	1	0	0	0
NZ_UGQW01000002.1	3p	+	32	927	1086	842	810	3665	18	76	19	13	4	2	11	10	4	1	7	3	0	0	0	0	0	1	0	0	0
NZ_UGQW01000002.1	3p	+	33	784	936	840	748	3308	25	90	16	20	2	4	7	4	3	0	5	2	0	1	0	0	0	0	0	1	0
NZ_UGQW01000002.1	3p	+	34	765	845	684	711	3005	12	80	15	27	2	1	1	5	1	2	6	1	1	1	0	1	0	0	0	0	0
NZ_UGQW01000002.1	3p	+	35	661	780	651	595	2687	17	81	9	16	3	4	8	5	5	2	5	4	0	0	0	0	0	0	1	0	0
NZ_UGQW01000002.1	3p	+	36	576	717	590	526	2409	14	74	7	6	4	4	1	7	5	0	2	4	0	0	0	0	0	0	0	0	0
NZ_UGQW01000002.1	3p	+	37	558	645	484	498	2185	12	50	10	9	3	1	1	4	2	1	4	1	0	0	1	0	0	0	0	0	0
NZ_UGQW01000002.1	3p	+	38	505	550	481	463	1999	19	63	10	11	2	1	2	4	0	1	5	4	1	0	0	0	0	0	0	0	0
NZ_UGQW01000002.1	3p	+	39	457	521	435	391	1804	6	46	7	11	2	1	2	3	3	0	5	4	0	0	0	0	0	0	0	0	0
NZ_UGQW01000002.1	3p	+	40	417	486	374	371	1648	10	49	6	7	4	0	4	4	3	3	7	1	0	0	0	0	0	1	0	0	0
NZ_UGQW01000002.1	3p	+	41	374	392	379	348	1493	7	45	6	13	1	0	4	1	2	1	6	4	0	1	0	0	0	0	0	0	0
NZ_UGQW01000002.1	3p	+	42	346	417	316	303	1382	11	54	5	5	2	0	1	3	2	0	1	1	0	0	0	0	0	0	0	0	0
NZ_UGQW01000002.1	3p	+	43	289	364	286	285	1224	7	39	6	10	0	0	2	3	0	1	2	1	0	1	0	0	0	1	0	0	0
NZ_UGQW01000002.1	3p	+	44	295	278	254	259	1086	6	24	8	9	2	1	2	0	1	0	1	3	0	0	0	0	0	0	0	0	0
NZ_UGQW01000002.1	3p	+	45	244	268	248	202	962	6	36	5	7	0	0	1	1	0	1	1	1	0	0	0	0	0	0	0	0	0
NZ_UGQW01000002.1	3p	+	46	208	274	186	189	857	5	23	2	3	2	1	1	0	1	0	1	0	0	0	0	0	0	0	0	0	0
NZ_UGQW01000002.1	3p	+	47	205	212	162	187	766	5	29	7	1	1	2	1	2	0	1	3	0	0	0	0	0	0	0	0	0	0
NZ_UGQW01000002.1	3p	+	48	193	183	155	153	684	5	13	3	4	0	1	1	2	0	0	5	1	0	0	0	0	0	0	0	0	0
NZ_UGQW01000002.1	3p	+	49	146	189	123	166	624	1	13	2	7	1	0	2	1	0	1	2	2	0	0	0	0	0	0	0	0	0
NZ_UGQW01000002.1	3p	+	50	147	168	113	130	558	4	17	2	6	0	1	1	1	0	0	2	0	0	0	0	0	0	0	0	0	0
NZ_UGQW01000002.1	3p	+	51	142	137	107	114	500	2	11	2	2	0	0	0	1	1	0	1	0	0	0	0	0	0	0	0	0	0
NZ_UGQW01000002.1	3p	+	52	125	135	88	100	448	4	13	2	3	1	0	0	2	0	0	1	1	0	0	0	0	0	0	0	0	0
NZ_UGQW01000002.1	3p	+	53	120	102	100	76	398	3	10	1	0	1	1	0	0	0	0	0	1	0	0	0	0	0	0	0	0	0
NZ_UGQW01000002.1	3p	+	54	75	89	108	86	358	3	8	2	0	0	0	0	1	0	0	2	1	0	0	0	0	0	0	0	0	0
NZ_UGQW01000002.1	3p	+	55	76	101	80	71	328	1	10	1	2	0	0	1	1	0	0	0	2	0	0	0	0	0	0	0	0	0
NZ_UGQW01000002.1	3p	+	56	67	92	72	66	297	1	6	1	2	0	0	0	0	0	1	2	1	0	0	0	0	0	0	0	0	0
NZ_UGQW01000002.1	3p	+	57	52	88	62	58	260	1	8	2	0	0	0	0	0	0	0	0	0	0	0	0	0	0	0	0	0	0
NZ_UGQW01000002.1	3p	+	58	63	77	55	45	240	0	5	2	0	0	0	0	0	0	1	0	0	0	0	0	0	0	0	0	0	0
NZ_UGQW01000002.1	3p	+	59	54	67	43	54	218	1	10	2	3	0	1	0	0	0	0	3	0	0	0	0	0	0	0	1	0	0
NZ_UGQW01000002.1	3p	+	60	55	52	47	47	201	0	6	0	2	0	0	0	2	0	0	1	0	0	0	0	0	0	0	0	0	0
NZ_UGQW01000002.1	3p	+	61	52	51	38	41	182	0	5	3	2	0	0	0	1	0	0	0	0	0	0	0	0	0	0	0	0	0
NZ_UGQW01000002.1	3p	+	62	48	46	35	39	168	1	5	2	2	0	0	0	0	0	0	0	1	0	0	0	0	0	0	0	0	0
NZ_UGQW01000002.1	3p	+	63	44	51	28	36	159	0	2	1	0	2	1	0	0	0	0	0	0	0	0	0	0	0	0	0	0	0
NZ_UGQW01000002.1	3p	+	64	38	53	21	34	146	0	4	0	2	0	1	0	0	0	0	0	0	0	0	0	0	0	0	0	0	0
NZ_UGQW01000002.1	3p	+	65	35	41	31	27	134	1	4	3	0	2	0	0	0	0	0	0	1	0	0	0	0	0	0	0	0	0
NZ_UGQW01000002.1	3p	+	66	25	34	31	27	117	1	3	1	1	0	0	0	0	0	0	0	0	0	0	0	0	0	0	0	0	0
NZ_UGQW01000002.1	3p	+	67	30	26	27	27	110	0	2	0	1	1	0	0	0	1	0	1	0	0	0	0	0	0	0	0	0	0
NZ_UGQW01000002.1	3p	+	68	24	30	20	26	100	1	0	0	0	0	0	0	0	0	0	1	0	0	0	0	0	0	0	0	0	0
NZ_UGQW01000002.1	3p	+	69	25	28	21	17	91	1	0	0	0	0	0	0	0	0	0	0	0	0	0	0	0	0	0	0	0	0
NZ_UGQW01000002.1	3p	+	70	21	20	18	22	81	1	2	0	0	0	0	0	0	0	0	0	0	0	0	0	0	0	0	0	0	0
NZ_UGQW01000002.1	3p	-	1	1095	1437	900	911	4343	32	221	19	25	6	5	6	13	4	3	22	13	0	0	0	0	0	0	0	0	0
NZ_UGQW01000002.1	3p	-	2	1227	1255	1089	772	4343	38	164	21	16	8	5	14	11	6	7	7	6	0	0	0	0	0	0	0	0	0
NZ_UGQW01000002.1	3p	-	3	1122	1118	1206	896	4342	27	162	40	29	8	2	10	7	8	0	8	18	0	0	0	0	0	1	0	0	0
NZ_UGQW01000002.1	3p	-	4	1103	1244	1001	992	4340	30	122	23	18	4	6	16	10	8	5	12	5	0	0	0	0	0	2	0	1	0
NZ_UGQW01000002.1	3p	-	5	1127	1113	1109	991	4340	32	117	27	24	2	5	11	8	9	5	18	9	0	0	0	0	0	3	0	0	0
NZ_UGQW01000002.1	3p	-	6	1000	1181	1182	976	4339	29	112	29	27	4	0	10	9	7	1	23	9	0	0	0	0	1	1	1	1	0
NZ_UGQW01000002.1	3p	-	7	1014	1302	1043	983	4342	16	113	18	27	5	3	8	7	6	3	8	2	1	0	1	2	0	1	0	0	0
NZ_UGQW01000002.1	3p	-	8	1036	1161	1102	1044	4343	29	105	23	22	4	4	4	6	4	1	11	4	1	0	0	1	0	0	0	0	0
NZ_UGQW01000002.1	3p	-	9	990	1197	1088	1068	4343	31	87	23	25	3	4	9	2	3	3	15	6	0	1	1	3	0	0	0	0	0
NZ_UGQW01000002.1	3p	-	10	937	1249	1105	1050	4341	32	72	24	30	1	4	5	3	7	1	10	6	2	0	2	3	1	0	1	0	0
NZ_UGQW01000002.1	3p	-	11	1005	1206	1141	987	4339	25	71	18	21	3	3	4	2	5	0	18	10	1	0	2	3	2	1	1	0	0
NZ_UGQW01000002.1	3p	-	12	963	1215	1169	996	4343	27	63	30	24	3	2	6	12	3	2	13	6	0	1	1	1	0	0	0	0	0
NZ_UGQW01000002.1	3p	-	13	977	1281	1089	996	4343	23	75	22	25	4	3	10	1	6	1	15	10	0	1	1	0	0	0	0	0	0
NZ_UGQW01000002.1	3p	-	14	1015	1156	1120	1052	4343	20	53	24	18	6	3	6	10	4	4	10	5	0	0	0	1	0	0	0	0	0
NZ_UGQW01000002.1	3p	-	15	1031	1226	1148	936	4341	18	70	28	44	8	3	5	2	4	1	14	4	1	0	1	0	1	0	1	0	0
NZ_UGQW01000002.1	3p	-	16	940	1245	1149	1009	4343	22	70	13	24	7	3	5	8	3	4	8	1	1	0	0	1	0	0	0	0	0
NZ_UGQW01000002.1	3p	-	17	984	1156	1157	1044	4341	21	56	14	32	6	2	12	3	2	1	9	5	1	0	0	0	1	0	0	1	0
NZ_UGQW01000002.1	3p	-	18	966	1206	1164	1007	4343	25	47	25	29	4	2	6	8	7	3	14	9	0	0	0	3	0	0	0	0	0
NZ_UGQW01000002.1	3p	-	19	958	1211	1150	1023	4342	16	35	32	28	9	2	7	3	4	1	12	6	0	0	0	0	0	0	1	0	0
NZ_UGQW01000002.1	3p	-	20	998	1154	1145	1044	4341	28	55	23	16	4	4	7	6	4	4	13	5	2	0	0	0	1	1	0	0	0
NZ_UGQW01000002.1	3p	-	21	907	1199	1221	1015	4342	25	67	26	25	6	4	6	5	6	2	13	9	0	0	0	1	0	1	0	0	0
NZ_UGQW01000002.1	3p	-	22	930	1215	1155	1041	4341	28	69	20	16	4	6	6	5	2	2	11	9	0	0	0	1	0	0	0	2	0
NZ_UGQW01000002.1	3p	-	23	989	1200	1176	977	4342	29	58	26	22	5	3	9	7	4	3	13	7	0	0	1	0	0	1	0	0	0
NZ_UGQW01000002.1	3p	-	24	992	1217	1206	922	4337	25	67	32	31	8	2	8	6	2	1	14	1	1	0	0	0	1	1	2	1	0
NZ_UGQW01000002.1	3p	-	25	956	1234	1153	999	4342	31	72	23	21	7	2	5	10	3	2	6	7	1	2	1	0	0	1	0	0	0
NZ_UGQW01000002.1	3p	-	26	999	1193	1151	999	4342	29	74	11	23	2	4	3	5	5	0	10	8	0	0	0	0	0	0	0	1	0
NZ_UGQW01000002.1	3p	-	27	964	1220	1219	940	4343	31	82	33	14	4	1	4	7	6	6	18	4	0	0	0	1	0	0	0	0	0
NZ_UGQW01000002.1	3p	-	28	955	1252	1163	973	4343	29	80	26	20	3	2	7	6	4	5	6	4	0	0	0	0	0	0	0	0	0
NZ_UGQW01000002.1	3p	-	29	1040	1232	1080	989	4341	27	111	25	24	5	6	5	3	4	2	13	3	0	0	0	1	0	0	0	2	0
NZ_UGQW01000002.1	3p	-	30	1024	1227	1117	974	4342	31	98	31	40	7	7	5	14	2	1	12	3	0	1	0	1	0	0	0	1	0
NZ_UGQW01000002.1	3p	-	31	946	1100	940	945	3931	37	94	26	21	7	0	6	7	6	1	5	4	0	0	0	0	0	0	0	0	0
NZ_UGQW01000002.1	3p	-	32	852	958	868	875	3553	28	85	18	20	4	3	6	7	3	4	5	4	0	0	0	0	0	0	0	0	0
NZ_UGQW01000002.1	3p	-	33	752	862	827	743	3184	24	68	15	23	3	1	1	4	5	2	14	6	0	0	0	2	1	0	0	1	0
NZ_UGQW01000002.1	3p	-	34	747	779	696	659	2881	13	76	17	27	2	2	4	7	4	1	5	2	0	0	0	1	0	0	0	0	0
NZ_UGQW01000002.1	3p	-	35	682	665	637	602	2586	20	46	13	13	4	1	4	5	4	1	6	5	0	0	0	0	0	0	0	0	0
NZ_UGQW01000002.1	3p	-	36	598	615	612	496	2321	14	52	14	14	3	2	4	1	2	2	8	2	0	0	3	0	0	0	0	0	0
NZ_UGQW01000002.1	3p	-	37	540	607	514	456	2117	14	57	13	9	1	1	2	5	1	0	2	6	0	0	1	0	0	0	0	0	0
NZ_UGQW01000002.1	3p	-	38	467	539	445	477	1928	13	40	9	7	1	4	4	4	1	2	1	2	0	0	0	0	0	0	0	0	0
NZ_UGQW01000002.1	3p	-	39	412	491	479	374	1756	7	49	11	8	2	0	1	3	2	1	3	2	0	0	0	1	0	0	0	0	0
NZ_UGQW01000002.1	3p	-	40	388	452	354	392	1586	8	51	6	10	2	0	1	4	1	1	4	2	0	0	0	1	0	0	0	0	0
NZ_UGQW01000002.1	3p	-	41	378	386	347	324	1435	4	32	7	7	2	0	0	1	0	0	3	1	0	0	0	0	0	0	0	0	0
NZ_UGQW01000002.1	3p	-	42	313	363	353	279	1308	9	31	6	6	4	1	1	1	1	0	4	0	0	0	0	0	0	0	0	0	0
NZ_UGQW01000002.1	3p	-	43	268	368	268	262	1166	9	33	7	5	1	4	2	4	1	0	2	2	0	0	0	0	1	0	0	0	0
NZ_UGQW01000002.1	3p	-	44	245	301	247	245	1038	7	35	4	7	2	0	0	3	1	0	5	3	0	0	0	0	0	0	0	0	0
NZ_UGQW01000002.1	3p	-	45	227	241	264	189	921	9	25	5	4	0	1	4	2	1	2	3	1	0	0	0	0	0	0	0	0	0
NZ_UGQW01000002.1	3p	-	46	211	248	173	177	809	4	28	7	4	0	1	2	2	0	0	3	0	0	0	0	0	0	0	0	0	0
NZ_UGQW01000002.1	3p	-	47	176	227	172	147	722	5	26	4	4	2	0	1	0	0	0	0	0	1	0	0	0	0	0	0	0	0
NZ_UGQW01000002.1	3p	-	48	158	185	165	137	645	4	16	6	2	0	1	0	1	2	1	1	1	0	0	0	0	0	0	0	0	0
NZ_UGQW01000002.1	3p	-	49	145	134	132	148	559	2	17	7	2	1	1	0	1	0	0	0	0	0	0	0	0	0	0	0	0	0
NZ_UGQW01000002.1	3p	-	50	117	141	119	125	502	3	17	1	2	1	0	1	0	0	0	1	1	0	0	0	0	0	0	0	0	0
NZ_UGQW01000002.1	3p	-	51	113	122	112	108	455	7	13	1	0	0	0	0	0	0	0	0	0	0	0	0	0	0	0	1	0	0
NZ_UGQW01000002.1	3p	-	52	99	130	92	92	413	1	7	1	1	1	0	0	1	1	0	0	1	0	0	1	0	0	0	0	0	0
NZ_UGQW01000002.1	3p	-	53	101	98	91	82	372	4	8	2	3	0	0	0	1	0	0	0	0	0	0	0	0	0	0	0	0	0
NZ_UGQW01000002.1	3p	-	54	81	95	90	71	337	1	10	2	2	0	0	0	1	0	1	0	0	0	0	0	0	0	0	0	0	0
NZ_UGQW01000002.1	3p	-	55	72	87	81	71	311	3	4	0	4	0	0	0	0	0	0	0	1	0	0	0	0	0	0	0	0	0
NZ_UGQW01000002.1	3p	-	56	69	91	61	63	284	2	6	1	2	0	0	0	0	0	0	0	0	0	0	0	0	0	0	0	0	0
NZ_UGQW01000002.1	3p	-	57	53	80	55	62	250	0	8	1	3	0	0	0	1	0	0	0	0	0	0	1	0	0	0	0	0	0
NZ_UGQW01000002.1	3p	-	58	53	69	53	42	217	1	5	1	1	1	0	0	0	0	0	1	0	1	0	0	0	0	0	0	0	0
NZ_UGQW01000002.1	3p	-	59	45	61	57	39	202	4	5	2	0	0	0	0	0	0	0	0	0	0	0	0	0	0	0	0	0	0
NZ_UGQW01000002.1	3p	-	60	41	55	41	48	185	0	3	0	1	0	0	0	1	1	0	0	0	0	0	0	0	0	0	0	0	0
NZ_UGQW01000002.1	3p	-	61	41	53	43	33	170	1	4	1	1	0	0	1	0	0	0	2	1	0	0	0	0	0	0	0	0	0
NZ_UGQW01000002.1	3p	-	62	38	43	33	43	157	1	2	0	3	0	0	0	0	0	1	0	0	0	0	0	0	0	0	0	0	0
NZ_UGQW01000002.1	3p	-	63	41	32	43	35	151	1	4	0	1	0	0	0	0	0	0	0	1	0	0	0	0	0	0	0	0	0
NZ_UGQW01000002.1	3p	-	64	34	44	27	34	139	1	4	2	1	0	0	0	0	0	0	0	1	0	0	0	0	0	0	0	0	0
NZ_UGQW01000002.1	3p	-	65	32	31	31	28	122	0	4	0	1	0	1	0	0	0	0	0	0	0	0	0	0	0	0	0	0	0
NZ_UGQW01000002.1	3p	-	66	24	29	26	29	108	1	0	0	0	0	0	0	0	0	0	0	1	0	0	0	0	0	0	0	0	0
NZ_UGQW01000002.1	3p	-	67	19	25	33	23	100	1	5	1	0	1	0	0	0	0	0	0	0	0	0	0	0	0	0	0	0	0
NZ_UGQW01000002.1	3p	-	68	26	23	24	19	92	0	1	0	0	0	0	0	1	0	0	0	0	0	0	0	0	0	0	0	0	0
NZ_UGQW01000002.1	3p	-	69	24	22	22	21	89	0	1	0	1	0	0	0	0	0	0	0	0	0	0	0	0	0	0	0	0	0
NZ_UGQW01000002.1	3p	-	70	20	16	22	22	80	0	0	0	0	0	0	0	0	0	0	0	0	0	0	0	0	0	0	0	0	0
NZ_UGQW01000002.1	5p	+	1	1234	1444	647	1178	4503	35	320	18	18	7	14	6	10	6	2	4	9	0	0	0	0	0	0	0	0	0
NZ_UGQW01000002.1	5p	+	2	1322	1387	895	899	4503	40	181	36	27	8	5	15	7	4	5	13	13	0	0	0	1	0	0	0	0	0
NZ_UGQW01000002.1	5p	+	3	1197	1180	1247	879	4503	45	111	27	26	5	2	9	10	3	4	20	6	0	1	0	0	0	0	0	0	0
NZ_UGQW01000002.1	5p	+	4	1223	1277	1013	990	4503	22	126	18	34	5	3	8	12	4	2	14	5	0	1	0	0	0	0	0	0	0
NZ_UGQW01000002.1	5p	+	5	1058	1367	1166	910	4501	28	106	31	32	12	5	8	12	5	1	13	10	0	0	0	0	1	0	0	1	0
NZ_UGQW01000002.1	5p	+	6	1049	1263	1193	996	4501	27	92	24	20	11	3	6	4	8	0	14	6	0	0	0	0	0	2	0	0	0
NZ_UGQW01000002.1	5p	+	7	1081	1324	1092	1006	4503	22	97	20	25	7	2	5	6	5	0	14	7	0	0	0	0	0	0	0	0	0
NZ_UGQW01000002.1	5p	+	8	1015	1365	1228	892	4500	23	109	23	17	5	1	11	7	10	1	8	7	0	0	0	0	1	0	1	1	0
NZ_UGQW01000002.1	5p	+	9	1029	1293	1192	988	4502	35	91	15	20	8	3	9	6	5	4	10	9	0	0	0	0	1	0	0	0	0
NZ_UGQW01000002.1	5p	+	10	1072	1212	1123	1093	4500	12	61	28	29	9	2	12	6	4	1	11	5	1	1	0	0	0	1	2	0	0
NZ_UGQW01000002.1	5p	+	11	1006	1397	1112	988	4503	22	73	32	29	4	7	13	15	6	2	10	6	0	0	0	0	0	0	0	0	0
NZ_UGQW01000002.1	5p	+	12	1091	1219	1218	975	4503	20	53	33	19	9	2	12	6	2	6	9	10	0	1	1	0	0	0	0	0	0
NZ_UGQW01000002.1	5p	+	13	1087	1196	1112	1107	4502	16	59	29	27	5	7	4	4	6	0	18	4	0	1	0	0	0	1	0	0	0
NZ_UGQW01000002.1	5p	+	14	974	1360	1217	950	4501	26	72	17	24	10	2	8	7	5	1	9	5	0	0	1	2	1	0	1	0	0
NZ_UGQW01000002.1	5p	+	15	1033	1234	1245	990	4502	30	67	22	33	6	4	11	9	3	6	15	5	0	0	1	1	1	0	0	0	0
NZ_UGQW01000002.1	5p	+	16	1125	1266	1058	1052	4501	26	47	28	22	8	4	8	6	5	1	9	10	0	0	0	0	0	2	0	0	0
NZ_UGQW01000002.1	5p	+	17	1015	1343	1165	978	4501	30	65	34	33	6	1	13	7	6	3	17	6	0	1	1	1	0	0	1	1	0
NZ_UGQW01000002.1	5p	+	18	1056	1235	1255	957	4503	30	59	25	34	5	3	6	10	3	4	12	5	0	1	0	0	0	0	0	0	0
NZ_UGQW01000002.1	5p	+	19	1121	1275	1078	1029	4503	24	52	26	20	5	2	10	8	2	3	4	5	0	1	1	0	0	0	0	0	0
NZ_UGQW01000002.1	5p	+	20	1041	1420	1148	893	4502	22	74	28	30	5	0	7	4	6	0	7	6	0	1	2	0	1	0	0	0	0
NZ_UGQW01000002.1	5p	+	21	1022	1245	1272	961	4500	34	61	27	27	6	1	3	2	8	2	14	9	0	0	1	1	0	0	2	1	0
NZ_UGQW01000002.1	5p	+	22	1156	1284	1050	1012	4502	18	62	23	22	5	0	9	5	4	2	11	3	0	0	0	1	0	0	1	0	0
NZ_UGQW01000002.1	5p	+	23	990	1359	1139	1015	4503	35	74	40	35	5	3	8	8	9	4	17	9	1	0	1	1	0	0	0	0	0
NZ_UGQW01000002.1	5p	+	24	1019	1236	1273	975	4503	28	71	21	24	5	0	13	11	1	0	17	5	1	0	0	5	0	0	0	0	0
NZ_UGQW01000002.1	5p	+	25	1133	1278	1032	1059	4502	22	69	20	30	6	6	10	3	6	4	12	12	2	1	0	2	0	0	0	1	0
NZ_UGQW01000002.1	5p	+	26	1013	1371	1154	965	4503	31	85	27	24	5	2	11	7	4	0	16	7	0	0	1	1	0	0	0	0	0
NZ_UGQW01000002.1	5p	+	27	1059	1211	1238	995	4503	27	77	27	25	5	1	9	8	6	7	10	6	0	0	0	1	0	0	0	0	0
NZ_UGQW01000002.1	5p	+	28	1175	1237	1060	1030	4502	24	95	24	25	4	2	8	9	9	1	12	4	1	0	0	2	0	0	1	0	0
NZ_UGQW01000002.1	5p	+	29	1106	1332	1096	969	4503	35	107	32	27	8	6	9	11	6	4	9	13	0	1	1	0	0	0	0	0	0
NZ_UGQW01000002.1	5p	+	30	1130	1253	1147	972	4502	23	110	22	28	9	4	7	12	11	3	17	4	0	0	2	1	0	0	0	1	0
NZ_UGQW01000002.1	5p	+	31	1039	1128	938	958	4063	19	85	14	21	7	3	8	7	5	2	8	6	0	0	1	1	0	0	0	0	0
NZ_UGQW01000002.1	5p	+	32	844	1123	905	793	3665	23	98	20	30	5	1	8	4	7	7	14	7	0	0	0	1	1	0	0	0	0
NZ_UGQW01000002.1	5p	+	33	848	889	849	723	3309	16	88	22	18	5	1	7	2	2	5	18	9	0	0	0	1	0	0	0	0	0
NZ_UGQW01000002.1	5p	+	34	812	829	678	685	3004	8	77	17	11	1	1	6	5	4	3	7	3	0	0	1	1	0	0	1	0	0
NZ_UGQW01000002.1	5p	+	35	629	820	664	575	2688	18	78	18	18	7	2	2	4	3	1	11	3	0	0	0	1	0	0	0	0	0
NZ_UGQW01000002.1	5p	+	36	622	661	603	523	2409	17	74	11	14	1	1	4	0	3	1	3	3	0	0	0	0	0	0	0	0	0
NZ_UGQW01000002.1	5p	+	37	581	629	464	511	2185	13	65	13	5	4	1	2	2	3	0	6	3	0	0	0	0	0	0	0	0	0
NZ_UGQW01000002.1	5p	+	38	513	590	430	466	1999	5	76	15	18	2	2	1	3	4	1	6	2	0	0	0	0	0	0	0	0	0
NZ_UGQW01000002.1	5p	+	39	482	464	461	396	1803	7	61	7	6	1	1	1	4	0	2	6	5	0	0	0	0	0	0	0	1	0
NZ_UGQW01000002.1	5p	+	40	447	466	360	376	1649	6	44	8	13	3	0	0	0	3	1	8	2	0	0	1	0	0	0	0	0	0
NZ_UGQW01000002.1	5p	+	41	336	448	383	326	1493	10	49	7	8	0	2	3	4	0	0	5	1	0	0	0	0	0	0	0	0	0
NZ_UGQW01000002.1	5p	+	42	317	409	358	298	1382	10	45	3	6	1	2	2	1	4	0	3	5	0	0	0	0	0	0	0	0	0
NZ_UGQW01000002.1	5p	+	43	305	351	275	294	1225	8	44	6	6	1	0	5	3	1	0	3	2	0	0	0	1	0	0	0	0	0
NZ_UGQW01000002.1	5p	+	44	260	344	257	225	1086	6	42	4	5	1	0	2	1	0	0	3	1	0	0	0	0	0	0	0	0	0
NZ_UGQW01000002.1	5p	+	45	258	250	245	209	962	3	25	3	8	0	1	0	2	1	0	2	3	0	0	0	1	0	0	0	0	0
NZ_UGQW01000002.1	5p	+	46	223	263	160	211	857	4	17	6	4	0	0	1	0	0	0	0	1	0	0	0	0	0	0	0	0	0
NZ_UGQW01000002.1	5p	+	47	177	242	202	145	766	7	28	5	1	0	1	0	1	0	0	1	1	0	0	0	0	0	0	0	0	0
NZ_UGQW01000002.1	5p	+	48	192	180	155	157	684	4	12	4	4	0	0	1	0	0	0	0	0	0	0	0	0	0	0	0	0	0
NZ_UGQW01000002.1	5p	+	49	141	191	154	138	624	0	14	5	1	1	0	0	1	1	1	0	0	0	0	0	0	0	0	0	0	0
NZ_UGQW01000002.1	5p	+	50	127	174	140	117	558	5	13	3	3	0	1	0	1	0	0	1	0	0	0	0	0	0	0	0	0	0
NZ_UGQW01000002.1	5p	+	51	133	110	139	118	500	5	11	5	4	0	0	1	1	0	0	0	3	0	0	0	0	0	0	0	0	0
NZ_UGQW01000002.1	5p	+	52	122	131	96	99	448	5	16	2	1	0	0	0	1	0	0	0	1	0	0	0	0	0	0	0	0	0
NZ_UGQW01000002.1	5p	+	53	106	114	87	91	398	2	15	2	2	0	1	1	0	0	0	0	0	0	0	0	0	0	0	0	0	0
NZ_UGQW01000002.1	5p	+	54	109	88	87	74	358	4	6	2	0	0	0	0	0	2	0	1	1	0	0	0	0	0	0	0	0	0
NZ_UGQW01000002.1	5p	+	55	85	93	76	74	328	1	9	3	1	0	0	0	1	0	0	1	0	0	0	0	0	0	0	0	0	0
NZ_UGQW01000002.1	5p	+	56	71	88	71	67	297	1	8	2	2	0	0	0	1	0	0	1	0	0	0	0	1	0	0	0	0	0
NZ_UGQW01000002.1	5p	+	57	56	78	70	56	260	2	3	0	4	0	0	0	1	0	0	1	0	0	0	0	0	0	0	0	0	0
NZ_UGQW01000002.1	5p	+	58	56	75	50	59	240	2	4	2	1	0	0	0	2	0	0	0	0	0	0	0	0	0	0	0	0	0
NZ_UGQW01000002.1	5p	+	59	50	57	71	41	219	2	5	0	2	0	0	0	0	0	0	0	0	0	0	0	0	0	0	0	0	0
NZ_UGQW01000002.1	5p	+	60	59	52	55	35	201	0	4	1	0	0	0	0	0	0	0	0	0	0	0	0	0	0	0	0	0	0
NZ_UGQW01000002.1	5p	+	61	35	58	35	54	182	0	7	0	0	1	0	0	0	1	0	0	0	0	0	0	0	0	0	0	0	0
NZ_UGQW01000002.1	5p	+	62	36	52	35	45	168	0	8	0	2	0	0	1	0	1	0	1	0	0	0	0	0	0	0	0	0	0
NZ_UGQW01000002.1	5p	+	63	37	39	41	42	159	0	4	0	0	0	0	0	0	0	0	1	0	0	0	0	0	0	0	0	0	0
NZ_UGQW01000002.1	5p	+	64	32	41	45	28	146	2	1	1	1	0	0	0	2	0	0	0	0	0	0	0	0	0	0	0	0	0
NZ_UGQW01000002.1	5p	+	65	35	46	27	26	134	0	3	0	2	0	0	0	1	0	0	0	0	0	0	0	0	0	0	0	0	0
NZ_UGQW01000002.1	5p	+	66	27	28	33	29	117	1	3	0	0	0	0	0	0	0	0	0	0	0	0	0	0	0	0	0	0	0
NZ_UGQW01000002.1	5p	+	67	31	24	27	28	110	0	0	0	2	0	0	0	0	1	0	0	0	0	0	0	0	0	0	0	0	0
NZ_UGQW01000002.1	5p	+	68	37	26	22	14	99	0	5	0	0	0	1	0	0	0	0	0	0	0	0	0	0	0	1	0	0	0
NZ_UGQW01000002.1	5p	+	69	23	29	18	21	91	0	7	0	0	0	0	0	0	0	0	0	0	0	0	0	0	0	0	0	0	0
NZ_UGQW01000002.1	5p	+	70	23	24	11	23	81	0	3	0	1	0	0	0	0	0	0	1	0	0	0	0	0	0	0	0	0	0
NZ_UGQW01000002.1	5p	-	1	1136	1321	707	1179	4343	30	288	23	27	9	7	1	5	3	4	5	8	0	0	0	0	0	0	0	0	0
NZ_UGQW01000002.1	5p	-	2	1213	1276	914	940	4343	49	139	31	30	9	6	9	10	4	3	7	12	0	0	0	0	0	0	0	0	0
NZ_UGQW01000002.1	5p	-	3	1162	1019	1234	928	4343	29	93	34	31	6	2	10	12	7	4	17	3	0	0	0	0	0	0	0	0	0
NZ_UGQW01000002.1	5p	-	4	1165	1185	1022	971	4343	46	138	18	19	4	3	3	8	5	6	7	3	0	0	0	0	0	0	0	0	0
NZ_UGQW01000002.1	5p	-	5	1004	1318	1098	923	4343	36	86	34	36	4	9	10	11	3	2	17	7	0	0	1	1	0	0	0	0	0
NZ_UGQW01000002.1	5p	-	6	950	1171	1217	1002	4340	28	108	33	29	2	4	6	9	6	5	8	5	0	0	2	1	0	0	0	2	0
NZ_UGQW01000002.1	5p	-	7	1007	1214	1097	1025	4343	21	95	27	22	6	2	5	6	5	2	16	4	0	0	0	0	0	0	0	0	0
NZ_UGQW01000002.1	5p	-	8	943	1249	1227	924	4343	27	79	30	26	7	2	10	14	4	0	11	5	0	0	0	0	0	0	0	0	0
NZ_UGQW01000002.1	5p	-	9	957	1173	1210	1000	4340	28	80	23	26	4	2	4	4	4	2	20	8	1	1	0	0	1	1	1	0	0
NZ_UGQW01000002.1	5p	-	10	1018	1151	1137	1035	4341	33	69	19	28	4	2	5	5	6	0	14	7	0	1	2	0	0	1	0	1	0
NZ_UGQW01000002.1	5p	-	11	937	1319	1127	958	4341	32	72	24	25	4	4	6	5	3	3	10	4	0	0	0	0	0	2	0	0	0
NZ_UGQW01000002.1	5p	-	12	967	1188	1221	967	4343	31	59	23	25	5	4	11	6	4	3	11	4	0	0	0	0	0	0	0	0	0
NZ_UGQW01000002.1	5p	-	13	1011	1160	1128	1041	4340	19	53	23	17	6	3	6	8	5	4	5	6	1	0	1	1	1	0	0	2	0
NZ_UGQW01000002.1	5p	-	14	917	1281	1182	961	4341	25	58	21	33	7	1	4	4	3	1	13	6	0	0	0	2	0	0	1	1	0
NZ_UGQW01000002.1	5p	-	15	998	1156	1214	974	4342	21	53	24	27	6	2	3	6	5	2	14	3	1	0	0	2	0	1	0	0	0
NZ_UGQW01000002.1	5p	-	16	1082	1164	1059	1038	4343	29	62	22	16	5	5	6	4	4	1	10	4	2	1	1	1	0	0	0	0	0
NZ_UGQW01000002.1	5p	-	17	945	1272	1163	962	4342	26	60	22	33	3	2	6	6	2	1	11	8	1	0	0	2	0	0	0	1	0
NZ_UGQW01000002.1	5p	-	18	964	1139	1195	1045	4343	22	62	26	34	7	3	6	9	7	3	12	8	0	0	0	0	0	0	0	0	0
NZ_UGQW01000002.1	5p	-	19	981	1189	1128	1044	4342	20	47	23	14	2	0	3	5	3	1	5	4	0	0	0	0	0	0	1	0	0
NZ_UGQW01000002.1	5p	-	20	937	1322	1155	925	4339	25	63	21	21	4	6	5	6	6	1	17	8	0	0	0	0	1	0	2	0	0
NZ_UGQW01000002.1	5p	-	21	969	1153	1264	956	4342	24	48	22	26	8	0	10	3	3	2	15	3	0	0	1	1	0	1	0	0	0
NZ_UGQW01000002.1	5p	-	22	1037	1191	1062	1051	4341	13	57	23	24	4	0	5	3	2	2	9	5	0	1	0	1	0	0	1	1	0
NZ_UGQW01000002.1	5p	-	23	962	1325	1080	975	4342	22	81	28	32	10	3	7	11	3	1	8	7	0	0	0	2	1	0	0	0	0
NZ_UGQW01000002.1	5p	-	24	987	1128	1194	1033	4342	30	69	24	23	6	6	9	6	2	4	13	7	0	1	1	1	1	0	0	0	0
NZ_UGQW01000002.1	5p	-	25	1017	1155	1072	1098	4342	27	58	21	19	5	4	8	5	8	3	8	4	2	0	1	0	1	0	0	0	0
NZ_UGQW01000002.1	5p	-	26	958	1229	1182	972	4341	29	61	24	24	3	2	9	4	9	2	12	10	0	0	0	1	1	0	0	1	0
NZ_UGQW01000002.1	5p	-	27	1012	1188	1135	1008	4343	37	65	27	16	7	3	8	8	6	2	12	4	1	0	0	3	0	0	0	0	0
NZ_UGQW01000002.1	5p	-	28	1100	1158	1035	1047	4340	13	88	23	26	6	2	11	4	7	6	15	7	2	0	1	0	1	1	0	1	0
NZ_UGQW01000002.1	5p	-	29	1010	1289	1153	889	4341	31	94	23	27	8	6	10	7	5	2	18	8	2	0	1	1	1	1	0	0	0
NZ_UGQW01000002.1	5p	-	30	1057	1220	1156	909	4342	29	119	25	26	3	1	11	10	8	2	15	11	0	0	0	0	0	0	0	1	0
NZ_UGQW01000002.1	5p	-	31	996	1099	956	879	3930	24	110	17	16	2	2	2	7	2	1	14	8	0	1	0	0	0	1	0	0	0
NZ_UGQW01000002.1	5p	-	32	832	1089	863	766	3550	22	102	24	15	5	2	6	3	2	2	10	12	0	0	1	0	0	1	2	0	0
NZ_UGQW01000002.1	5p	-	33	752	895	814	725	3186	26	85	15	20	6	0	11	7	7	0	8	6	0	0	1	1	0	0	0	0	0
NZ_UGQW01000002.1	5p	-	34	738	778	694	671	2881	12	79	13	21	0	4	2	3	3	1	8	2	1	0	0	2	0	0	0	0	0
NZ_UGQW01000002.1	5p	-	35	601	778	629	577	2585	16	69	14	20	1	2	3	7	1	3	8	2	0	0	0	0	0	1	0	0	0
NZ_UGQW01000002.1	5p	-	36	575	618	613	515	2321	12	61	12	8	0	4	5	2	2	0	8	5	0	0	0	0	0	0	0	0	0
NZ_UGQW01000002.1	5p	-	37	523	560	484	551	2118	12	50	10	16	0	2	1	2	3	0	4	2	0	0	0	1	0	0	0	0	0
NZ_UGQW01000002.1	5p	-	38	430	586	497	415	1928	17	61	8	10	3	1	3	5	2	0	3	2	0	0	0	1	0	0	0	0	0
NZ_UGQW01000002.1	5p	-	39	408	501	444	403	1756	11	56	13	9	1	2	4	1	3	1	3	4	0	0	0	1	0	0	0	0	0
NZ_UGQW01000002.1	5p	-	40	405	415	399	367	1586	15	44	6	5	2	1	4	3	1	1	7	3	0	0	1	0	0	0	0	0	0
NZ_UGQW01000002.1	5p	-	41	350	419	354	312	1435	10	56	7	6	3	0	4	0	1	1	0	0	0	0	0	1	0	0	0	0	0
NZ_UGQW01000002.1	5p	-	42	320	349	331	308	1308	8	35	10	4	0	0	1	2	1	1	1	0	0	0	0	0	0	0	0	0	0
NZ_UGQW01000002.1	5p	-	43	293	303	288	283	1167	6	30	4	5	1	0	0	1	1	1	4	1	0	0	0	0	0	0	0	0	0
NZ_UGQW01000002.1	5p	-	44	240	321	240	237	1038	4	33	4	7	0	0	1	2	1	1	3	1	0	0	0	0	0	0	0	0	0
NZ_UGQW01000002.1	5p	-	45	219	246	254	200	919	4	31	4	7	2	1	3	3	0	1	2	4	0	0	0	0	1	1	0	0	0
NZ_UGQW01000002.1	5p	-	46	207	240	168	194	809	4	27	2	0	0	2	1	1	1	0	1	0	0	0	0	0	0	0	0	0	0
NZ_UGQW01000002.1	5p	-	47	174	224	173	151	722	4	33	3	4	0	1	1	3	1	1	1	0	0	0	0	1	0	0	0	0	0
NZ_UGQW01000002.1	5p	-	48	159	177	183	126	645	2	15	4	3	1	0	1	0	0	0	2	0	0	0	0	0	0	0	0	0	0
NZ_UGQW01000002.1	5p	-	49	142	153	134	130	559	2	16	0	2	1	0	1	2	1	0	1	0	0	0	0	0	0	0	0	0	0
NZ_UGQW01000002.1	5p	-	50	112	146	137	107	502	4	17	2	2	0	1	0	0	0	1	1	3	0	0	0	0	0	0	0	0	0
NZ_UGQW01000002.1	5p	-	51	108	115	133	100	456	5	16	4	2	0	1	0	0	2	0	1	0	0	0	0	0	0	0	0	0	0
NZ_UGQW01000002.1	5p	-	52	89	120	97	107	413	1	5	2	2	0	0	0	0	0	1	2	0	0	0	0	0	0	0	0	0	0
NZ_UGQW01000002.1	5p	-	53	74	102	103	93	372	1	9	2	3	0	0	1	2	0	0	0	0	0	0	0	0	0	0	0	0	0
NZ_UGQW01000002.1	5p	-	54	74	91	95	76	336	2	8	3	1	0	0	1	1	0	1	3	0	0	0	0	0	0	1	0	0	0
NZ_UGQW01000002.1	5p	-	55	83	89	72	67	311	1	9	2	2	0	0	1	0	0	0	1	0	0	0	0	0	0	0	0	0	0
NZ_UGQW01000002.1	5p	-	56	75	79	68	62	284	0	7	2	0	0	0	0	0	0	0	2	1	0	0	0	0	0	0	0	0	0
NZ_UGQW01000002.1	5p	-	57	55	74	68	53	250	1	6	3	2	0	0	0	0	1	0	0	0	0	0	0	0	0	0	0	0	0
NZ_UGQW01000002.1	5p	-	58	56	61	53	47	217	0	5	0	0	0	0	0	0	0	0	0	0	0	0	0	0	0	0	0	0	0
NZ_UGQW01000002.1	5p	-	59	43	59	51	49	202	2	5	0	3	0	0	0	1	0	0	1	0	0	0	0	0	0	0	0	0	0
NZ_UGQW01000002.1	5p	-	60	48	54	47	36	185	0	8	1	0	0	1	1	1	0	0	0	0	0	0	1	0	0	0	0	0	0
NZ_UGQW01000002.1	5p	-	61	45	47	45	32	169	0	3	3	1	0	1	0	1	0	0	0	0	0	0	1	0	0	1	0	0	0
NZ_UGQW01000002.1	5p	-	62	43	39	52	23	157	0	6	1	1	0	0	0	1	0	0	0	0	0	0	0	0	0	0	0	0	0
NZ_UGQW01000002.1	5p	-	63	37	48	37	29	151	1	5	0	1	0	0	0	0	1	0	0	0	0	0	0	0	0	0	0	0	0
NZ_UGQW01000002.1	5p	-	64	33	46	25	35	139	1	5	1	0	0	0	0	0	0	0	0	1	0	0	0	0	0	0	0	0	0
NZ_UGQW01000002.1	5p	-	65	26	34	32	30	122	0	3	0	0	0	0	0	0	0	0	0	0	0	0	0	0	0	0	0	0	0
NZ_UGQW01000002.1	5p	-	66	25	29	28	26	108	1	2	2	0	0	0	0	0	0	1	0	0	0	0	0	0	0	0	0	0	0
NZ_UGQW01000002.1	5p	-	67	30	28	18	24	100	2	1	1	1	1	0	0	1	0	0	0	0	0	0	0	0	0	0	0	0	0
NZ_UGQW01000002.1	5p	-	68	14	19	29	30	92	0	2	0	1	0	0	0	0	0	0	0	0	0	0	0	0	0	0	0	0	0
NZ_UGQW01000002.1	5p	-	69	21	25	21	22	89	0	1	1	0	0	0	0	0	1	0	0	0	0	0	0	0	0	0	0	0	0
NZ_UGQW01000002.1	5p	-	70	27	19	22	12	80	0	0	0	0	1	0	0	0	0	0	0	1	0	0	0	0	0	0	0	0	0
