# table produced by mapDamage version 2.2.3
# using mapped file /mnt/archgen/microbiome_calculus/library_ds_vs_ss/04-analysis/normalize_kraken/mapping/lautropia_mirabilis/mapDamage2_ssLibs/input/PES001.B0102.SG1.5_5M.mapped_l_mirabilis_q25l30_rmdup.bam and /mnt/archgen/microbiome_calculus/library_ds_vs_ss/04-analysis/normalize_kraken/mapping/lautropia_mirabilis/input/GCF_900637555.1_51726_E01_genomic.fna as reference file
# Chr: reference from sam/bam header, End: from which termini of DNA sequences, Std: strand of reads
Chr	End	Std	Pos	A	C	G	T	Total	G>A	C>T	A>G	T>C	A>C	A>T	C>G	C>A	T>G	T>A	G>C	G>T	A>-	T>-	C>-	G>-	->A	->T	->C	->G	S
NZ_LR134378.1	3p	+	1	2585	6558	4404	3576	17123	64	2170	69	75	20	25	58	32	18	9	55	51	0	0	0	0	0	0	0	0	0
NZ_LR134378.1	3p	+	2	3817	5417	5516	2373	17123	105	969	100	53	12	11	46	31	15	12	35	28	0	0	0	0	0	0	0	0	0
NZ_LR134378.1	3p	+	3	3214	5247	5921	2741	17123	115	764	91	80	17	14	64	25	15	7	39	37	0	0	0	0	0	0	0	0	0
NZ_LR134378.1	3p	+	4	3076	5590	5418	3039	17123	96	563	94	95	7	5	37	18	18	9	31	26	0	0	0	0	0	0	0	0	0
NZ_LR134378.1	3p	+	5	3358	5312	5339	3113	17122	84	413	95	98	16	10	33	24	12	14	49	37	0	0	0	0	0	0	1	0	0
NZ_LR134378.1	3p	+	6	3043	5614	5621	2838	17116	94	352	89	93	20	6	38	22	16	11	46	30	0	0	0	0	1	1	5	0	0
NZ_LR134378.1	3p	+	7	2998	5611	5434	3077	17120	85	295	88	105	13	5	38	21	18	14	39	22	0	1	0	1	1	0	1	1	0
NZ_LR134378.1	3p	+	8	3107	5452	5465	3098	17122	76	245	78	71	20	7	33	17	11	3	44	25	0	0	3	2	0	0	0	1	0
NZ_LR134378.1	3p	+	9	3016	5530	5664	2910	17120	73	219	102	72	12	11	54	20	17	9	43	22	0	1	3	3	1	1	0	1	0
NZ_LR134378.1	3p	+	10	2963	5638	5403	3116	17120	78	218	80	83	12	8	44	11	10	7	47	34	1	2	0	4	0	0	1	2	0
NZ_LR134378.1	3p	+	11	3124	5474	5412	3112	17122	74	205	75	77	11	5	37	21	13	12	50	22	0	0	1	5	0	0	1	0	0
NZ_LR134378.1	3p	+	12	3056	5631	5633	2803	17123	103	226	90	88	14	8	51	30	10	14	59	31	2	0	1	9	0	0	0	0	0
NZ_LR134378.1	3p	+	13	3032	5619	5442	3028	17121	104	212	90	91	15	13	37	25	17	13	45	26	0	1	2	7	0	1	1	0	0
NZ_LR134378.1	3p	+	14	3119	5503	5523	2971	17116	76	211	62	76	14	11	36	26	18	9	41	22	0	0	4	3	1	5	1	0	0
NZ_LR134378.1	3p	+	15	2914	5578	5765	2860	17117	88	239	83	89	22	9	60	14	14	4	47	30	0	2	0	3	2	1	1	2	0
NZ_LR134378.1	3p	+	16	2977	5700	5434	3010	17121	91	221	77	98	21	6	33	18	19	8	43	27	1	1	1	4	0	0	1	1	0
NZ_LR134378.1	3p	+	17	3111	5444	5466	3100	17121	80	214	74	80	16	6	35	21	15	4	55	17	2	0	0	1	1	0	1	0	0
NZ_LR134378.1	3p	+	18	3021	5510	5724	2868	17123	90	223	96	82	16	7	39	18	20	2	44	30	0	0	0	2	0	0	0	0	0
NZ_LR134378.1	3p	+	19	2926	5631	5614	2952	17123	87	210	71	74	14	9	48	25	17	10	53	35	1	0	0	1	0	0	0	0	0
NZ_LR134378.1	3p	+	20	3085	5520	5468	3046	17119	75	227	71	87	10	7	35	20	9	11	46	25	1	0	1	5	1	1	2	0	0
NZ_LR134378.1	3p	+	21	2921	5714	5644	2843	17122	105	220	89	102	9	7	53	21	17	8	49	31	0	1	1	1	0	0	1	0	0
NZ_LR134378.1	3p	+	22	2979	5634	5468	3040	17121	84	249	71	81	18	12	30	16	11	5	48	26	2	1	1	5	1	0	0	1	0
NZ_LR134378.1	3p	+	23	3234	5498	5384	3005	17121	95	228	82	80	8	8	33	22	17	8	42	27	0	0	2	2	0	2	0	0	0
NZ_LR134378.1	3p	+	24	2937	5568	5719	2899	17123	104	195	100	95	16	11	51	23	17	13	61	22	0	0	1	3	0	0	0	0	0
NZ_LR134378.1	3p	+	25	2980	5693	5597	2850	17120	84	246	89	94	11	8	41	10	13	5	48	16	0	1	0	1	1	1	0	1	0
NZ_LR134378.1	3p	+	26	3163	5501	5412	3040	17116	89	227	82	71	13	6	50	23	16	11	40	16	0	0	0	2	1	2	2	2	0
NZ_LR134378.1	3p	+	27	2964	5732	5658	2764	17118	93	274	94	90	21	10	53	24	18	3	56	26	2	0	0	3	2	1	1	1	0
NZ_LR134378.1	3p	+	28	2876	5841	5483	2919	17119	73	299	92	87	15	8	42	17	13	8	49	24	3	0	0	2	1	3	0	0	0
NZ_LR134378.1	3p	+	29	3121	5517	5388	3091	17117	92	354	82	72	11	9	38	16	13	14	38	26	1	1	0	1	1	2	2	1	0
NZ_LR134378.1	3p	+	30	2963	5709	5512	2937	17121	98	522	74	91	15	14	39	29	18	11	41	24	0	0	2	0	0	1	1	0	0
NZ_LR134378.1	3p	+	31	2665	5398	4924	2816	15803	74	466	76	89	10	8	51	12	16	7	40	23	1	0	1	1	1	0	0	1	0
NZ_LR134378.1	3p	+	32	2712	4726	4399	2663	14500	63	411	66	76	18	6	27	17	12	6	42	17	1	0	0	1	0	0	0	1	0
NZ_LR134378.1	3p	+	33	2349	4368	4315	2266	13298	82	399	64	59	13	5	38	6	13	7	40	21	0	0	0	1	0	0	0	0	0
NZ_LR134378.1	3p	+	34	2092	4074	3881	2199	12246	63	359	64	77	11	8	32	10	13	4	26	21	0	0	0	2	1	0	0	1	0
NZ_LR134378.1	3p	+	35	2064	3671	3484	2037	11256	47	351	41	50	8	7	28	12	8	3	31	16	0	0	3	0	0	2	0	1	0
NZ_LR134378.1	3p	+	36	1786	3532	3298	1765	10381	56	311	45	38	13	5	26	6	12	1	26	12	1	1	1	2	0	1	0	0	0
NZ_LR134378.1	3p	+	37	1711	3189	2970	1698	9568	43	291	43	45	10	5	30	5	3	7	29	15	1	0	1	2	0	0	0	1	0
NZ_LR134378.1	3p	+	38	1640	2874	2724	1589	8827	37	266	40	35	6	3	18	7	7	5	20	14	1	0	0	0	0	0	0	1	0
NZ_LR134378.1	3p	+	39	1441	2707	2598	1391	8137	42	279	45	44	8	6	19	10	4	3	24	14	0	0	0	2	0	0	2	0	0
NZ_LR134378.1	3p	+	40	1309	2547	2273	1361	7490	32	260	33	27	5	8	24	14	8	4	20	6	0	0	0	1	0	0	0	0	0
NZ_LR134378.1	3p	+	41	1362	2252	2046	1262	6922	35	220	31	26	4	2	9	9	5	3	16	9	0	0	0	0	0	0	0	0	0
NZ_LR134378.1	3p	+	42	1096	2142	2064	1086	6388	31	222	31	28	7	3	21	5	3	4	11	10	0	0	0	1	0	0	0	0	0
NZ_LR134378.1	3p	+	43	1051	1924	1795	1053	5823	25	212	34	29	5	6	14	6	4	5	13	10	0	0	1	0	0	0	0	0	0
NZ_LR134378.1	3p	+	44	959	1716	1653	956	5284	24	171	20	17	4	5	8	7	4	1	11	7	0	0	0	0	0	0	0	0	0
NZ_LR134378.1	3p	+	45	879	1579	1490	837	4785	23	165	18	17	4	2	11	4	3	4	19	9	0	0	0	0	1	1	0	0	0
NZ_LR134378.1	3p	+	46	781	1526	1293	772	4372	15	160	25	19	1	2	13	0	2	2	11	6	0	0	0	0	0	0	0	1	0
NZ_LR134378.1	3p	+	47	773	1323	1203	721	4020	19	137	13	23	4	2	4	8	1	2	9	5	0	0	0	0	0	0	0	0	0
NZ_LR134378.1	3p	+	48	616	1202	1200	634	3652	18	123	24	19	2	2	5	9	3	2	5	3	0	1	0	0	0	0	0	0	0
NZ_LR134378.1	3p	+	49	565	1126	986	643	3320	10	120	18	17	2	2	9	3	1	2	8	5	0	0	0	0	1	0	0	0	0
NZ_LR134378.1	3p	+	50	594	985	899	529	3007	11	109	9	11	3	1	4	2	3	0	8	10	0	0	1	0	0	0	0	0	0
NZ_LR134378.1	3p	+	51	437	926	869	495	2727	5	97	12	14	0	5	2	1	3	3	9	4	0	0	0	0	0	0	0	0	0
NZ_LR134378.1	3p	+	52	414	817	789	486	2506	8	75	9	10	5	5	3	3	2	0	8	6	0	0	0	0	0	0	0	0	0
NZ_LR134378.1	3p	+	53	451	740	708	412	2311	10	60	8	3	1	2	1	1	1	1	4	3	0	1	0	0	0	0	0	0	0
NZ_LR134378.1	3p	+	54	372	742	660	346	2120	11	81	10	7	0	1	3	2	1	2	5	2	0	0	0	0	0	0	0	0	0
NZ_LR134378.1	3p	+	55	305	676	628	339	1948	10	55	7	12	0	3	3	5	0	1	2	6	0	1	0	0	0	0	0	1	0
NZ_LR134378.1	3p	+	56	331	591	529	350	1801	7	57	5	10	4	0	2	4	1	1	0	3	0	0	0	1	0	0	0	0	0
NZ_LR134378.1	3p	+	57	290	535	549	296	1670	10	45	12	4	2	0	6	0	1	1	0	2	0	0	0	0	0	0	0	0	0
NZ_LR134378.1	3p	+	58	244	513	519	273	1549	12	45	5	8	2	2	2	2	1	2	2	2	0	0	0	0	0	0	0	0	0
NZ_LR134378.1	3p	+	59	240	476	437	276	1429	5	36	4	5	3	0	1	3	2	1	2	2	0	0	0	0	0	0	2	0	0
NZ_LR134378.1	3p	+	60	225	467	409	238	1339	2	38	6	6	0	1	4	2	3	1	4	0	0	0	0	0	0	0	0	0	0
NZ_LR134378.1	3p	+	61	208	440	387	220	1255	5	27	8	6	0	2	5	5	1	1	2	0	0	0	0	1	0	0	0	0	0
NZ_LR134378.1	3p	+	62	218	358	361	241	1178	5	27	5	5	1	1	2	1	3	0	4	2	1	0	0	0	0	0	0	0	0
NZ_LR134378.1	3p	+	63	216	361	355	183	1115	8	26	8	7	0	1	1	1	1	0	3	2	0	0	0	1	0	0	0	0	0
NZ_LR134378.1	3p	+	64	169	347	342	184	1042	6	36	4	2	1	0	2	1	0	0	2	1	0	0	0	0	0	0	0	0	0
NZ_LR134378.1	3p	+	65	182	310	288	188	968	6	28	3	2	0	0	1	1	1	1	2	2	0	0	0	1	0	0	0	0	0
NZ_LR134378.1	3p	+	66	149	299	292	147	887	5	33	4	3	0	2	0	1	0	0	3	1	0	0	0	1	0	0	0	0	0
NZ_LR134378.1	3p	+	67	142	288	228	157	815	5	19	3	3	1	1	1	2	0	1	2	1	0	0	0	0	0	0	0	0	0
NZ_LR134378.1	3p	+	68	137	253	209	154	753	4	31	5	7	0	0	2	0	2	0	0	0	0	0	1	0	0	0	0	0	0
NZ_LR134378.1	3p	+	69	112	226	230	116	684	8	24	3	2	0	0	1	1	0	0	1	0	0	0	0	1	0	0	0	0	0
NZ_LR134378.1	3p	+	70	112	218	191	110	631	5	20	3	2	0	1	4	0	0	0	1	1	0	0	0	0	0	0	0	0	0
NZ_LR134378.1	3p	-	1	2535	6386	4330	3491	16742	83	2047	50	54	14	21	50	19	6	12	44	44	0	0	0	0	0	0	0	0	0
NZ_LR134378.1	3p	-	2	3535	5306	5416	2484	16741	91	994	103	67	7	13	47	33	15	9	36	22	0	0	0	0	0	1	0	0	0
NZ_LR134378.1	3p	-	3	2986	5121	5790	2843	16740	100	759	119	71	14	15	56	19	14	8	37	24	0	0	0	0	0	1	0	1	0
NZ_LR134378.1	3p	-	4	3023	5585	5226	2906	16740	93	566	104	86	14	8	47	16	10	6	31	25	0	0	0	0	0	0	1	1	0
NZ_LR134378.1	3p	-	5	3278	5170	5270	3021	16739	96	401	75	65	14	4	50	24	8	9	49	30	0	0	0	0	2	0	0	1	0
NZ_LR134378.1	3p	-	6	2971	5467	5492	2808	16738	88	322	95	82	17	8	58	22	15	7	51	19	2	0	2	1	0	1	3	0	0
NZ_LR134378.1	3p	-	7	2893	5546	5352	2947	16738	84	288	91	82	13	9	34	20	17	7	45	36	0	1	0	0	2	1	0	1	0
NZ_LR134378.1	3p	-	8	3161	5135	5331	3114	16741	71	239	90	78	15	11	41	17	16	5	32	18	1	0	0	1	0	0	0	1	0
NZ_LR134378.1	3p	-	9	2855	5446	5566	2874	16741	98	219	77	95	12	14	49	18	10	6	45	27	1	0	0	4	0	1	0	0	0
NZ_LR134378.1	3p	-	10	2815	5612	5307	3007	16741	97	209	94	82	17	6	29	20	22	6	52	24	2	3	1	5	0	1	0	0	0
NZ_LR134378.1	3p	-	11	3082	5324	5388	2946	16740	79	209	73	73	18	13	35	19	18	10	59	26	2	1	3	3	0	1	1	0	0
NZ_LR134378.1	3p	-	12	2776	5604	5519	2841	16740	96	208	106	80	13	10	52	18	15	10	53	21	0	1	2	6	0	1	0	1	0
NZ_LR134378.1	3p	-	13	2877	5542	5335	2984	16738	74	208	68	78	16	8	38	19	16	9	46	25	0	0	0	4	0	2	2	0	0
NZ_LR134378.1	3p	-	14	3096	5238	5315	3091	16740	89	178	70	85	19	9	42	22	10	8	43	24	0	1	2	5	0	1	0	1	0
NZ_LR134378.1	3p	-	15	2830	5484	5662	2763	16739	102	188	101	72	14	7	51	19	13	4	47	20	0	0	1	7	0	1	2	0	0
NZ_LR134378.1	3p	-	16	2736	5604	5425	2974	16739	74	206	89	88	19	12	40	20	16	5	54	24	2	0	0	5	1	0	2	0	0
NZ_LR134378.1	3p	-	17	3025	5245	5412	3054	16736	81	177	78	78	18	4	35	14	12	12	47	24	1	0	1	2	1	0	1	4	0
NZ_LR134378.1	3p	-	18	2931	5447	5537	2821	16736	92	235	109	86	13	12	40	20	17	6	47	29	0	0	1	2	1	2	1	2	0
NZ_LR134378.1	3p	-	19	2752	5576	5383	3027	16738	70	225	84	86	13	11	51	24	10	12	50	23	0	0	0	2	1	1	2	0	0
NZ_LR134378.1	3p	-	20	2966	5318	5348	3107	16739	88	222	79	76	7	9	35	17	13	9	45	28	1	3	3	2	1	0	1	1	0
NZ_LR134378.1	3p	-	21	2824	5568	5571	2779	16742	82	223	94	86	14	8	46	23	16	9	45	21	5	1	1	5	0	0	0	0	0
NZ_LR134378.1	3p	-	22	2916	5666	5236	2922	16740	86	200	84	82	16	8	50	20	18	10	45	21	1	1	1	2	1	1	0	0	0
NZ_LR134378.1	3p	-	23	3118	5259	5267	3097	16741	70	220	60	74	14	9	38	23	19	8	40	23	1	0	1	3	0	1	0	0	0
NZ_LR134378.1	3p	-	24	2819	5528	5593	2800	16740	90	191	85	68	16	9	47	29	12	10	47	20	2	1	1	2	1	0	0	1	0
NZ_LR134378.1	3p	-	25	2833	5523	5435	2948	16739	82	233	76	88	18	8	38	15	15	9	36	17	0	3	1	0	0	0	2	1	0
NZ_LR134378.1	3p	-	26	3053	5482	5229	2977	16741	76	251	79	65	20	5	44	33	16	14	42	16	0	0	1	3	0	0	1	0	0
NZ_LR134378.1	3p	-	27	2848	5581	5558	2754	16741	91	252	97	85	10	9	47	17	15	6	49	33	0	0	1	1	0	0	0	1	0
NZ_LR134378.1	3p	-	28	2835	5539	5438	2926	16738	79	300	95	101	16	7	42	29	21	5	50	23	1	1	0	0	0	0	2	2	0
NZ_LR134378.1	3p	-	29	3106	5314	5380	2940	16740	98	346	93	83	15	11	45	17	13	10	41	33	0	1	1	1	1	1	0	0	0
NZ_LR134378.1	3p	-	30	2923	5627	5431	2760	16741	90	553	92	86	12	12	50	26	17	9	62	25	1	1	1	1	0	0	1	0	0
NZ_LR134378.1	3p	-	31	2615	5227	4808	2807	15457	81	495	76	73	16	13	39	16	10	9	55	24	0	0	0	2	0	0	1	1	0
NZ_LR134378.1	3p	-	32	2570	4738	4347	2586	14241	68	415	63	58	15	8	36	18	11	8	28	20	0	0	0	0	0	0	0	0	0
NZ_LR134378.1	3p	-	33	2214	4364	4316	2221	13115	77	417	81	64	15	14	43	12	15	9	43	21	0	0	0	0	0	1	0	1	0
NZ_LR134378.1	3p	-	34	2099	4082	3722	2172	12075	69	372	60	50	9	6	33	14	18	2	36	23	0	1	1	1	1	1	1	0	0
NZ_LR134378.1	3p	-	35	2028	3689	3363	2023	11103	49	356	38	55	6	12	26	14	8	4	25	17	0	0	0	3	0	0	1	0	0
NZ_LR134378.1	3p	-	36	1707	3490	3262	1736	10195	66	309	60	55	4	8	20	15	11	6	28	20	0	0	0	0	0	1	0	1	0
NZ_LR134378.1	3p	-	37	1585	3108	3008	1709	9410	51	287	33	41	10	3	12	11	6	3	20	11	0	0	0	1	1	0	0	0	0
NZ_LR134378.1	3p	-	38	1457	2832	2658	1712	8659	42	219	44	51	7	3	19	6	5	2	18	7	2	0	0	0	0	0	0	0	0
NZ_LR134378.1	3p	-	39	1351	2666	2650	1293	7960	55	261	47	35	10	5	23	7	8	5	19	15	0	0	1	2	0	0	0	0	0
NZ_LR134378.1	3p	-	40	1236	2472	2319	1342	7369	47	217	36	43	10	7	15	12	3	10	18	14	0	0	0	0	0	0	0	1	0
NZ_LR134378.1	3p	-	41	1258	2216	2048	1296	6818	34	235	41	33	8	2	23	5	8	1	18	10	0	0	0	0	0	0	0	0	0
NZ_LR134378.1	3p	-	42	1064	2120	2030	1119	6333	42	238	29	27	7	5	17	6	7	7	22	13	0	0	0	0	0	1	0	0	0
NZ_LR134378.1	3p	-	43	990	1954	1744	1080	5768	27	205	30	32	5	6	15	5	5	5	20	7	0	0	1	0	1	0	0	0	0
NZ_LR134378.1	3p	-	44	952	1688	1604	989	5233	20	194	27	34	5	2	10	6	4	3	7	3	0	0	0	0	0	0	0	0	0
NZ_LR134378.1	3p	-	45	844	1593	1474	845	4756	36	153	22	13	6	3	15	5	4	5	14	4	0	0	0	0	0	1	0	0	0
NZ_LR134378.1	3p	-	46	731	1519	1267	798	4315	20	180	18	17	4	2	8	9	2	4	16	8	0	0	0	0	0	0	0	0	0
NZ_LR134378.1	3p	-	47	712	1255	1179	710	3856	18	141	17	18	5	5	11	5	3	2	6	8	0	0	0	0	0	0	0	0	0
NZ_LR134378.1	3p	-	48	594	1229	1114	586	3523	21	122	10	15	1	0	10	5	2	2	9	7	0	0	0	1	0	1	0	0	0
NZ_LR134378.1	3p	-	49	545	1124	996	568	3233	10	116	5	11	3	0	9	6	3	2	6	5	0	0	0	0	0	0	0	0	0
NZ_LR134378.1	3p	-	50	570	943	924	531	2968	11	102	12	12	1	2	8	5	3	1	5	4	0	0	0	0	0	1	0	0	0
NZ_LR134378.1	3p	-	51	440	915	849	494	2698	19	94	9	16	3	0	10	2	6	1	2	4	0	0	0	0	0	0	0	0	0
NZ_LR134378.1	3p	-	52	418	828	731	470	2447	12	75	11	9	1	1	7	1	1	0	9	2	0	0	0	1	0	0	0	0	0
NZ_LR134378.1	3p	-	53	425	712	691	428	2256	10	64	10	8	2	1	6	6	1	0	4	3	0	0	0	0	0	0	0	0	0
NZ_LR134378.1	3p	-	54	353	689	672	360	2074	17	80	13	15	0	1	1	1	0	0	10	4	0	0	0	0	0	0	0	0	0
NZ_LR134378.1	3p	-	55	359	643	592	329	1923	12	67	11	10	0	2	3	2	0	1	1	6	0	0	0	0	0	0	0	1	0
NZ_LR134378.1	3p	-	56	339	560	533	323	1755	9	53	5	11	2	1	5	1	4	2	9	2	0	1	0	0	0	1	0	0	0
NZ_LR134378.1	3p	-	57	285	521	516	282	1604	6	55	9	6	1	1	3	4	1	1	7	1	0	0	0	0	0	0	0	0	0
NZ_LR134378.1	3p	-	58	262	468	481	278	1489	5	41	6	2	0	0	6	0	1	1	5	3	0	0	0	0	0	0	0	0	0
NZ_LR134378.1	3p	-	59	259	456	415	253	1383	4	41	7	10	0	0	2	3	2	0	3	3	0	0	0	0	0	0	0	0	0
NZ_LR134378.1	3p	-	60	211	444	379	239	1273	7	39	6	9	0	1	2	2	1	0	4	4	0	0	0	1	0	0	0	0	0
NZ_LR134378.1	3p	-	61	206	407	358	216	1187	4	32	6	13	3	0	1	0	0	1	2	2	0	0	0	1	0	0	1	0	0
NZ_LR134378.1	3p	-	62	184	368	342	206	1100	7	36	7	2	0	2	3	1	4	1	3	0	0	0	0	0	0	0	1	0	0
NZ_LR134378.1	3p	-	63	156	371	330	184	1041	3	38	8	3	1	0	3	2	0	1	2	1	0	0	0	0	0	0	0	0	0
NZ_LR134378.1	3p	-	64	162	326	304	181	973	3	26	3	6	0	1	2	1	1	0	0	0	0	0	0	0	0	0	0	0	0
NZ_LR134378.1	3p	-	65	150	307	266	177	900	8	31	6	6	0	0	1	0	0	0	6	1	0	0	0	0	0	0	0	0	0
NZ_LR134378.1	3p	-	66	151	282	262	147	842	8	28	5	2	2	0	4	1	0	1	0	1	0	0	0	0	0	0	0	0	0
NZ_LR134378.1	3p	-	67	129	269	235	154	787	7	22	4	4	1	0	1	2	1	0	3	0	0	0	0	0	0	0	0	0	0
NZ_LR134378.1	3p	-	68	140	226	208	129	703	1	14	4	2	0	0	1	0	2	0	1	1	0	0	0	0	0	0	0	0	0
NZ_LR134378.1	3p	-	69	107	207	232	110	656	6	21	4	3	4	0	2	0	0	2	0	2	0	0	0	0	0	0	0	0	0
NZ_LR134378.1	3p	-	70	100	221	188	112	621	3	21	2	2	0	0	2	3	0	1	1	1	0	0	0	0	0	0	0	0	0
NZ_LR134378.1	5p	+	1	2813	6487	3390	4433	17123	89	2511	68	71	14	27	37	25	11	11	32	62	0	0	0	0	0	0	0	0	0
NZ_LR134378.1	5p	+	2	3148	5979	5172	2824	17123	108	1141	82	72	22	19	52	21	16	15	47	32	0	0	0	3	0	0	0	0	0
NZ_LR134378.1	5p	+	3	3109	5350	6150	2511	17120	91	472	97	73	22	6	56	15	13	8	49	31	0	0	3	0	2	0	0	1	0
NZ_LR134378.1	5p	+	4	3250	5633	5293	2944	17120	70	476	68	63	19	10	37	23	20	15	41	23	0	0	1	1	0	1	1	1	0
NZ_LR134378.1	5p	+	5	2735	6109	5492	2778	17114	76	413	93	122	13	4	45	23	16	13	49	20	0	0	1	1	2	2	3	2	0
NZ_LR134378.1	5p	+	6	3006	5440	5717	2955	17118	81	315	98	70	20	10	55	21	7	8	60	14	1	0	0	0	0	1	0	4	0
NZ_LR134378.1	5p	+	7	3146	5551	5450	2973	17120	73	246	77	76	15	9	34	14	17	7	45	21	1	0	0	1	0	2	0	1	0
NZ_LR134378.1	5p	+	8	2842	5676	5861	2741	17120	81	227	101	94	14	14	43	28	15	9	54	26	0	1	1	0	0	1	1	1	0
NZ_LR134378.1	5p	+	9	3110	5561	5524	2924	17119	95	220	83	81	12	4	55	19	20	8	50	30	1	1	1	0	2	2	0	0	0
NZ_LR134378.1	5p	+	10	3171	5542	5357	3050	17120	93	184	82	76	7	7	45	19	17	9	44	14	0	0	0	1	0	2	0	1	0
NZ_LR134378.1	5p	+	11	2706	5938	5527	2950	17121	91	215	93	105	15	13	36	16	20	6	62	27	2	0	0	1	1	0	1	0	0
NZ_LR134378.1	5p	+	12	3037	5603	5669	2807	17116	80	197	77	81	14	12	48	22	11	8	48	20	2	0	0	7	1	3	3	0	0
NZ_LR134378.1	5p	+	13	3125	5451	5368	3175	17119	83	199	75	71	8	9	43	14	14	11	34	35	1	0	1	2	1	0	2	1	0
NZ_LR134378.1	5p	+	14	2938	5814	5584	2785	17121	88	211	85	93	17	8	49	15	12	3	62	28	0	1	1	1	0	1	1	0	0
NZ_LR134378.1	5p	+	15	3048	5587	5710	2776	17121	90	207	92	88	9	9	41	18	19	9	59	24	0	0	2	1	2	0	0	0	0
NZ_LR134378.1	5p	+	16	3210	5557	5320	3032	17119	81	205	87	67	14	3	37	15	11	8	43	34	1	0	1	1	2	0	1	1	0
NZ_LR134378.1	5p	+	17	2879	5694	5692	2858	17123	92	222	104	94	17	10	55	23	15	6	47	28	2	0	0	4	0	0	0	0	0
NZ_LR134378.1	5p	+	18	3048	5510	5702	2863	17123	83	213	79	92	22	7	46	15	11	5	43	25	0	0	0	5	0	0	0	0	0
NZ_LR134378.1	5p	+	19	3130	5409	5325	3256	17120	79	182	73	85	13	7	25	20	13	7	35	28	1	0	1	5	0	2	1	0	0
NZ_LR134378.1	5p	+	20	2822	5848	5529	2921	17120	93	212	78	85	20	6	36	16	21	14	47	25	0	0	1	3	0	2	1	0	0
NZ_LR134378.1	5p	+	21	3096	5456	5739	2830	17121	102	212	89	88	15	5	42	20	16	11	35	22	2	0	1	4	0	0	1	1	0
NZ_LR134378.1	5p	+	22	3213	5535	5331	3041	17120	78	205	76	70	13	11	33	14	12	9	44	28	1	0	0	4	1	0	1	1	0
NZ_LR134378.1	5p	+	23	2856	5778	5583	2903	17120	81	261	84	104	16	14	48	21	23	7	56	23	0	1	0	5	1	0	0	2	0
NZ_LR134378.1	5p	+	24	3078	5489	5689	2864	17120	77	230	85	86	19	7	38	29	15	9	53	24	1	1	0	1	0	0	1	2	0
NZ_LR134378.1	5p	+	25	3160	5407	5337	3217	17121	77	245	69	90	13	7	37	16	11	15	40	17	1	0	2	2	1	0	1	0	0
NZ_LR134378.1	5p	+	26	2845	5788	5560	2928	17121	89	272	83	92	20	9	40	25	17	7	42	24	0	0	0	2	0	1	1	0	0
NZ_LR134378.1	5p	+	27	3131	5479	5635	2878	17123	98	262	104	84	12	7	40	20	10	6	42	20	0	2	1	2	0	0	0	0	0
NZ_LR134378.1	5p	+	28	3182	5415	5392	3133	17122	79	297	70	72	10	10	34	15	20	7	37	27	0	2	0	4	1	0	0	0	0
NZ_LR134378.1	5p	+	29	2833	5705	5669	2915	17122	92	407	95	80	12	11	46	26	15	8	52	30	2	1	2	4	0	0	1	0	0
NZ_LR134378.1	5p	+	30	3120	5590	5528	2882	17120	104	495	96	90	15	11	54	20	12	5	44	22	0	1	0	2	1	0	2	0	0
NZ_LR134378.1	5p	+	31	2997	5081	4834	2893	15805	74	428	65	74	15	10	32	28	11	11	34	31	1	0	0	0	0	0	0	0	0
NZ_LR134378.1	5p	+	32	2472	4756	4756	2517	14501	73	440	76	67	15	3	38	18	14	6	45	34	0	0	1	1	0	0	0	0	0
NZ_LR134378.1	5p	+	33	2468	4331	4297	2200	13296	82	450	62	80	7	11	36	18	16	8	32	20	0	0	0	1	0	2	0	0	0
NZ_LR134378.1	5p	+	34	2391	3885	3638	2332	12246	52	384	57	47	10	14	27	11	8	4	23	24	0	1	1	1	0	1	0	1	0
NZ_LR134378.1	5p	+	35	1932	3794	3604	1928	11258	46	389	52	61	10	6	25	9	12	3	34	19	0	0	1	0	0	0	0	1	0
NZ_LR134378.1	5p	+	36	1914	3382	3363	1723	10382	52	308	51	48	9	3	26	16	5	3	18	17	0	0	0	0	0	0	0	0	0
NZ_LR134378.1	5p	+	37	1815	3052	2854	1847	9568	54	280	36	46	4	2	15	13	7	3	22	12	0	2	0	1	0	1	0	0	0
NZ_LR134378.1	5p	+	38	1513	2951	2765	1598	8827	35	267	59	48	2	8	19	12	9	8	23	10	0	0	1	3	0	0	1	0	0
NZ_LR134378.1	5p	+	39	1495	2635	2638	1371	8139	51	224	48	30	2	4	16	6	4	5	21	16	0	0	2	1	0	0	0	0	0
NZ_LR134378.1	5p	+	40	1447	2316	2317	1409	7489	31	248	31	29	8	3	16	4	8	5	15	11	1	1	1	4	0	1	0	0	0
NZ_LR134378.1	5p	+	41	1156	2343	2217	1206	6922	27	256	30	29	8	2	13	13	4	2	21	10	0	0	0	0	0	0	0	0	0
NZ_LR134378.1	5p	+	42	1159	2062	2088	1079	6388	31	208	30	32	4	1	19	11	3	2	18	11	0	0	0	0	0	0	0	0	0
NZ_LR134378.1	5p	+	43	1139	1814	1755	1114	5822	29	183	23	23	8	5	21	8	8	1	15	7	0	0	2	0	0	0	1	0	0
NZ_LR134378.1	5p	+	44	927	1818	1651	888	5284	21	202	26	28	3	2	18	4	3	4	8	4	0	0	0	0	0	0	0	0	0
NZ_LR134378.1	5p	+	45	851	1561	1541	834	4787	22	152	19	21	5	2	17	4	9	2	17	9	0	0	0	0	0	0	0	0	0
NZ_LR134378.1	5p	+	46	838	1369	1340	826	4373	20	131	14	26	0	0	10	7	5	3	9	5	0	0	0	0	0	0	0	0	0
NZ_LR134378.1	5p	+	47	701	1373	1253	692	4019	24	162	20	15	4	1	7	3	1	0	14	5	0	0	0	1	0	0	1	0	0
NZ_LR134378.1	5p	+	48	676	1211	1148	616	3651	20	126	19	12	2	1	11	8	2	0	14	9	0	0	1	1	0	0	0	1	0
NZ_LR134378.1	5p	+	49	618	1047	1023	633	3321	20	100	12	20	1	4	8	0	2	1	9	5	1	0	0	0	0	0	0	0	0
NZ_LR134378.1	5p	+	50	540	981	984	501	3006	21	98	11	16	2	2	10	2	3	3	10	8	0	0	0	0	1	0	0	0	0
NZ_LR134378.1	5p	+	51	527	871	840	489	2727	20	86	14	14	0	2	8	5	1	3	10	8	0	0	0	1	0	0	0	0	0
NZ_LR134378.1	5p	+	52	468	774	771	493	2506	15	81	5	10	3	2	3	2	0	1	2	2	0	0	0	0	0	0	0	0	0
NZ_LR134378.1	5p	+	53	391	778	763	379	2311	16	84	15	11	2	3	1	2	2	3	3	3	0	0	1	0	0	0	0	0	0
NZ_LR134378.1	5p	+	54	386	691	696	347	2120	12	66	2	15	3	3	6	1	3	0	4	2	0	0	0	2	0	0	0	0	0
NZ_LR134378.1	5p	+	55	378	598	592	381	1949	10	44	6	9	1	0	4	3	0	0	4	3	0	0	0	0	0	0	0	0	0
NZ_LR134378.1	5p	+	56	304	608	574	315	1801	9	57	6	8	0	1	5	2	0	1	5	1	0	0	0	0	0	0	0	0	0
NZ_LR134378.1	5p	+	57	341	521	515	293	1670	4	49	7	7	2	1	3	1	1	1	2	1	0	0	0	1	0	0	0	0	0
NZ_LR134378.1	5p	+	58	296	500	456	296	1548	6	62	7	3	1	0	3	4	2	1	2	4	0	0	0	0	0	1	0	0	0
NZ_LR134378.1	5p	+	59	237	474	472	248	1431	11	42	6	5	2	2	4	1	1	1	4	2	0	0	0	0	0	0	0	0	0
NZ_LR134378.1	5p	+	60	244	438	414	242	1338	5	53	7	3	2	0	2	2	1	1	4	3	0	0	0	0	0	0	1	0	0
NZ_LR134378.1	5p	+	61	248	398	384	225	1255	5	40	7	3	1	1	1	2	1	0	1	1	0	0	0	0	0	0	0	0	0
NZ_LR134378.1	5p	+	62	178	385	398	217	1178	10	41	4	9	0	0	2	3	0	0	2	1	0	0	0	0	0	0	0	0	0
NZ_LR134378.1	5p	+	63	198	355	356	206	1115	9	29	4	8	1	0	0	2	1	0	4	0	0	0	1	1	0	0	0	0	0
NZ_LR134378.1	5p	+	64	186	333	327	196	1042	6	30	3	3	1	0	5	1	2	1	1	2	0	0	0	0	0	0	0	0	0
NZ_LR134378.1	5p	+	65	157	350	304	157	968	6	32	2	8	0	0	0	1	0	1	3	2	0	0	0	0	0	0	0	0	0
NZ_LR134378.1	5p	+	66	166	283	275	163	887	4	29	4	4	1	2	0	2	0	1	1	0	0	0	0	0	0	0	0	0	0
NZ_LR134378.1	5p	+	67	155	247	231	181	814	2	23	2	2	0	1	0	2	0	0	0	4	0	0	0	0	0	0	1	0	0
NZ_LR134378.1	5p	+	68	133	258	242	120	753	5	24	4	8	2	0	2	1	0	1	1	2	0	0	0	1	0	0	0	0	0
NZ_LR134378.1	5p	+	69	131	209	213	131	684	3	19	3	4	0	0	2	1	2	0	1	1	0	1	0	0	0	0	0	0	0
NZ_LR134378.1	5p	+	70	108	210	179	134	631	2	15	5	2	0	1	0	0	2	0	2	0	0	0	0	0	0	0	0	0	0
NZ_LR134378.1	5p	-	1	2586	6450	3446	4260	16742	93	2534	51	79	19	28	38	29	14	15	34	53	0	0	0	0	0	0	0	0	0
NZ_LR134378.1	5p	-	2	3091	5763	5159	2729	16742	132	1115	90	71	17	16	54	25	23	16	53	44	0	0	1	0	0	0	0	0	0
NZ_LR134378.1	5p	-	3	2997	5284	6042	2418	16741	112	468	100	82	21	12	45	16	18	9	47	13	0	0	1	0	0	0	0	0	0
NZ_LR134378.1	5p	-	4	3099	5709	5003	2930	16741	87	498	80	75	13	3	41	19	13	11	54	32	0	0	0	1	0	1	0	0	0
NZ_LR134378.1	5p	-	5	2659	5942	5424	2710	16735	110	375	92	100	8	10	41	23	18	7	58	29	1	2	0	1	0	2	2	3	0
NZ_LR134378.1	5p	-	6	2942	5160	5740	2895	16737	92	300	107	87	17	6	41	26	14	10	42	30	0	0	0	0	1	1	2	1	0
NZ_LR134378.1	5p	-	7	3031	5496	5241	2973	16741	67	249	73	83	16	6	38	20	14	8	56	23	0	0	0	0	0	0	0	1	0
NZ_LR134378.1	5p	-	8	2716	5541	5702	2779	16738	85	197	93	78	13	10	46	22	17	7	42	29	0	2	2	2	1	2	0	1	0
NZ_LR134378.1	5p	-	9	3010	5388	5448	2895	16741	94	223	103	80	11	9	53	19	22	10	49	21	1	0	0	3	1	0	0	0	0
NZ_LR134378.1	5p	-	10	2959	5466	5232	3083	16740	70	194	62	91	14	7	43	19	14	5	33	22	0	1	1	2	0	1	0	1	0
NZ_LR134378.1	5p	-	11	2641	5799	5469	2830	16739	90	200	100	91	15	9	44	19	6	9	52	25	0	1	0	1	0	0	2	1	0
NZ_LR134378.1	5p	-	12	2990	5398	5579	2774	16741	94	168	94	76	20	10	39	25	11	9	42	24	1	0	0	2	0	0	1	0	0
NZ_LR134378.1	5p	-	13	2995	5501	5132	3109	16737	69	219	78	93	21	8	47	11	16	9	40	20	1	0	0	0	2	0	3	0	0
NZ_LR134378.1	5p	-	14	2725	5651	5582	2779	16737	106	219	77	85	22	12	49	30	21	12	44	29	1	3	1	4	0	2	1	2	0
NZ_LR134378.1	5p	-	15	2868	5370	5565	2937	16740	82	196	93	91	16	5	54	17	17	9	43	25	1	0	0	2	1	0	1	0	0
NZ_LR134378.1	5p	-	16	3002	5351	5316	3069	16738	75	177	88	68	18	10	36	16	18	5	34	17	0	0	0	4	0	0	3	1	0
NZ_LR134378.1	5p	-	17	2704	5611	5609	2817	16741	96	189	88	104	11	11	51	25	15	8	59	30	1	1	1	4	0	0	1	0	0
NZ_LR134378.1	5p	-	18	2934	5333	5635	2836	16738	75	222	88	89	16	13	50	22	19	7	36	25	3	0	1	3	0	3	1	0	0
NZ_LR134378.1	5p	-	19	2985	5511	5160	3085	16741	70	212	70	84	9	4	45	13	11	6	43	17	1	0	2	4	0	0	0	1	0
NZ_LR134378.1	5p	-	20	2774	5603	5511	2851	16739	82	177	112	74	20	11	41	19	16	14	49	15	0	0	1	4	0	1	0	2	0
NZ_LR134378.1	5p	-	21	2998	5391	5488	2863	16740	85	220	105	76	9	5	43	14	8	9	44	26	0	1	1	2	0	0	1	1	0
NZ_LR134378.1	5p	-	22	3062	5417	5169	3091	16739	63	222	67	69	12	10	32	18	14	13	58	22	0	1	1	5	0	1	2	0	0
NZ_LR134378.1	5p	-	23	2753	5510	5612	2865	16740	94	220	74	107	15	8	44	18	19	12	61	27	0	0	0	3	1	0	1	0	0
NZ_LR134378.1	5p	-	24	2973	5377	5523	2865	16738	89	211	80	73	19	14	55	22	18	10	54	25	2	0	2	5	1	0	1	2	0
NZ_LR134378.1	5p	-	25	3046	5388	5217	3089	16740	89	235	62	79	12	8	41	23	9	4	44	26	2	0	3	4	0	1	1	0	0
NZ_LR134378.1	5p	-	26	2767	5659	5460	2853	16739	84	257	85	79	7	7	50	30	17	4	58	18	1	1	1	4	0	1	0	2	0
NZ_LR134378.1	5p	-	27	3026	5423	5491	2801	16741	94	280	93	73	19	12	48	16	13	6	62	17	0	1	0	1	0	0	1	0	0
NZ_LR134378.1	5p	-	28	3156	5319	5120	3147	16742	73	318	83	69	16	13	32	18	11	12	37	14	0	1	2	2	0	0	0	0	0
NZ_LR134378.1	5p	-	29	2885	5490	5559	2805	16739	98	375	92	74	17	14	64	19	15	8	46	24	0	1	1	3	2	1	0	0	0
NZ_LR134378.1	5p	-	30	3026	5321	5497	2898	16742	100	441	111	76	19	8	51	22	10	10	46	27	2	2	1	1	0	0	0	0	0
NZ_LR134378.1	5p	-	31	2941	4957	4697	2861	15456	60	419	66	56	19	11	29	27	8	3	36	24	1	0	0	2	1	1	0	1	0
NZ_LR134378.1	5p	-	32	2371	4822	4614	2434	14241	82	472	82	63	14	10	39	20	16	3	41	25	1	0	1	2	0	0	0	0	0
NZ_LR134378.1	5p	-	33	2415	4234	4197	2268	13114	88	391	83	52	8	4	35	18	12	4	42	22	1	0	1	2	1	1	1	0	0
NZ_LR134378.1	5p	-	34	2244	3876	3601	2357	12078	52	364	48	50	6	8	29	7	10	6	28	17	1	0	2	1	0	0	0	0	0
NZ_LR134378.1	5p	-	35	1885	3773	3560	1884	11102	61	368	58	48	10	6	26	9	10	7	22	21	0	0	1	2	0	1	1	0	0
NZ_LR134378.1	5p	-	36	1809	3363	3245	1779	10196	51	313	54	46	6	5	23	11	9	2	31	13	0	0	0	0	0	0	0	1	0
NZ_LR134378.1	5p	-	37	1748	3064	2814	1784	9410	44	283	43	42	5	3	13	10	4	1	22	11	0	0	0	2	0	0	1	0	0
NZ_LR134378.1	5p	-	38	1454	2929	2782	1491	8656	40	283	73	43	7	7	27	9	9	5	24	15	0	0	1	1	1	1	0	1	0
NZ_LR134378.1	5p	-	39	1486	2516	2528	1428	7958	42	268	37	30	11	10	19	14	5	2	15	14	0	0	0	1	0	2	0	0	0
NZ_LR134378.1	5p	-	40	1399	2345	2217	1409	7370	39	247	46	32	2	2	12	9	10	2	11	10	1	0	1	0	0	0	0	0	0
NZ_LR134378.1	5p	-	41	1130	2325	2200	1162	6817	33	233	35	32	5	2	24	11	3	8	15	14	1	0	0	0	0	1	0	0	0
NZ_LR134378.1	5p	-	42	1126	2101	2011	1095	6333	34	223	26	26	3	3	18	8	5	3	16	6	2	1	0	0	0	0	0	1	0
NZ_LR134378.1	5p	-	43	1060	1824	1814	1070	5768	44	206	19	23	5	7	19	6	3	4	10	12	0	1	0	0	0	1	0	0	0
NZ_LR134378.1	5p	-	44	847	1775	1675	935	5232	23	200	29	25	3	1	13	7	3	6	11	6	0	0	0	0	0	1	0	0	0
NZ_LR134378.1	5p	-	45	853	1552	1482	870	4757	28	151	17	24	7	3	10	5	5	2	10	7	0	0	0	0	0	0	0	0	0
NZ_LR134378.1	5p	-	46	776	1360	1361	817	4314	22	143	20	21	4	2	9	4	3	1	9	9	0	0	0	0	1	0	0	0	0
NZ_LR134378.1	5p	-	47	636	1303	1204	713	3856	22	137	22	12	1	1	9	6	4	6	8	4	0	1	0	1	0	0	0	0	0
NZ_LR134378.1	5p	-	48	652	1111	1150	611	3524	20	110	12	22	1	4	5	5	3	4	5	6	0	0	0	0	0	0	0	0	0
NZ_LR134378.1	5p	-	49	590	1038	958	647	3233	12	101	13	18	3	2	7	4	2	0	5	3	0	0	0	0	0	0	0	0	0
NZ_LR134378.1	5p	-	50	497	1018	958	496	2969	18	102	15	12	5	2	8	4	1	0	12	4	0	0	0	0	0	0	0	0	0
NZ_LR134378.1	5p	-	51	487	872	854	485	2698	13	88	11	8	1	0	10	4	2	1	8	4	0	0	0	0	0	0	0	0	0
NZ_LR134378.1	5p	-	52	478	753	776	440	2447	9	67	9	10	0	3	3	4	1	1	5	3	0	1	0	0	0	0	0	0	0
NZ_LR134378.1	5p	-	53	399	731	719	407	2256	7	81	12	18	2	0	2	2	1	3	4	1	0	0	0	0	0	0	0	0	0
NZ_LR134378.1	5p	-	54	378	637	665	394	2074	9	63	11	9	3	2	2	0	1	2	6	2	0	0	0	1	0	0	0	0	0
NZ_LR134378.1	5p	-	55	351	629	582	362	1924	9	59	6	8	0	0	3	1	4	0	3	5	0	0	0	0	0	0	0	0	0
NZ_LR134378.1	5p	-	56	315	565	545	330	1755	12	49	8	11	2	2	2	5	1	1	2	2	0	0	0	0	0	0	0	1	0
NZ_LR134378.1	5p	-	57	275	518	501	310	1604	11	51	9	9	3	3	1	3	2	0	1	2	0	0	0	0	0	0	0	0	0
NZ_LR134378.1	5p	-	58	280	482	458	269	1489	2	39	3	11	0	0	5	1	1	1	2	3	0	0	1	0	0	0	0	0	0
NZ_LR134378.1	5p	-	59	232	476	436	239	1383	8	34	8	10	0	0	3	2	0	0	3	1	0	0	0	0	0	0	0	0	0
NZ_LR134378.1	5p	-	60	246	414	395	218	1273	4	33	5	3	1	1	2	2	1	1	4	1	0	0	0	0	0	0	0	0	0
NZ_LR134378.1	5p	-	61	211	384	359	234	1188	8	39	9	6	1	0	4	1	1	1	2	0	0	0	0	0	0	0	0	0	0
NZ_LR134378.1	5p	-	62	178	374	345	204	1101	8	37	2	5	1	1	4	0	0	1	2	3	0	0	0	0	0	0	0	0	0
NZ_LR134378.1	5p	-	63	198	322	365	156	1041	5	37	7	3	2	0	4	1	2	1	6	0	0	0	0	0	0	0	0	0	0
NZ_LR134378.1	5p	-	64	174	310	297	192	973	1	35	4	3	0	1	3	1	0	0	1	0	0	0	0	0	0	0	0	0	0
NZ_LR134378.1	5p	-	65	146	289	294	171	900	3	26	3	1	1	1	0	2	1	0	5	1	0	0	0	0	0	0	0	0	0
NZ_LR134378.1	5p	-	66	158	251	279	154	842	3	22	1	3	0	1	1	1	0	0	2	0	0	0	0	0	0	0	0	0	0
NZ_LR134378.1	5p	-	67	147	256	233	151	787	5	29	1	3	0	0	0	0	1	0	2	1	0	0	0	0	0	0	0	0	0
NZ_LR134378.1	5p	-	68	133	224	221	125	703	3	21	3	2	0	0	2	1	1	1	3	1	0	0	0	0	0	0	0	0	0
NZ_LR134378.1	5p	-	69	130	194	213	119	656	2	20	3	6	0	0	2	2	2	0	2	0	0	0	0	0	0	0	0	0	0
NZ_LR134378.1	5p	-	70	89	211	199	122	621	3	21	3	1	0	0	4	0	0	0	2	0	0	0	0	0	0	0	0	0	0
