# table produced by mapDamage version 2.2.3
# using mapped file /mnt/archgen/microbiome_calculus/library_ds_vs_ss/04-analysis/normalize_kraken/mapping/flexilinea_sp001717545/mapDamage2_dsLibs/input/PES001.B0101.SG1.3_5M.mapped_f_sp001717545_q25l30_rmdup.bam and /mnt/archgen/microbiome_calculus/library_ds_vs_ss/04-analysis/normalize_kraken/mapping/flexilinea_sp001717545/input/GCA_001717545.1_ASM171754v1_genomic.fna as reference file
# Chr: reference from sam/bam header, End: from which termini of DNA sequences, Std: strand of reads
Chr	End	Std	Pos	A	C	G	T	Total	G>A	C>T	A>G	T>C	A>C	A>T	C>G	C>A	T>G	T>A	G>C	G>T	A>-	T>-	C>-	G>-	->A	->T	->C	->G	S
CP017039.1	3p	+	1	9988	6452	10149	5549	32138	3081	82	43	77	16	8	20	49	14	25	10	13	0	0	0	0	0	0	0	0	1
CP017039.1	3p	+	2	8514	8540	8644	6440	32138	1476	116	62	76	15	23	14	44	8	14	15	27	0	0	0	0	0	0	0	0	0
CP017039.1	3p	+	3	6882	9062	9249	6945	32138	814	120	76	63	11	15	23	35	16	18	13	29	0	0	0	0	0	0	0	0	0
CP017039.1	3p	+	4	7173	8518	9119	7328	32138	588	104	68	62	17	12	16	27	12	13	10	24	0	0	0	0	0	0	0	0	0
CP017039.1	3p	+	5	7001	9103	9243	6791	32138	461	101	63	69	15	14	18	39	7	12	14	28	0	0	0	1	0	0	0	0	0
CP017039.1	3p	+	6	6826	9060	9088	7164	32138	420	96	69	70	18	21	15	27	11	9	11	31	0	1	0	0	0	0	0	0	0
CP017039.1	3p	+	7	7183	8820	9117	7014	32134	335	118	52	72	16	13	15	37	13	9	13	31	1	0	0	0	2	0	2	0	0
CP017039.1	3p	+	8	6860	9149	9424	6702	32135	300	109	68	86	16	8	20	29	16	16	9	21	0	1	0	0	2	0	1	0	0
CP017039.1	3p	+	9	6839	9334	8912	7053	32138	293	126	72	77	15	6	17	20	14	12	14	29	0	2	0	0	0	0	0	0	0
CP017039.1	3p	+	10	7116	8805	9196	7021	32138	257	95	61	68	14	8	14	19	5	11	12	23	1	0	0	0	0	0	0	0	0
CP017039.1	3p	+	11	6905	9083	9590	6558	32136	280	126	60	72	10	11	19	34	16	12	17	25	1	4	3	1	1	0	1	0	0
CP017039.1	3p	+	12	6720	9369	9132	6916	32137	264	95	55	68	18	16	20	30	12	12	6	23	0	0	2	0	0	0	0	1	0
CP017039.1	3p	+	13	7006	9011	9230	6890	32137	267	99	48	56	13	17	8	25	11	15	13	32	0	0	1	2	0	1	0	0	0
CP017039.1	3p	+	14	6778	9243	9520	6594	32135	331	113	65	61	11	16	16	27	14	11	12	31	1	0	0	0	0	2	0	1	0
CP017039.1	3p	+	15	6673	9383	9196	6885	32137	287	116	75	74	14	9	11	29	14	6	17	32	0	1	2	1	0	1	0	0	0
CP017039.1	3p	+	16	7059	8957	9179	6942	32137	281	107	64	75	16	8	5	31	13	12	8	16	0	1	1	0	0	1	0	0	0
CP017039.1	3p	+	17	6731	9264	9531	6611	32137	310	114	58	67	12	6	19	35	7	7	11	21	1	1	0	0	0	0	0	1	0
CP017039.1	3p	+	18	6838	9513	9130	6656	32137	285	125	65	60	10	11	17	24	12	9	11	21	0	0	2	1	1	0	0	0	0
CP017039.1	3p	+	19	6968	9132	9203	6833	32136	264	119	48	51	17	5	11	24	12	10	18	22	0	0	1	0	0	2	0	0	0
CP017039.1	3p	+	20	6848	9260	9498	6530	32136	286	146	83	61	15	9	14	35	14	10	19	25	0	0	0	1	0	2	0	0	0
CP017039.1	3p	+	21	6758	9503	9051	6823	32135	269	147	65	75	23	5	11	27	12	11	16	26	0	1	1	0	2	0	1	0	0
CP017039.1	3p	+	22	7095	8972	9229	6839	32135	264	165	50	65	6	4	9	29	7	12	12	15	0	0	0	2	1	0	1	1	0
CP017039.1	3p	+	23	6922	9175	9593	6448	32138	274	141	88	86	19	10	12	32	16	9	18	20	3	1	2	3	0	0	0	0	0
CP017039.1	3p	+	24	6713	9349	9240	6833	32135	240	161	55	80	12	13	11	24	7	8	16	27	0	0	0	0	1	1	0	1	0
CP017039.1	3p	+	25	7026	9125	9156	6826	32133	234	160	54	66	17	3	7	29	9	9	19	22	0	1	4	0	1	3	0	1	0
CP017039.1	3p	+	26	6795	9329	9528	6486	32138	235	163	69	64	10	12	22	35	17	14	21	20	1	0	0	0	0	0	0	0	0
CP017039.1	3p	+	27	6673	9343	9174	6947	32137	246	180	60	76	11	11	10	25	12	12	15	24	0	0	2	0	1	0	0	0	0
CP017039.1	3p	+	28	7003	9059	9140	6934	32136	227	205	70	56	7	9	14	23	13	11	11	20	2	0	0	1	1	1	0	0	0
CP017039.1	3p	+	29	6679	9302	9549	6607	32137	227	195	55	66	10	10	18	37	14	7	19	20	1	1	0	1	0	0	0	1	0
CP017039.1	3p	+	30	6701	9537	9055	6843	32136	212	210	59	57	11	8	17	22	15	12	12	19	0	0	3	3	1	1	0	0	0
CP017039.1	3p	+	31	7076	8923	9016	6969	31984	180	218	58	61	18	7	14	19	18	15	16	26	0	1	2	1	2	1	0	0	0
CP017039.1	3p	+	32	6737	9107	9381	6596	31821	233	250	70	80	10	7	14	26	7	11	16	22	0	0	1	1	3	1	0	0	0
CP017039.1	3p	+	33	6707	9296	8873	6748	31624	197	274	62	68	6	11	14	26	16	10	17	15	0	1	0	0	1	2	0	1	0
CP017039.1	3p	+	34	6736	8933	8917	6851	31437	189	259	59	62	7	9	14	33	10	9	9	22	0	1	2	3	1	1	1	0	0
CP017039.1	3p	+	35	6653	9030	9111	6383	31177	203	300	59	52	8	7	10	34	9	9	13	24	0	0	2	0	0	2	0	0	0
CP017039.1	3p	+	36	6544	9206	8571	6588	30909	160	297	61	67	10	13	15	21	11	10	12	16	0	1	1	1	0	1	0	0	0
CP017039.1	3p	+	37	6781	8505	8668	6666	30620	165	261	54	60	13	6	10	21	7	14	7	30	2	1	0	1	1	0	0	1	0
CP017039.1	3p	+	38	6453	8741	8795	6358	30347	208	280	74	65	6	6	15	33	14	8	8	19	1	1	1	0	0	0	1	0	0
CP017039.1	3p	+	39	6300	8915	8204	6630	30049	165	320	55	69	11	9	6	28	7	5	16	22	1	1	0	0	0	1	0	0	0
CP017039.1	3p	+	40	6631	8338	8193	6552	29714	144	267	67	54	10	6	10	21	10	8	15	28	1	2	0	0	1	1	0	0	0
CP017039.1	3p	+	41	6231	8408	8579	6176	29394	140	336	56	64	11	12	13	35	12	7	17	29	1	0	0	1	2	2	1	0	0
CP017039.1	3p	+	42	6025	8600	8019	6411	29055	129	340	51	72	8	9	10	19	12	8	13	33	2	0	3	1	0	0	1	1	0
CP017039.1	3p	+	43	6271	8001	8042	6348	28662	168	292	50	50	9	14	7	19	7	9	6	14	3	0	1	0	0	2	0	1	0
CP017039.1	3p	+	44	6055	8134	8114	5954	28257	159	298	58	66	14	6	10	23	8	9	10	20	0	1	0	0	1	0	0	0	0
CP017039.1	3p	+	45	5832	8170	7736	6092	27830	137	291	51	44	5	9	11	22	5	7	7	17	0	1	1	0	0	1	0	0	0
CP017039.1	3p	+	46	6152	7573	7756	5927	27408	117	327	54	54	10	8	6	30	7	9	10	12	0	1	1	3	0	1	0	0	0
CP017039.1	3p	+	47	5833	7823	7787	5580	27023	132	304	78	67	14	12	6	30	10	7	7	18	2	3	3	0	0	0	0	1	0
CP017039.1	3p	+	48	5610	7723	7323	5964	26620	129	261	50	35	5	8	12	21	14	12	5	26	1	0	2	0	0	0	0	0	0
CP017039.1	3p	+	49	5863	7228	7276	5848	26215	106	284	39	49	11	10	2	9	8	8	8	16	1	0	0	0	0	1	0	0	0
CP017039.1	3p	+	50	5428	7429	7472	5462	25791	136	301	55	61	7	7	3	8	11	7	12	13	3	2	1	1	1	2	0	0	0
CP017039.1	3p	+	51	5304	7528	6954	5596	25382	113	284	42	40	7	8	3	14	7	8	6	17	0	1	0	0	0	0	1	0	0
CP017039.1	3p	+	52	5641	6881	7044	5403	24969	101	273	39	39	5	10	4	14	8	11	6	19	1	1	0	0	0	3	0	0	0
CP017039.1	3p	+	53	5220	6996	7153	5193	24562	105	314	58	56	10	7	6	18	5	8	3	18	0	0	1	0	0	1	0	0	0
CP017039.1	3p	+	54	5071	7087	6696	5283	24137	91	281	41	41	9	5	7	24	9	5	14	19	0	0	0	0	0	0	1	0	0
CP017039.1	3p	+	55	5257	6677	6511	5262	23707	109	267	46	44	8	1	2	22	4	5	5	13	0	2	1	0	0	0	0	0	0
CP017039.1	3p	+	56	5044	6733	6629	4857	23263	111	295	39	48	11	6	6	22	14	6	8	14	1	0	1	1	0	0	0	0	0
CP017039.1	3p	+	57	4951	6706	6251	4953	22861	104	268	44	40	14	12	8	19	14	2	8	18	0	1	0	1	0	2	0	1	0
CP017039.1	3p	+	58	4968	6303	6231	4997	22499	91	257	36	32	7	8	4	9	8	12	8	9	1	1	0	0	0	1	1	0	0
CP017039.1	3p	+	59	4855	6305	6278	4661	22099	72	278	53	37	9	6	3	19	9	4	9	9	2	0	1	2	1	2	0	1	0
CP017039.1	3p	+	60	4627	6259	6013	4811	21710	95	289	53	32	8	4	7	16	3	5	8	9	0	0	2	0	1	1	1	0	0
CP017039.1	3p	+	61	4791	5962	5789	4793	21335	64	249	30	47	2	7	8	16	10	8	7	11	0	0	1	1	1	0	0	0	0
CP017039.1	3p	+	62	4484	5992	6037	4431	20944	107	290	53	40	11	4	9	20	11	8	6	27	0	0	0	0	0	2	0	0	0
CP017039.1	3p	+	63	4306	6101	5695	4475	20577	90	294	38	30	7	5	6	13	14	6	5	12	0	0	1	1	0	1	0	0	0
CP017039.1	3p	+	64	4484	5737	5504	4481	20206	59	248	32	37	3	10	3	13	10	5	5	16	1	0	1	2	0	3	0	0	0
CP017039.1	3p	+	65	4207	5739	5597	4273	19816	94	269	43	38	5	5	4	17	5	13	6	8	1	0	0	2	1	3	0	0	0
CP017039.1	3p	+	66	4238	5721	5143	4316	19418	73	253	41	44	5	4	2	13	6	5	6	13	1	0	0	1	3	0	0	0	0
CP017039.1	3p	+	67	4321	5382	5173	4158	19034	59	223	32	36	6	2	4	12	5	9	2	10	0	0	0	1	0	2	0	0	0
CP017039.1	3p	+	68	4076	5233	5375	3968	18652	78	235	30	40	7	3	8	12	6	12	7	10	0	0	0	1	0	1	1	1	0
CP017039.1	3p	+	69	3921	5348	4938	4090	18297	51	257	26	43	6	5	4	12	8	4	8	18	1	1	0	0	0	1	0	0	0
CP017039.1	3p	+	70	4018	5067	4909	3942	17936	67	238	25	28	7	4	6	6	4	7	8	16	0	1	0	1	0	0	0	0	0
CP017039.1	3p	-	1	10019	6413	10237	5792	32461	3064	79	56	56	9	17	20	43	7	19	9	14	0	0	0	0	0	0	0	0	0
CP017039.1	3p	-	2	8442	8621	8840	6557	32460	1493	104	54	64	13	29	17	26	18	17	16	22	0	0	0	0	1	0	0	0	0
CP017039.1	3p	-	3	6903	9181	9270	7106	32460	748	91	73	71	16	14	15	17	8	13	16	26	0	0	0	0	0	0	0	1	0
CP017039.1	3p	-	4	7312	8481	9193	7474	32460	579	108	80	49	13	15	13	26	13	17	9	34	1	0	0	0	0	1	0	0	0
CP017039.1	3p	-	5	7130	9013	9455	6859	32457	466	106	80	79	14	10	17	29	16	14	14	18	0	1	0	0	0	3	1	0	0
CP017039.1	3p	-	6	6942	9289	9158	7068	32457	374	86	78	79	17	13	11	42	16	13	19	32	1	1	0	0	1	1	1	1	0
CP017039.1	3p	-	7	7304	8834	9280	7042	32460	316	87	72	53	8	11	17	29	18	15	9	23	1	1	1	0	0	0	0	1	0
CP017039.1	3p	-	8	6861	9272	9676	6649	32458	321	135	79	74	22	10	15	38	14	9	16	27	2	2	1	1	2	1	0	0	0
CP017039.1	3p	-	9	6786	9255	9386	7030	32457	263	117	85	77	17	14	11	40	17	10	21	25	2	0	0	0	2	1	0	1	0
CP017039.1	3p	-	10	7221	8991	9298	6951	32461	260	96	61	63	13	14	15	46	8	12	8	23	1	0	0	1	0	0	0	0	0
CP017039.1	3p	-	11	6836	9213	9642	6765	32456	297	104	73	69	13	10	18	35	8	7	12	26	1	2	2	1	3	1	1	0	0
CP017039.1	3p	-	12	6800	9463	9124	7070	32457	274	135	81	81	17	7	13	35	15	12	5	37	1	1	0	1	3	0	0	1	0
CP017039.1	3p	-	13	7105	9010	9254	7088	32457	252	98	48	52	8	9	17	17	10	7	9	30	2	0	0	3	1	2	1	0	0
CP017039.1	3p	-	14	6841	9263	9722	6634	32460	297	115	82	70	17	7	17	28	8	13	14	28	1	1	0	1	1	0	0	0	0
CP017039.1	3p	-	15	6766	9603	9077	7015	32461	307	125	74	64	11	9	16	34	14	12	17	15	2	0	1	0	0	0	0	0	0
CP017039.1	3p	-	16	7186	8981	9399	6892	32458	293	115	70	64	15	8	8	38	5	9	4	37	1	0	0	2	2	1	0	0	0
CP017039.1	3p	-	17	6992	9187	9741	6540	32460	327	124	64	77	16	13	22	26	12	9	18	19	0	1	1	0	0	0	0	1	0
CP017039.1	3p	-	18	6771	9498	9325	6864	32458	284	121	75	51	9	14	16	23	18	11	8	18	2	1	0	0	1	2	0	0	0
CP017039.1	3p	-	19	7086	9019	9340	7013	32458	274	117	65	68	16	15	13	33	10	11	12	17	1	1	0	0	1	2	0	0	0
CP017039.1	3p	-	20	6773	9278	9759	6648	32458	294	130	78	76	16	8	13	35	17	10	11	26	0	0	2	1	0	1	1	1	0
CP017039.1	3p	-	21	6665	9609	9218	6964	32456	283	137	82	67	16	13	22	25	15	8	8	27	1	0	0	0	1	3	1	0	0
CP017039.1	3p	-	22	7082	9074	9263	7040	32459	276	147	58	43	10	11	14	19	11	13	11	20	2	1	1	3	0	1	1	0	0
CP017039.1	3p	-	23	6812	9272	9799	6577	32460	271	140	90	46	9	11	17	41	16	13	10	20	0	1	2	1	1	0	0	0	0
CP017039.1	3p	-	24	6629	9604	9376	6851	32460	268	160	71	64	8	21	13	26	14	12	20	23	0	1	1	1	0	0	0	1	0
CP017039.1	3p	-	25	7079	9157	9187	7036	32459	268	135	68	71	11	13	15	30	11	10	17	23	2	1	0	0	1	0	0	1	0
CP017039.1	3p	-	26	6842	9191	9773	6652	32458	281	191	69	71	10	9	18	30	14	10	10	15	1	0	1	1	1	0	0	2	0
CP017039.1	3p	-	27	6815	9418	9204	7024	32461	272	167	72	63	11	6	21	26	12	15	9	34	0	1	2	0	0	0	0	0	0
CP017039.1	3p	-	28	7286	8963	9161	7047	32457	235	179	75	57	12	10	16	27	8	13	10	17	0	0	1	1	1	1	2	0	0
CP017039.1	3p	-	29	6984	9257	9492	6725	32458	254	219	68	70	21	12	16	26	22	9	14	18	0	1	0	0	1	2	0	0	0
CP017039.1	3p	-	30	6760	9466	9171	7063	32460	213	220	76	70	13	7	9	21	7	8	8	21	0	1	1	2	0	1	0	0	0
CP017039.1	3p	-	31	7083	8909	9233	7090	32315	179	233	62	61	14	8	7	26	12	13	13	30	0	0	1	1	1	1	0	1	0
CP017039.1	3p	-	32	6816	9250	9599	6473	32138	237	271	79	61	16	11	10	34	13	8	14	25	2	1	0	0	0	0	0	1	0
CP017039.1	3p	-	33	6580	9410	9073	6902	31965	231	252	73	79	15	12	16	28	11	10	10	26	1	2	0	0	0	0	0	0	0
CP017039.1	3p	-	34	6930	8853	9006	6938	31727	181	243	69	67	10	7	9	22	13	9	11	28	1	1	1	0	0	0	0	0	0
CP017039.1	3p	-	35	6512	9141	9329	6516	31498	197	261	61	61	12	11	18	24	10	16	9	24	1	0	0	1	0	1	0	0	0
CP017039.1	3p	-	36	6490	9156	8895	6712	31253	217	266	63	65	17	4	11	24	6	12	10	25	0	1	0	3	0	0	0	0	0
CP017039.1	3p	-	37	6873	8587	8638	6869	30967	175	272	55	38	9	16	12	26	7	5	7	36	0	2	1	2	0	1	0	0	0
CP017039.1	3p	-	38	6587	8837	8879	6366	30669	172	300	63	78	15	7	12	23	17	13	8	20	1	1	1	3	1	2	1	0	0
CP017039.1	3p	-	39	6385	8852	8499	6660	30396	156	292	70	78	5	9	11	35	11	10	8	25	0	1	3	0	1	0	0	2	0
CP017039.1	3p	-	40	6780	8238	8476	6589	30083	170	272	62	51	9	6	12	22	11	10	12	16	0	1	1	1	0	0	0	0	0
CP017039.1	3p	-	41	6147	8540	8796	6245	29728	152	274	83	48	10	8	9	19	13	6	11	24	3	0	0	0	1	0	0	0	0
CP017039.1	3p	-	42	6092	8520	8219	6542	29373	162	264	60	62	6	6	6	20	16	13	12	21	2	0	2	0	2	0	0	0	0
CP017039.1	3p	-	43	6407	8095	8017	6471	28990	135	268	52	51	11	9	11	26	10	9	9	21	1	0	1	0	0	0	0	0	0
CP017039.1	3p	-	44	6041	8199	8315	6016	28571	164	334	76	60	10	10	11	23	8	6	12	21	2	0	0	2	0	0	0	0	0
CP017039.1	3p	-	45	5896	8288	7788	6232	28204	144	334	49	66	9	2	10	22	10	4	9	17	1	0	0	0	0	3	0	0	0
CP017039.1	3p	-	46	6169	7678	7770	6206	27823	136	277	49	45	8	10	12	13	13	4	10	15	1	0	0	1	0	1	0	0	0
CP017039.1	3p	-	47	5804	7852	7969	5792	27417	156	286	65	61	8	8	10	18	12	7	9	8	2	0	0	0	0	0	0	0	0
CP017039.1	3p	-	48	5647	7969	7463	5963	27042	125	294	57	63	9	4	9	21	15	10	8	27	0	1	1	1	1	0	0	0	0
CP017039.1	3p	-	49	6025	7256	7401	5934	26616	112	264	53	53	9	4	11	20	7	9	12	25	0	1	1	1	2	0	0	0	0
CP017039.1	3p	-	50	5599	7454	7622	5508	26183	138	265	53	65	10	6	4	20	11	3	5	28	0	2	0	0	0	0	0	0	0
CP017039.1	3p	-	51	5459	7532	7072	5700	25763	116	259	49	42	9	6	8	13	8	7	8	19	1	1	0	0	0	0	0	0	0
CP017039.1	3p	-	52	5599	7019	7106	5617	25341	109	298	40	41	5	5	9	17	8	6	9	14	0	1	0	3	0	0	0	1	0
CP017039.1	3p	-	53	5344	7213	7110	5268	24935	118	304	50	59	8	11	10	24	11	8	2	24	0	0	2	0	0	0	0	0	0
CP017039.1	3p	-	54	5250	7086	6689	5499	24524	94	308	52	42	6	6	5	17	7	8	6	14	1	1	3	2	0	0	0	0	0
CP017039.1	3p	-	55	5335	6762	6636	5362	24095	95	287	42	37	9	9	4	22	10	5	4	15	4	1	3	0	0	2	0	0	0
CP017039.1	3p	-	56	4938	6805	6895	5012	23650	129	304	45	37	8	8	9	13	8	6	8	19	0	1	0	1	1	2	1	0	0
CP017039.1	3p	-	57	4849	6744	6420	5227	23240	78	298	52	38	4	6	9	14	5	5	16	12	0	1	1	0	0	0	1	0	0
CP017039.1	3p	-	58	5114	6366	6227	5098	22805	92	281	50	35	11	4	5	21	6	6	6	20	1	1	1	0	0	0	0	2	0
CP017039.1	3p	-	59	4760	6388	6365	4892	22405	79	274	41	45	2	3	4	26	6	9	8	23	0	0	1	1	0	1	0	2	0
CP017039.1	3p	-	60	4666	6378	6066	4885	21995	90	267	47	36	11	6	4	17	7	7	7	13	1	0	1	0	0	0	0	0	0
CP017039.1	3p	-	61	4863	5885	6042	4808	21598	91	269	28	46	5	9	5	9	9	4	7	17	0	0	1	3	1	0	0	1	0
CP017039.1	3p	-	62	4525	6133	6052	4504	21214	81	255	45	52	7	8	7	20	5	4	14	24	3	2	4	1	0	0	0	0	0
CP017039.1	3p	-	63	4361	6045	5751	4649	20806	75	247	42	35	9	8	1	9	13	3	5	13	0	0	2	0	1	0	0	0	0
CP017039.1	3p	-	64	4569	5626	5610	4620	20425	87	222	29	30	5	8	5	11	11	2	3	11	0	1	0	2	1	1	0	0	0
CP017039.1	3p	-	65	4257	5755	5700	4282	19994	77	255	43	37	7	9	9	10	11	4	5	22	0	0	3	0	1	0	0	0	0
CP017039.1	3p	-	66	4071	5802	5404	4384	19661	70	285	32	34	11	3	7	14	6	6	4	14	0	0	1	0	0	2	0	0	0
CP017039.1	3p	-	67	4234	5365	5362	4316	19277	72	254	25	31	6	3	5	9	3	3	5	13	0	0	0	1	0	0	0	0	0
CP017039.1	3p	-	68	3998	5484	5341	4031	18854	58	238	40	28	6	6	5	12	9	6	6	15	0	0	2	0	0	0	0	0	0
CP017039.1	3p	-	69	3899	5469	4998	4148	18514	63	259	32	29	8	6	6	8	6	12	8	14	0	0	2	1	1	0	1	0	0
CP017039.1	3p	-	70	3936	5012	5039	4121	18108	46	226	25	26	2	7	5	17	8	5	8	16	0	1	0	1	0	0	1	0	0
CP017039.1	5p	+	1	5212	10713	5259	10954	32138	49	3366	60	69	17	29	13	27	6	32	24	55	0	0	0	0	0	0	0	0	2
CP017039.1	5p	+	2	6794	9311	8129	7903	32137	96	1594	58	58	12	18	13	35	15	30	27	22	0	1	0	1	0	0	0	1	0
CP017039.1	5p	+	3	7461	9360	8975	6341	32137	74	753	78	65	7	8	15	28	11	17	23	20	0	1	4	1	1	0	0	0	0
CP017039.1	5p	+	4	7764	8932	8287	7153	32136	78	580	64	62	12	10	14	23	12	17	16	26	0	1	3	2	1	0	1	0	0
CP017039.1	5p	+	5	7106	9164	8841	7024	32135	90	497	79	69	12	10	12	22	14	23	12	23	0	3	1	0	1	1	1	0	0
CP017039.1	5p	+	6	6899	8954	9158	7125	32136	76	402	71	73	9	9	10	26	15	11	21	28	0	1	1	0	1	0	0	1	0
CP017039.1	5p	+	7	7112	9336	8525	7164	32137	82	328	63	62	10	5	9	20	12	12	11	22	1	1	1	1	0	1	0	0	0
CP017039.1	5p	+	8	6653	9606	9107	6768	32134	86	317	68	72	8	12	19	31	7	23	18	29	0	1	0	0	2	1	1	0	0
CP017039.1	5p	+	9	7059	9034	9381	6662	32136	74	306	64	68	14	8	16	18	12	20	20	22	1	1	0	0	1	1	0	0	0
CP017039.1	5p	+	10	7146	9088	8702	7195	32131	79	257	63	63	9	5	10	20	14	16	10	17	0	0	0	1	0	6	0	1	0
CP017039.1	5p	+	11	6695	9562	8995	6884	32136	95	313	67	69	12	9	9	28	16	17	14	21	2	0	0	0	0	2	0	0	0
CP017039.1	5p	+	12	7016	9021	9420	6676	32133	84	274	68	76	7	11	14	26	7	16	15	15	1	1	0	1	1	2	2	0	0
CP017039.1	5p	+	13	7015	9145	8840	7134	32134	72	268	59	50	7	6	13	28	11	7	9	26	1	2	0	2	1	2	1	0	0
CP017039.1	5p	+	14	6614	9490	9190	6842	32136	86	308	67	67	15	6	9	24	19	11	14	20	1	0	1	2	0	1	0	1	0
CP017039.1	5p	+	15	6906	9236	9365	6628	32135	78	336	68	64	13	7	21	26	14	10	14	24	1	0	2	2	0	2	1	0	0
CP017039.1	5p	+	16	7005	9324	8820	6989	32138	75	311	50	54	13	6	11	26	11	12	15	20	0	0	0	0	0	0	0	0	0
CP017039.1	5p	+	17	6565	9601	9275	6697	32138	76	334	64	49	17	8	18	25	10	16	15	14	0	0	0	1	0	0	0	0	0
CP017039.1	5p	+	18	6934	9154	9410	6639	32137	88	315	65	69	9	8	13	29	14	11	11	25	1	0	0	1	1	0	0	0	0
CP017039.1	5p	+	19	6882	9211	8951	7090	32134	105	300	64	52	13	5	8	23	14	6	13	17	1	2	0	0	0	4	0	0	0
CP017039.1	5p	+	20	6696	9775	9080	6586	32137	101	320	81	75	15	7	12	21	15	8	14	24	0	1	0	0	0	1	0	0	0
CP017039.1	5p	+	21	6823	9220	9586	6508	32137	114	298	64	56	16	8	11	22	8	10	16	26	0	0	0	1	0	1	0	0	0
CP017039.1	5p	+	22	6917	9330	8914	6977	32138	134	291	55	76	14	6	11	28	10	6	12	25	0	1	0	2	0	0	0	0	0
CP017039.1	5p	+	23	6513	9526	9400	6698	32137	126	297	67	80	15	4	12	34	12	10	11	19	3	0	1	1	0	1	0	0	0
CP017039.1	5p	+	24	6982	9249	9349	6558	32138	129	277	74	53	14	10	19	16	9	13	21	21	1	1	1	1	0	0	0	0	0
CP017039.1	5p	+	25	7002	9121	8952	7060	32135	129	282	55	68	12	14	13	16	13	8	10	25	0	1	0	1	1	0	1	1	0
CP017039.1	5p	+	26	6574	9582	9291	6688	32135	131	288	70	63	19	8	17	18	12	10	26	27	1	1	2	1	0	2	0	1	0
CP017039.1	5p	+	27	6876	9082	9503	6675	32136	146	257	63	57	13	5	12	21	5	9	13	21	2	1	0	0	1	1	0	0	0
CP017039.1	5p	+	28	6902	9286	8970	6977	32135	149	267	54	70	8	12	4	25	7	9	13	14	1	3	2	1	0	1	2	0	0
CP017039.1	5p	+	29	6484	9704	9332	6618	32138	165	285	77	73	12	10	13	31	16	14	13	33	0	0	2	0	0	0	0	0	0
CP017039.1	5p	+	30	6906	9217	9486	6528	32137	207	245	71	72	13	13	16	23	8	10	14	34	0	1	0	0	1	0	0	0	0
CP017039.1	5p	+	31	6963	8969	8933	7119	31984	191	251	60	75	11	5	9	33	4	13	14	17	1	0	2	1	1	2	0	0	0
CP017039.1	5p	+	32	6473	9430	9277	6642	31822	235	253	68	71	12	5	10	30	8	10	13	30	2	0	2	2	0	1	1	1	0
CP017039.1	5p	+	33	6869	8922	9212	6623	31626	216	212	71	54	7	16	11	25	15	10	11	25	0	0	2	2	1	1	0	0	0
CP017039.1	5p	+	34	7042	8741	8682	6970	31435	227	204	61	46	10	12	10	17	7	11	15	21	1	4	0	2	2	2	0	1	0
CP017039.1	5p	+	35	6485	9280	8907	6504	31176	231	228	51	65	9	13	10	19	23	8	8	29	1	1	2	0	1	2	0	0	0
CP017039.1	5p	+	36	6817	8604	9192	6297	30910	229	208	65	65	17	7	12	19	13	11	10	31	1	0	3	0	0	0	0	0	0
CP017039.1	5p	+	37	6732	8715	8442	6732	30621	231	177	65	62	9	9	13	30	14	10	5	24	1	0	1	1	1	0	0	0	0
CP017039.1	5p	+	38	6349	8801	8705	6492	30347	280	192	59	72	12	7	12	22	9	14	20	25	1	1	0	3	0	0	0	1	0
CP017039.1	5p	+	39	6610	8583	8679	6176	30048	292	187	62	58	14	4	17	25	6	11	11	21	1	0	0	0	0	0	2	0	0
CP017039.1	5p	+	40	6563	8225	8315	6612	29715	266	168	53	53	8	4	9	18	12	7	8	17	0	1	0	2	1	0	0	0	0
CP017039.1	5p	+	41	6137	8767	8464	6030	29398	308	184	51	62	7	5	15	32	7	14	10	24	1	1	2	1	0	0	0	1	0
CP017039.1	5p	+	42	6528	8068	8510	5951	29057	309	174	64	57	16	9	12	26	8	7	11	18	2	0	4	2	0	0	0	0	0
CP017039.1	5p	+	43	6420	7962	7967	6313	28662	301	181	55	62	13	11	12	29	11	12	8	18	0	1	0	0	0	1	2	0	0
CP017039.1	5p	+	44	5920	8301	8062	5970	28253	317	180	68	57	14	9	5	23	10	10	10	17	0	3	0	1	1	2	0	2	0
CP017039.1	5p	+	45	6182	7712	8117	5818	27829	292	181	55	62	14	7	10	24	10	16	10	20	1	2	0	0	0	1	1	0	0
CP017039.1	5p	+	46	6119	7668	7495	6127	27409	267	180	55	56	15	5	7	19	8	13	6	19	1	0	1	0	0	0	0	0	0
CP017039.1	5p	+	47	5780	7767	7748	5726	27021	316	142	60	61	14	6	4	24	8	15	16	12	0	0	0	0	2	0	1	0	0
CP017039.1	5p	+	48	5909	7413	7683	5614	26619	277	159	62	41	11	7	8	24	8	10	8	24	0	0	2	1	1	0	0	0	0
CP017039.1	5p	+	49	5814	7350	7264	5787	26215	301	148	44	50	14	3	7	14	8	7	6	15	1	0	0	1	0	1	0	0	0
CP017039.1	5p	+	50	5370	7610	7422	5390	25792	293	167	44	55	7	9	6	23	9	10	17	10	1	0	1	1	1	1	0	0	0
CP017039.1	5p	+	51	5544	7038	7584	5217	25383	269	133	57	55	10	5	6	24	11	13	11	16	1	0	1	0	0	0	0	0	0
CP017039.1	5p	+	52	5641	6891	6924	5514	24970	280	124	37	49	7	6	9	20	9	11	8	16	0	1	1	1	0	1	0	1	0
CP017039.1	5p	+	53	5292	7171	6981	5117	24561	294	155	46	56	10	3	9	19	10	9	4	17	0	0	2	0	0	1	0	1	0
CP017039.1	5p	+	54	5306	6734	7121	4976	24137	275	149	30	40	15	1	8	22	6	4	9	19	0	0	1	1	0	0	1	0	0
CP017039.1	5p	+	55	5379	6544	6513	5271	23707	235	143	32	45	9	8	8	19	7	10	6	16	0	1	2	0	0	0	0	0	0
CP017039.1	5p	+	56	5053	6661	6573	4974	23261	250	120	50	60	8	2	5	18	7	9	8	18	1	0	1	1	2	0	0	0	0
CP017039.1	5p	+	57	5154	6262	6721	4725	22862	257	114	44	39	11	5	5	27	9	11	8	15	1	1	0	0	0	1	0	1	0
CP017039.1	5p	+	58	5164	6174	6267	4893	22498	227	114	28	36	8	6	7	25	10	15	5	17	0	1	1	1	0	2	0	1	0
CP017039.1	5p	+	59	4634	6391	6401	4675	22101	255	125	39	43	8	2	11	27	7	9	6	13	0	0	2	0	1	1	0	0	0
CP017039.1	5p	+	60	4805	5928	6301	4677	21711	256	110	48	47	9	6	4	21	8	5	7	14	0	0	1	0	0	2	0	0	0
CP017039.1	5p	+	61	4909	5824	5786	4815	21334	246	90	36	53	6	6	7	15	6	11	9	15	0	1	0	2	1	1	0	0	0
CP017039.1	5p	+	62	4655	5898	5945	4445	20943	257	92	41	32	10	10	5	22	8	4	7	11	0	1	1	0	1	1	0	1	0
CP017039.1	5p	+	63	4589	5642	5967	4379	20577	237	90	34	35	8	6	8	18	9	4	6	13	0	1	1	0	1	0	0	0	0
CP017039.1	5p	+	64	4552	5671	5543	4443	20209	266	91	30	31	9	8	10	14	12	6	3	15	1	0	1	2	0	0	0	0	0
CP017039.1	5p	+	65	4137	5742	5760	4181	19820	266	96	36	39	5	5	7	17	3	11	10	11	0	1	2	1	0	0	0	0	0
CP017039.1	5p	+	66	4304	5336	5655	4126	19421	247	89	37	24	5	5	8	20	7	11	9	13	0	0	1	1	0	0	0	0	0
CP017039.1	5p	+	67	4285	5145	5221	4384	19035	221	100	33	41	3	4	3	14	12	9	5	14	0	1	0	0	1	0	0	0	0
CP017039.1	5p	+	68	4071	5309	5261	4014	18655	239	105	36	49	7	3	2	17	8	7	4	16	1	0	1	0	0	0	0	0	0
CP017039.1	5p	+	69	4074	5092	5252	3879	18297	213	104	31	46	5	7	7	16	12	6	11	10	2	1	1	0	0	1	0	0	0
CP017039.1	5p	+	70	3984	5073	4879	3999	17935	231	83	22	31	12	3	3	22	8	10	7	12	1	0	1	0	1	0	0	0	0
CP017039.1	5p	-	1	5276	10673	5437	11075	32461	44	3474	71	69	11	25	14	31	9	32	20	43	0	0	0	0	0	0	0	0	0
CP017039.1	5p	-	2	6826	9212	8174	8249	32461	70	1561	64	67	12	17	12	20	13	32	19	39	1	1	0	0	0	0	0	0	0
CP017039.1	5p	-	3	7455	9406	9178	6422	32461	79	759	71	74	10	7	19	24	15	26	26	33	2	0	3	2	0	0	0	0	0
CP017039.1	5p	-	4	7730	9052	8456	7223	32461	67	604	62	53	13	9	13	30	10	22	14	22	1	1	2	1	0	0	0	0	0
CP017039.1	5p	-	5	7070	9280	8942	7165	32457	89	480	67	80	7	10	9	28	12	14	13	26	1	0	1	1	1	2	0	1	0
CP017039.1	5p	-	6	7034	9234	9283	6907	32458	75	398	78	76	12	17	11	23	15	20	7	22	1	0	0	0	1	1	0	1	0
CP017039.1	5p	-	7	7157	9261	8737	7305	32460	83	335	66	70	8	6	10	25	13	15	11	27	0	3	0	0	1	0	0	0	0
CP017039.1	5p	-	8	6569	9734	9116	7040	32459	92	316	65	72	14	7	9	21	23	18	15	29	0	0	1	1	1	0	0	1	0
CP017039.1	5p	-	9	7035	9023	9515	6886	32459	92	290	76	65	19	11	11	30	13	11	14	24	0	1	0	1	0	0	1	1	0
CP017039.1	5p	-	10	6982	9348	8916	7213	32459	78	249	70	64	12	12	17	25	11	9	8	21	0	0	0	0	1	1	0	0	0
CP017039.1	5p	-	11	6518	9563	9381	6998	32460	89	295	53	68	12	10	15	20	17	8	9	25	0	0	2	1	0	0	1	0	0
CP017039.1	5p	-	12	7000	9025	9596	6837	32458	90	264	90	58	5	7	10	31	14	13	14	25	1	0	1	0	2	0	0	1	0
CP017039.1	5p	-	13	7017	9202	8985	7256	32460	76	280	58	63	15	9	12	18	7	7	7	26	1	0	0	2	0	0	0	1	0
CP017039.1	5p	-	14	6609	9598	9248	7001	32456	91	277	60	77	12	9	19	31	14	9	11	24	0	0	0	1	2	2	1	0	0
CP017039.1	5p	-	15	7068	9156	9464	6771	32459	83	293	63	74	13	6	10	20	10	13	13	21	2	0	0	1	1	1	0	0	0
CP017039.1	5p	-	16	7012	9350	8992	7105	32459	91	325	59	66	11	3	7	30	9	4	12	27	1	0	2	0	1	1	0	0	0
CP017039.1	5p	-	17	6572	9685	9505	6697	32459	92	357	88	78	19	8	10	24	18	9	16	30	2	0	0	0	0	1	1	0	0
CP017039.1	5p	-	18	6981	9239	9535	6706	32461	105	331	64	58	8	11	13	27	10	13	19	27	0	0	2	0	0	0	0	0	0
CP017039.1	5p	-	19	6879	9303	9242	7037	32461	86	265	76	70	11	8	7	19	4	6	11	21	0	1	1	0	0	0	0	0	0
CP017039.1	5p	-	20	6707	9665	9305	6782	32459	92	306	79	56	12	4	29	25	21	7	10	24	2	1	0	0	2	0	0	0	0
CP017039.1	5p	-	21	6858	9161	9636	6804	32459	114	267	77	62	16	11	8	17	11	5	9	31	0	3	1	1	0	0	1	1	0
CP017039.1	5p	-	22	6953	9340	9024	7144	32461	88	293	59	57	14	7	8	21	12	11	10	26	2	0	2	2	0	0	0	0	0
CP017039.1	5p	-	23	6686	9645	9298	6830	32459	134	290	67	60	7	3	11	23	19	13	10	24	1	0	2	0	0	1	0	1	0
CP017039.1	5p	-	24	6897	9229	9556	6777	32459	146	250	62	65	11	12	14	32	4	8	12	20	1	0	0	2	1	1	0	0	0
CP017039.1	5p	-	25	6968	9305	9071	7116	32460	153	276	79	60	7	8	15	32	12	7	18	17	0	0	2	0	1	0	0	0	0
CP017039.1	5p	-	26	6817	9577	9301	6763	32458	129	255	72	57	18	9	8	26	16	8	19	34	0	0	1	2	1	2	0	0	0
CP017039.1	5p	-	27	7040	9154	9470	6792	32456	163	225	80	76	12	4	13	26	22	9	16	26	0	1	0	0	0	4	1	0	0
CP017039.1	5p	-	28	7113	9149	9057	7137	32456	160	260	66	57	13	8	8	33	11	10	15	20	0	2	2	0	0	3	1	0	0
CP017039.1	5p	-	29	6720	9554	9455	6732	32461	173	266	53	70	16	10	23	22	22	17	16	18	0	3	0	2	0	0	0	0	0
CP017039.1	5p	-	30	7098	9118	9512	6733	32461	196	229	67	64	10	9	14	19	14	6	11	27	4	1	5	0	0	0	0	0	0
CP017039.1	5p	-	31	6899	9074	9059	7286	32318	207	223	40	58	15	9	8	22	6	7	9	21	0	1	3	0	0	0	0	0	0
CP017039.1	5p	-	32	6630	9552	9206	6750	32138	218	251	80	75	8	7	6	28	10	6	18	27	2	0	2	2	1	0	0	0	0
CP017039.1	5p	-	33	7004	9000	9437	6524	31965	234	213	60	63	12	10	19	31	13	14	13	28	1	1	0	1	0	0	0	0	0
CP017039.1	5p	-	34	6920	8877	8932	6997	31726	218	235	55	59	14	11	11	36	12	10	6	24	1	0	3	0	0	1	0	0	0
CP017039.1	5p	-	35	6534	9152	9198	6614	31498	247	221	71	71	15	5	13	28	8	13	11	30	3	0	0	0	0	1	0	0	0
CP017039.1	5p	-	36	6749	8869	9093	6540	31251	241	205	62	61	10	10	13	25	12	9	10	19	2	2	0	0	0	2	0	0	0
CP017039.1	5p	-	37	6824	8500	8793	6850	30967	254	186	57	57	17	3	12	28	14	10	8	32	2	1	1	1	1	0	0	0	0
CP017039.1	5p	-	38	6361	8961	8755	6596	30673	226	226	61	75	7	8	14	28	13	10	15	20	2	0	0	1	0	0	0	0	0
CP017039.1	5p	-	39	6573	8685	8831	6310	30399	256	210	74	70	16	10	13	30	8	12	10	19	0	2	0	0	0	0	0	0	0
CP017039.1	5p	-	40	6624	8380	8432	6645	30081	248	179	67	46	11	8	12	30	11	12	6	24	1	3	0	1	1	0	1	0	0
CP017039.1	5p	-	41	6263	8525	8514	6426	29728	275	188	64	65	8	10	7	34	14	15	12	15	0	2	0	0	0	1	0	0	0
CP017039.1	5p	-	42	6445	8144	8486	6297	29372	272	179	68	60	11	7	11	23	13	9	10	21	2	2	2	1	1	2	0	0	0
CP017039.1	5p	-	43	6406	8109	8065	6410	28990	265	179	54	51	9	8	9	16	10	15	13	17	0	1	0	0	0	0	0	0	0
CP017039.1	5p	-	44	6029	8250	8132	6160	28571	292	190	67	62	11	5	9	37	16	8	9	20	0	4	0	0	0	0	0	0	0
CP017039.1	5p	-	45	6193	7710	8377	5926	28206	285	181	63	70	9	7	10	26	4	9	10	28	1	1	0	2	0	0	0	1	0
CP017039.1	5p	-	46	6156	7759	7758	6148	27821	274	165	63	52	11	7	8	20	8	9	8	18	1	0	1	1	2	1	0	0	0
CP017039.1	5p	-	47	5705	7954	7891	5867	27417	274	154	60	61	11	6	6	24	13	8	11	21	0	2	0	2	0	0	0	0	0
CP017039.1	5p	-	48	6053	7390	7877	5720	27040	280	141	66	46	8	7	9	29	10	17	9	14	2	0	0	0	3	0	0	0	0
CP017039.1	5p	-	49	6036	7482	7303	5795	26616	267	150	46	45	9	5	8	22	4	6	10	20	1	1	1	1	0	2	0	1	0
CP017039.1	5p	-	50	5631	7598	7394	5560	26183	332	149	66	46	7	11	13	19	10	13	6	22	1	1	0	2	0	0	0	0	0
CP017039.1	5p	-	51	5684	7044	7571	5464	25763	309	138	52	40	8	7	7	20	11	11	10	19	1	1	1	0	0	0	0	0	0
CP017039.1	5p	-	52	5599	7053	7008	5682	25342	286	140	53	42	4	10	8	20	5	13	3	22	0	1	2	2	0	0	0	0	0
CP017039.1	5p	-	53	5271	7221	7137	5306	24935	303	138	59	56	4	6	13	22	8	7	9	14	1	0	1	1	0	0	0	0	0
CP017039.1	5p	-	54	5372	6791	7178	5182	24523	269	138	55	35	7	4	7	27	7	10	8	17	2	0	2	1	0	1	0	0	0
CP017039.1	5p	-	55	5347	6676	6795	5279	24097	273	125	45	28	14	5	5	17	6	11	9	19	0	0	2	0	0	0	0	0	0
CP017039.1	5p	-	56	4954	6929	6746	5024	23653	282	122	57	46	9	2	11	23	6	6	7	19	0	0	1	0	1	0	0	0	0
CP017039.1	5p	-	57	5213	6448	6730	4849	23240	297	138	56	47	11	7	5	19	11	11	4	14	1	0	0	1	0	0	0	1	0
CP017039.1	5p	-	58	5099	6151	6452	5105	22807	240	115	35	38	8	8	10	24	11	4	10	16	1	1	1	2	0	0	0	0	0
CP017039.1	5p	-	59	4796	6388	6512	4710	22406	268	113	38	47	7	6	13	13	8	10	3	14	0	0	0	0	1	0	0	1	0
CP017039.1	5p	-	60	4819	6111	6378	4686	21994	251	118	42	46	9	5	6	18	10	4	4	20	1	1	0	0	1	0	0	0	0
CP017039.1	5p	-	61	4885	6038	5969	4708	21600	271	122	36	47	8	6	8	15	9	5	8	18	1	1	0	1	0	0	0	0	0
CP017039.1	5p	-	62	4560	6010	6086	4557	21213	275	108	52	39	14	1	4	27	9	8	9	8	2	0	0	2	0	1	0	0	0
CP017039.1	5p	-	63	4603	5784	6061	4358	20806	261	89	39	32	7	7	6	13	5	7	6	18	1	1	0	0	0	0	1	0	0
CP017039.1	5p	-	64	4582	5636	5694	4513	20425	251	81	27	30	7	4	6	16	4	9	2	9	0	2	1	1	1	0	0	1	0
CP017039.1	5p	-	65	4270	5636	5716	4371	19993	278	118	40	36	9	6	6	27	5	10	5	23	0	1	1	2	1	0	1	0	0
CP017039.1	5p	-	66	4379	5359	5681	4242	19661	271	90	49	34	3	2	9	17	6	7	4	20	0	0	0	2	1	0	0	1	0
CP017039.1	5p	-	67	4211	5267	5426	4370	19274	242	102	33	26	7	6	6	16	6	7	7	17	2	0	2	2	2	0	0	1	0
CP017039.1	5p	-	68	3951	5398	5327	4177	18853	233	125	31	43	5	4	10	18	4	3	7	12	1	0	0	0	1	0	0	0	0
CP017039.1	5p	-	69	4074	5106	5391	3943	18514	228	101	43	37	6	7	5	14	8	7	4	14	2	0	1	1	1	1	0	0	0
CP017039.1	5p	-	70	4049	5034	5046	3979	18108	198	73	35	38	7	3	12	13	11	12	0	14	0	0	0	0	0	1	0	0	0
