# table produced by mapDamage version 2.2.3
# using mapped file /mnt/archgen/microbiome_calculus/library_ds_vs_ss/04-analysis/normalize_kraken/mapping/flexilinea_sp001717545/mapDamage2_ssLibs/input/GDN001.A0102.SG1.3_5M.mapped_f_sp001717545_q25l30_rmdup.bam and /mnt/archgen/microbiome_calculus/library_ds_vs_ss/04-analysis/normalize_kraken/mapping/flexilinea_sp001717545/input/GCA_001717545.1_ASM171754v1_genomic.fna as reference file
# Chr: reference from sam/bam header, End: from which termini of DNA sequences, Std: strand of reads
Chr	End	Std	Pos	A	C	G	T	Total	G>A	C>T	A>G	T>C	A>C	A>T	C>G	C>A	T>G	T>A	G>C	G>T	A>-	T>-	C>-	G>-	->A	->T	->C	->G	S
CP017039.1	3p	+	1	24604	43661	21167	25162	114594	265	15372	200	225	63	62	33	72	26	43	106	93	0	0	0	0	0	0	0	0	0
CP017039.1	3p	+	2	36675	31174	25465	21280	114594	322	6616	239	194	49	37	28	88	25	30	111	67	0	0	0	0	0	0	0	0	0
CP017039.1	3p	+	3	31097	29092	29889	24516	114594	270	4959	250	185	48	50	26	48	49	25	201	133	0	0	0	0	0	0	0	0	0
CP017039.1	3p	+	4	32130	30754	27527	24179	114590	313	3462	204	213	32	26	36	71	40	23	153	119	0	0	0	0	1	0	2	0	0
CP017039.1	3p	+	5	33061	28169	28488	24871	114589	232	2372	224	195	41	18	25	44	42	36	179	105	0	0	0	4	0	1	0	3	0
CP017039.1	3p	+	6	31290	30101	29178	24021	114590	285	1922	222	210	36	16	32	67	33	23	182	94	0	0	0	10	2	1	0	1	0
CP017039.1	3p	+	7	30008	30690	28364	25524	114586	271	1595	221	204	41	18	24	54	24	25	193	102	0	4	2	20	1	3	2	2	0
CP017039.1	3p	+	8	30611	29099	29001	25880	114591	223	1397	198	224	34	22	28	46	15	20	178	114	3	3	2	36	1	2	0	0	0
CP017039.1	3p	+	9	30123	30154	29601	24707	114585	267	1338	221	218	42	21	39	54	33	17	205	122	7	7	7	47	4	3	1	1	0
CP017039.1	3p	+	10	29027	31090	29202	25263	114582	261	1133	199	181	49	24	24	73	39	19	189	134	10	5	9	54	1	4	6	1	0
CP017039.1	3p	+	11	30151	30139	29087	25206	114583	225	1083	212	200	60	26	22	43	32	16	172	130	13	10	14	50	4	1	4	2	0
CP017039.1	3p	+	12	29929	30180	30370	24109	114588	277	1092	218	258	38	24	26	61	31	24	176	143	12	6	17	62	2	2	1	0	0
CP017039.1	3p	+	13	29272	30980	29651	24678	114581	269	1046	222	206	55	24	29	48	27	20	175	116	10	7	15	48	7	3	2	1	0
CP017039.1	3p	+	14	29961	30304	29594	24721	114580	223	1203	207	210	42	24	25	64	37	17	157	101	12	4	24	50	5	5	2	1	0
CP017039.1	3p	+	15	29348	31308	30539	23383	114578	255	1251	226	241	30	18	27	64	27	23	174	102	10	3	11	35	8	3	4	1	0
CP017039.1	3p	+	16	28357	31757	29869	24593	114576	255	1338	182	219	41	16	25	55	35	21	161	112	7	5	8	38	13	4	0	1	0
CP017039.1	3p	+	17	29483	30642	29334	25127	114586	222	1300	212	213	32	22	27	52	41	18	161	87	13	4	6	37	5	3	0	0	0
CP017039.1	3p	+	18	28989	30911	30915	23767	114582	220	1403	200	207	48	12	35	68	40	18	185	102	17	5	9	31	1	7	2	1	0
CP017039.1	3p	+	19	28593	32087	29364	24542	114586	230	1419	228	237	33	18	31	50	31	19	184	122	11	9	6	25	1	4	3	0	0
CP017039.1	3p	+	20	29698	30648	29431	24804	114581	233	1282	184	186	38	16	22	51	25	16	177	92	12	6	2	26	7	3	2	1	0
CP017039.1	3p	+	21	28888	31259	30764	23669	114580	237	1325	234	195	33	21	34	49	27	21	180	108	13	11	9	31	8	3	1	2	0
CP017039.1	3p	+	22	28640	32052	29432	24465	114589	237	1317	216	212	38	23	31	56	30	17	156	90	10	6	4	31	1	3	1	0	0
CP017039.1	3p	+	23	30101	30238	29408	24837	114584	227	1276	192	173	40	26	21	51	37	8	180	108	7	7	2	24	2	5	2	0	0
CP017039.1	3p	+	24	29339	30828	30809	23612	114588	265	1335	240	243	53	23	21	59	36	9	177	130	2	1	5	33	1	2	2	1	0
CP017039.1	3p	+	25	28613	32113	29657	24196	114579	234	1466	202	240	36	21	18	51	33	21	176	89	5	7	9	26	7	5	0	2	0
CP017039.1	3p	+	26	29774	30606	29633	24572	114585	231	1371	211	182	36	20	21	53	36	17	165	116	12	5	5	24	3	3	2	1	0
CP017039.1	3p	+	27	29207	31323	30688	23366	114584	237	1464	226	200	46	15	24	61	37	20	176	102	13	4	2	23	3	4	1	2	0
CP017039.1	3p	+	28	28959	31999	29745	23878	114581	264	1563	228	227	46	22	20	60	30	24	168	87	13	5	3	21	8	2	2	1	0
CP017039.1	3p	+	29	30280	30496	29579	24230	114585	221	1648	224	200	43	27	29	57	42	21	144	96	9	8	9	26	3	2	2	1	0
CP017039.1	3p	+	30	29512	31188	30433	23452	114585	245	2193	210	221	37	31	25	50	33	24	157	99	10	5	8	25	3	3	1	1	0
CP017039.1	3p	+	31	27865	30991	27405	23164	109425	253	2175	181	221	42	24	26	45	39	32	161	87	8	4	12	27	3	3	0	2	0
CP017039.1	3p	+	32	27743	28104	25838	22621	104306	230	1940	167	179	34	21	23	37	27	10	138	79	9	4	3	17	2	0	1	0	0
CP017039.1	3p	+	33	25814	26750	25933	20728	99225	230	2047	193	178	34	21	21	41	21	25	115	67	4	3	7	8	3	5	2	2	0
CP017039.1	3p	+	34	24045	26188	23906	20253	94392	203	1901	175	173	37	27	15	34	17	18	120	70	7	2	5	21	2	3	0	1	0
CP017039.1	3p	+	35	23728	24040	22460	19529	89757	168	1759	188	150	23	19	10	45	27	12	106	66	7	5	5	23	1	4	2	1	0
CP017039.1	3p	+	36	21960	23140	22314	17743	85157	165	1699	178	141	39	17	21	24	21	9	128	66	4	8	8	23	0	4	1	3	0
CP017039.1	3p	+	37	20285	22862	20435	17367	80949	162	1772	150	144	32	17	11	45	19	9	84	62	9	4	5	18	0	3	0	1	0
CP017039.1	3p	+	38	19744	20684	19235	17064	76727	135	1546	130	131	21	25	16	38	21	10	112	49	10	3	5	15	0	4	1	1	0
CP017039.1	3p	+	39	18474	20037	18863	15325	72699	151	1518	147	130	32	13	11	35	17	8	92	56	4	2	2	20	3	3	2	0	0
CP017039.1	3p	+	40	17320	19353	17269	14895	68837	149	1596	129	128	15	18	11	28	19	18	101	65	5	1	4	9	1	1	2	2	0
CP017039.1	3p	+	41	17050	17472	16073	14432	65027	123	1442	115	116	17	15	8	21	19	10	76	37	4	5	4	12	6	0	1	1	0
CP017039.1	3p	+	42	15881	16826	15573	13070	61350	117	1521	153	92	21	17	19	26	19	12	78	40	3	3	7	10	0	0	0	1	0
CP017039.1	3p	+	43	14491	16148	14164	12881	57684	115	1442	101	119	25	26	13	25	12	15	59	34	5	3	4	13	2	1	2	1	0
CP017039.1	3p	+	44	14044	14476	13426	12178	54124	102	1318	70	101	22	12	13	27	12	10	66	39	1	1	4	3	3	3	0	0	0
CP017039.1	3p	+	45	12765	13853	12895	11165	50678	107	1333	102	106	12	12	7	21	13	8	47	40	2	2	1	9	1	2	2	0	0
CP017039.1	3p	+	46	11760	13320	11678	10716	47474	105	1275	96	80	21	12	11	19	8	12	49	36	0	2	3	5	1	2	1	0	0
CP017039.1	3p	+	47	11326	12113	10747	10087	44273	83	1175	67	63	11	10	5	23	15	10	55	39	3	4	3	7	0	1	0	1	0
CP017039.1	3p	+	48	10413	11282	10484	9177	41356	85	1042	75	67	14	12	9	23	12	14	51	26	4	1	0	7	1	0	2	0	0
CP017039.1	3p	+	49	9519	10837	9507	8713	38576	84	1020	69	67	9	11	5	16	14	9	35	35	3	2	4	7	1	1	0	0	0
CP017039.1	3p	+	50	9168	9698	8746	8291	35903	75	893	60	58	15	10	7	18	15	3	31	25	1	3	2	9	0	1	0	0	0
CP017039.1	3p	+	51	8391	8948	8610	7401	33350	78	920	62	51	6	13	5	16	6	6	35	22	6	2	4	7	0	1	0	0	0
CP017039.1	3p	+	52	7690	8645	7546	7183	31064	53	842	54	58	10	10	7	14	5	4	29	30	1	3	0	3	0	1	0	1	0
CP017039.1	3p	+	53	7470	7780	6798	6809	28857	52	761	63	54	2	7	7	11	6	5	25	26	2	0	0	2	1	0	1	1	0
CP017039.1	3p	+	54	6603	7232	6812	6134	26781	50	749	47	56	8	6	4	14	5	4	27	25	1	2	1	4	0	0	1	0	0
CP017039.1	3p	+	55	6107	6847	6036	5853	24843	52	706	33	39	14	6	4	13	3	3	25	24	0	0	1	4	2	3	0	0	0
CP017039.1	3p	+	56	5845	6072	5662	5454	23033	28	613	43	27	8	5	5	12	3	4	23	17	0	0	0	2	0	2	0	0	0
CP017039.1	3p	+	57	5291	5695	5335	4949	21270	53	634	41	49	7	7	4	11	8	4	22	19	0	2	0	2	3	2	0	0	0
CP017039.1	3p	+	58	4835	5490	4764	4655	19744	31	583	40	45	4	7	6	6	6	0	14	18	1	2	2	2	0	1	0	0	0
CP017039.1	3p	+	59	4603	4853	4329	4455	18240	20	521	33	25	5	3	4	6	6	7	20	13	0	3	0	1	1	0	0	0	0
CP017039.1	3p	+	60	4243	4565	4210	3821	16839	28	454	29	23	5	4	2	9	5	4	17	8	0	1	0	3	0	0	0	2	0
CP017039.1	3p	+	61	3757	4301	3765	3752	15575	26	475	20	22	5	1	3	5	2	1	13	10	1	2	2	2	1	0	1	0	0
CP017039.1	3p	+	62	3474	3878	3428	3581	14361	23	420	22	23	5	2	3	6	4	5	16	7	2	0	1	2	1	1	0	0	0
CP017039.1	3p	+	63	3277	3645	3250	3088	13260	34	415	25	16	4	6	2	10	3	2	9	9	1	3	4	4	1	0	0	0	0
CP017039.1	3p	+	64	2851	3415	2976	2998	12240	26	405	24	23	2	5	3	3	6	2	6	9	1	0	1	2	0	0	2	0	0
CP017039.1	3p	+	65	2813	2978	2573	2837	11201	13	389	22	26	5	3	3	8	2	1	8	8	2	1	0	3	1	0	0	0	0
CP017039.1	3p	+	66	2534	2830	2486	2412	10262	32	333	20	19	2	4	2	1	2	0	12	3	0	1	0	0	0	1	0	0	0
CP017039.1	3p	+	67	2343	2610	2134	2401	9488	27	315	29	23	4	2	2	1	3	2	4	4	2	0	0	0	0	0	0	0	0
CP017039.1	3p	+	68	2211	2289	1994	2148	8642	21	267	12	8	4	4	1	2	0	0	7	8	0	0	0	0	1	1	0	0	0
CP017039.1	3p	+	69	1917	2105	1966	1864	7852	23	252	11	9	3	2	0	3	2	3	9	4	0	0	1	2	0	0	0	0	0
CP017039.1	3p	+	70	1747	2011	1704	1769	7231	13	250	13	9	2	6	1	1	1	0	7	5	1	1	1	1	1	0	0	0	0
CP017039.1	3p	-	1	24134	42568	21137	25146	112985	278	15208	200	245	52	71	33	67	28	38	109	101	0	0	0	0	0	0	0	0	0
CP017039.1	3p	-	2	35709	30937	25349	20989	112984	335	6623	245	182	52	41	31	92	26	38	105	79	0	0	0	0	1	0	0	0	0
CP017039.1	3p	-	3	29992	28562	29921	24508	112983	290	4931	271	204	44	36	36	47	44	33	188	122	0	0	0	0	2	0	0	0	0
CP017039.1	3p	-	4	31516	29944	27160	24357	112977	287	3263	230	209	33	35	31	62	25	26	201	116	0	0	1	0	1	1	1	4	0
CP017039.1	3p	-	5	32490	27899	28171	24414	112974	261	2383	212	170	48	28	23	58	33	23	175	112	5	0	0	2	2	5	2	1	0
CP017039.1	3p	-	6	30753	29038	29418	23767	112976	277	1948	250	204	46	35	21	56	38	21	179	104	5	3	3	15	2	5	0	2	0
CP017039.1	3p	-	7	29492	30249	27958	25267	112966	247	1663	199	239	34	27	19	48	24	26	178	111	6	4	5	22	4	5	2	4	0
CP017039.1	3p	-	8	30050	28479	28880	25558	112967	237	1351	219	189	28	23	26	57	31	24	162	100	8	4	10	24	4	11	0	3	0
CP017039.1	3p	-	9	29431	29185	29902	24455	112973	244	1240	230	204	34	23	30	56	27	24	177	130	10	14	16	51	5	1	2	1	0
CP017039.1	3p	-	10	28415	30604	28704	25251	112974	235	1105	222	215	39	28	29	49	30	23	185	109	11	15	12	61	7	2	1	1	0
CP017039.1	3p	-	11	29553	29592	28701	25125	112971	220	1072	199	181	40	17	23	58	31	18	173	123	8	11	27	50	10	3	1	0	0
CP017039.1	3p	-	12	29057	29763	30167	23992	112979	274	1043	222	240	37	22	26	47	27	24	153	146	12	9	15	58	2	0	1	2	0
CP017039.1	3p	-	13	28409	30742	29366	24458	112975	277	1127	249	234	45	19	36	53	30	12	159	115	16	5	16	48	4	2	2	2	0
CP017039.1	3p	-	14	29415	29599	29496	24462	112972	200	1135	201	205	32	19	27	55	22	20	159	106	17	5	8	36	6	5	1	1	0
CP017039.1	3p	-	15	28903	30013	30503	23555	112974	226	1255	238	229	33	23	29	52	36	17	145	140	10	4	5	25	5	3	1	2	0
CP017039.1	3p	-	16	28245	31023	29618	24096	112982	263	1313	217	233	38	29	37	53	33	20	154	108	10	6	8	23	2	0	0	1	0
CP017039.1	3p	-	17	28877	30163	29202	24737	112979	235	1245	228	212	42	22	26	47	27	24	155	98	10	7	11	56	2	2	1	1	0
CP017039.1	3p	-	18	28346	30321	30805	23502	112974	261	1364	216	207	43	21	26	47	28	18	178	111	11	5	11	39	5	2	1	2	0
CP017039.1	3p	-	19	27703	30955	30106	24207	112971	250	1251	201	203	40	14	29	60	36	23	188	105	14	5	7	27	10	3	1	0	0
CP017039.1	3p	-	20	28732	30424	29398	24426	112980	203	1326	186	200	31	13	25	34	35	16	182	90	12	5	9	41	1	1	1	2	0
CP017039.1	3p	-	21	28504	30517	30528	23429	112978	264	1282	219	204	41	25	30	57	28	17	147	88	11	6	5	36	5	1	0	1	0
CP017039.1	3p	-	22	28093	31137	29223	24521	112974	278	1337	219	207	28	23	25	55	33	23	149	122	12	1	4	34	4	4	1	2	0
CP017039.1	3p	-	23	29347	29783	29103	24743	112976	228	1207	217	226	33	16	31	56	25	16	154	109	12	6	5	27	2	4	2	1	0
CP017039.1	3p	-	24	28725	30331	30519	23402	112977	303	1377	229	208	50	17	33	59	33	15	170	96	6	8	7	28	5	1	1	1	0
CP017039.1	3p	-	25	28281	31028	29728	23947	112984	256	1323	203	205	42	22	27	47	42	24	171	112	11	6	7	36	0	0	0	1	0
CP017039.1	3p	-	26	28809	30282	29280	24602	112973	220	1317	211	200	31	14	28	51	38	23	154	101	11	7	9	26	8	3	1	0	0
CP017039.1	3p	-	27	28399	30636	30794	23147	112976	214	1360	216	218	48	18	35	49	32	27	157	105	9	3	6	25	2	2	2	1	0
CP017039.1	3p	-	28	28093	31124	29756	23999	112972	233	1470	195	248	43	16	31	66	20	17	170	80	2	4	3	35	7	2	1	3	0
CP017039.1	3p	-	29	29681	30086	29103	24106	112976	235	1577	225	209	40	24	21	59	40	13	144	91	8	5	2	27	4	1	1	3	0
CP017039.1	3p	-	30	29062	30563	29830	23525	112980	279	2206	215	217	45	22	23	58	31	20	183	125	7	2	3	20	1	2	2	0	0
CP017039.1	3p	-	31	27073	29749	27581	23348	107751	248	2054	223	189	36	26	31	45	35	29	136	92	8	5	5	22	0	2	0	0	0
CP017039.1	3p	-	32	26852	27468	25629	22755	102704	217	1899	176	175	25	21	26	41	31	19	98	86	4	2	4	26	3	1	0	2	0
CP017039.1	3p	-	33	24906	26448	25642	20646	97642	233	1860	202	167	40	22	28	46	17	15	153	98	6	3	4	25	4	3	1	0	0
CP017039.1	3p	-	34	23375	25630	23778	20005	92788	204	1925	207	190	27	23	18	43	37	20	107	73	6	7	2	15	5	0	2	1	0
CP017039.1	3p	-	35	23124	23522	22346	19222	88214	170	1698	157	159	28	11	23	41	19	14	107	60	4	6	2	30	5	0	1	1	0
CP017039.1	3p	-	36	21360	22761	21857	17733	83711	182	1661	178	148	30	20	19	33	24	20	92	70	6	3	5	17	0	2	0	1	0
CP017039.1	3p	-	37	19905	21966	20272	17298	79441	182	1671	156	128	29	9	19	36	17	13	109	55	7	2	7	13	0	1	1	3	0
CP017039.1	3p	-	38	19707	20139	18974	16544	75364	132	1529	148	106	27	19	11	36	22	22	74	59	11	5	2	9	1	1	0	0	0
CP017039.1	3p	-	39	18258	19306	18537	15234	71335	136	1601	162	125	28	19	16	34	24	11	88	58	4	2	0	15	2	0	0	0	0
CP017039.1	3p	-	40	16910	18506	17292	14805	67513	154	1503	122	132	21	11	14	24	21	11	89	68	4	4	0	12	2	1	0	0	0
CP017039.1	3p	-	41	16339	17127	16013	14279	63758	112	1465	110	118	19	21	17	25	19	10	65	42	3	4	1	9	4	0	0	2	0
CP017039.1	3p	-	42	15262	16302	15589	13054	60207	148	1467	108	112	24	14	21	25	11	10	71	52	2	1	2	7	0	2	1	1	0
CP017039.1	3p	-	43	13967	15683	14269	12606	56525	118	1441	98	92	25	14	22	25	20	7	58	36	4	3	0	6	2	2	0	0	0
CP017039.1	3p	-	44	13713	14163	12943	12210	53029	105	1311	95	93	15	16	6	29	13	12	56	31	1	0	5	7	1	0	0	1	0
CP017039.1	3p	-	45	12522	13543	12664	10829	49558	113	1223	109	85	18	13	8	20	16	5	43	32	2	2	3	8	2	2	1	1	0
CP017039.1	3p	-	46	11693	12877	11506	10377	46453	106	1216	74	77	14	7	13	23	15	7	36	34	0	2	3	6	0	1	0	1	0
CP017039.1	3p	-	47	11095	11535	10657	10064	43351	87	1082	58	71	15	11	9	21	14	11	67	24	2	2	2	4	1	0	0	0	0
CP017039.1	3p	-	48	10081	10839	10427	9059	40406	84	997	76	67	15	11	10	19	15	6	48	29	0	2	1	5	1	0	0	1	0
CP017039.1	3p	-	49	9368	10478	9379	8559	37784	90	1004	70	70	19	13	11	16	3	7	42	38	0	0	0	10	1	0	2	1	0
CP017039.1	3p	-	50	8908	9407	8676	8178	35169	61	898	61	58	11	15	7	11	14	3	31	36	3	1	1	6	2	0	1	0	0
CP017039.1	3p	-	51	8011	9044	8235	7320	32610	69	877	54	63	7	8	3	15	10	8	43	22	2	1	1	7	1	2	1	0	0
CP017039.1	3p	-	52	7489	8500	7363	6955	30307	70	814	59	48	6	7	3	20	15	5	25	18	2	2	0	7	0	1	0	1	0
CP017039.1	3p	-	53	7083	7396	6886	6811	28176	53	679	46	42	4	7	1	12	7	8	31	29	2	0	1	5	2	1	0	0	0
CP017039.1	3p	-	54	6450	7115	6604	6017	26186	56	726	53	34	9	7	8	7	5	6	20	29	0	0	4	5	1	2	0	1	0
CP017039.1	3p	-	55	5946	6718	5940	5650	24254	43	641	41	30	6	2	5	9	5	6	29	13	3	2	3	5	1	2	0	1	0
CP017039.1	3p	-	56	5634	6032	5294	5496	22456	43	589	35	30	8	2	3	7	3	6	13	14	1	0	1	2	3	1	4	1	0
CP017039.1	3p	-	57	5103	5633	5185	4906	20827	45	602	41	43	8	4	6	6	6	4	10	14	1	1	2	1	0	1	0	2	0
CP017039.1	3p	-	58	4660	5261	4763	4622	19306	39	572	27	33	5	1	2	13	4	1	18	18	1	1	1	4	0	1	2	0	0
CP017039.1	3p	-	59	4407	4755	4347	4344	17853	36	469	35	22	8	7	3	2	5	5	14	14	0	0	1	2	0	0	0	2	0
CP017039.1	3p	-	60	4080	4501	4105	3842	16528	32	482	32	27	10	4	5	4	2	4	13	11	4	0	1	1	0	0	0	0	0
CP017039.1	3p	-	61	3707	4165	3693	3760	15325	39	452	23	28	2	3	3	4	3	4	18	10	2	1	0	1	0	0	0	0	0
CP017039.1	3p	-	62	3493	3815	3325	3467	14100	36	384	27	25	6	3	1	5	5	3	9	11	1	1	1	1	0	0	0	0	0
CP017039.1	3p	-	63	3152	3613	3170	3098	13033	34	416	32	22	3	1	2	2	6	4	14	8	0	0	0	3	1	0	0	0	0
CP017039.1	3p	-	64	2923	3334	2909	2927	12093	17	414	13	18	3	0	0	1	6	2	16	6	2	0	1	1	0	0	0	0	0
CP017039.1	3p	-	65	2701	2931	2653	2844	11129	20	382	16	15	1	1	0	5	6	4	14	5	1	0	0	0	0	0	0	0	0
CP017039.1	3p	-	66	2569	2694	2494	2395	10152	19	319	24	11	4	2	4	1	2	1	14	12	1	1	1	3	0	0	0	0	0
CP017039.1	3p	-	67	2176	2630	2273	2281	9360	20	304	20	12	2	5	3	7	2	1	3	5	0	0	1	4	0	0	0	0	0
CP017039.1	3p	-	68	2111	2280	2010	2197	8598	14	277	15	10	2	2	0	4	2	0	6	7	0	1	0	2	1	0	0	0	0
CP017039.1	3p	-	69	1860	2106	1964	1884	7814	15	249	15	13	4	1	0	3	5	2	6	8	0	1	0	1	0	0	0	0	0
CP017039.1	3p	-	70	1665	1985	1725	1807	7182	14	261	17	11	0	1	2	9	1	3	5	6	1	0	0	0	0	0	0	0	0
CP017039.1	5p	+	1	31058	31621	18141	33774	114594	257	13626	241	167	42	91	21	54	18	36	27	91	0	0	0	0	0	0	0	0	1
CP017039.1	5p	+	2	34204	33521	21752	25117	114594	283	7450	228	204	36	47	32	52	19	37	49	69	4	3	1	2	0	0	0	0	1
CP017039.1	5p	+	3	31826	28735	31796	22233	114590	279	3034	272	193	33	35	26	54	27	31	136	58	1	2	9	3	2	2	0	0	0
CP017039.1	5p	+	4	33033	30424	27786	23343	114586	270	3100	187	190	29	21	29	48	31	36	112	78	2	5	4	2	3	0	1	2	0
CP017039.1	5p	+	5	28878	32727	29869	23103	114577	231	2300	216	203	51	27	27	55	34	20	147	84	3	5	7	3	6	6	4	1	0
CP017039.1	5p	+	6	29096	30567	30956	23964	114583	271	1859	234	183	32	28	20	65	37	13	152	96	4	3	3	4	4	4	1	2	0
CP017039.1	5p	+	7	29506	31700	29176	24203	114585	212	1424	184	211	40	23	18	50	31	19	182	74	10	4	3	13	3	3	2	1	0
CP017039.1	5p	+	8	28637	31279	31396	23270	114582	264	1276	236	239	50	24	24	65	36	21	185	90	8	7	2	12	3	3	2	4	0
CP017039.1	5p	+	9	30212	30317	30022	24031	114582	263	1233	196	218	37	21	25	50	32	9	149	95	7	6	6	12	3	5	2	1	0
CP017039.1	5p	+	10	29301	31313	28676	25293	114583	230	1060	198	215	32	21	19	46	22	12	147	93	4	7	2	28	5	2	2	2	0
CP017039.1	5p	+	11	27741	32640	30067	24126	114574	257	1112	246	263	42	23	33	55	29	21	205	115	10	1	3	31	5	8	4	3	0
CP017039.1	5p	+	12	29389	30299	31772	23125	114585	248	992	221	209	36	20	33	57	35	19	185	109	15	3	4	32	3	0	1	5	0
CP017039.1	5p	+	13	30146	30412	29517	24503	114578	237	1109	198	215	40	22	25	53	33	22	164	84	8	4	5	22	2	8	3	3	0
CP017039.1	5p	+	14	28765	31981	29743	24097	114586	242	1180	241	227	47	19	21	65	31	18	190	91	13	7	10	23	2	2	2	2	0
CP017039.1	5p	+	15	29521	30679	30968	23418	114586	247	1220	218	195	32	19	38	59	35	15	214	111	4	5	9	28	1	3	2	2	0
CP017039.1	5p	+	16	29861	30922	29036	24768	114587	213	1299	206	184	41	35	20	58	29	18	176	104	6	4	3	30	2	2	1	2	0
CP017039.1	5p	+	17	28349	31831	30307	24096	114583	239	1386	216	249	45	25	30	55	39	21	209	110	11	6	8	32	6	3	2	0	0
CP017039.1	5p	+	18	29602	30439	30722	23824	114587	292	1260	215	212	41	24	22	54	38	27	160	111	9	5	10	31	7	0	0	0	0
CP017039.1	5p	+	19	29439	30731	29157	25253	114580	252	1376	192	195	46	13	13	39	21	16	173	100	8	11	8	26	5	7	2	0	0
CP017039.1	5p	+	20	28596	32037	29844	24105	114582	265	1398	229	221	43	30	30	46	38	19	176	116	16	7	15	41	4	6	1	1	0
CP017039.1	5p	+	21	29507	30666	30622	23782	114577	235	1278	222	221	48	16	23	48	42	12	190	117	15	5	10	41	7	5	4	0	0
CP017039.1	5p	+	22	29521	30611	29044	25409	114585	198	1293	208	216	38	24	22	51	23	17	174	106	6	8	6	39	3	4	2	0	0
CP017039.1	5p	+	23	28415	32125	30008	24039	114587	255	1423	243	223	52	21	34	60	45	19	150	110	6	8	13	49	0	5	2	0	0
CP017039.1	5p	+	24	29692	30352	30760	23779	114583	252	1372	226	200	48	20	17	50	32	17	194	119	17	5	9	31	3	5	3	0	0
CP017039.1	5p	+	25	29946	30601	28804	25221	114572	225	1353	175	187	37	14	29	46	35	14	144	105	12	6	5	44	10	4	3	5	0
CP017039.1	5p	+	26	28645	31831	30145	23966	114587	250	1386	219	242	42	21	25	67	32	20	193	105	9	7	13	40	3	0	3	1	0
CP017039.1	5p	+	27	30087	30281	30691	23523	114582	234	1406	227	191	34	29	21	55	32	17	181	118	12	4	13	39	4	6	2	0	0
CP017039.1	5p	+	28	30428	30270	28825	25068	114591	225	1603	188	202	40	23	21	56	31	14	156	74	11	1	6	29	1	0	1	1	0
CP017039.1	5p	+	29	29542	31516	29604	23926	114588	238	1867	219	212	53	32	31	63	30	13	166	122	3	9	4	27	1	2	2	1	0
CP017039.1	5p	+	30	30260	31015	29693	23616	114584	247	2290	220	183	50	24	35	52	33	12	164	115	8	5	6	30	3	4	1	2	0
CP017039.1	5p	+	31	28869	29760	26836	23963	109428	225	2309	206	176	33	21	25	42	30	19	160	88	5	5	6	30	2	2	1	0	0
CP017039.1	5p	+	32	26330	29276	26818	21877	104301	241	2239	207	211	38	25	20	45	35	23	161	91	12	5	6	29	3	4	1	1	0
CP017039.1	5p	+	33	25862	26666	25904	20797	99229	237	2090	210	175	36	10	21	59	29	15	147	92	6	5	5	33	3	4	1	0	0
CP017039.1	5p	+	34	24712	25650	23110	20921	94393	192	2015	157	161	34	19	15	36	27	19	143	95	5	5	6	17	2	2	0	0	0
CP017039.1	5p	+	35	22553	25404	22874	18927	89758	193	2036	175	148	39	17	24	55	31	22	147	89	8	6	7	22	5	1	1	0	0
CP017039.1	5p	+	36	22323	22831	22082	17922	85158	175	1767	156	152	40	24	16	53	27	16	133	93	3	3	8	29	1	4	1	1	0
CP017039.1	5p	+	37	21261	21867	19730	18092	80950	155	1828	152	145	26	18	14	43	29	13	84	70	4	4	4	15	0	3	0	0	0
CP017039.1	5p	+	38	19283	21662	19301	16482	76728	163	1789	134	147	40	14	9	45	21	12	123	74	4	5	2	15	3	0	1	0	0
CP017039.1	5p	+	39	19004	19581	18767	15351	72703	163	1721	128	141	30	13	20	26	16	13	110	88	4	1	5	14	2	2	0	0	0
CP017039.1	5p	+	40	18109	18414	16583	15732	68838	139	1608	134	119	14	17	19	32	20	23	75	68	8	2	1	13	3	1	1	0	0
CP017039.1	5p	+	41	16042	18477	16364	14144	65027	142	1754	113	144	20	13	21	29	15	16	72	54	5	3	3	21	3	3	1	1	0
CP017039.1	5p	+	42	15752	16469	15637	13488	61346	123	1539	121	117	18	11	14	37	20	25	80	58	4	2	6	17	2	1	2	0	0
CP017039.1	5p	+	43	15183	15686	13732	13086	57687	129	1519	96	97	18	15	11	35	16	11	60	51	2	2	9	7	2	1	0	0	0
CP017039.1	5p	+	44	13488	15305	13536	11799	54128	115	1508	99	105	16	18	13	18	13	14	64	49	3	2	0	13	1	0	1	0	0
CP017039.1	5p	+	45	13129	13635	12832	11085	50681	136	1376	100	88	12	5	11	28	10	12	68	37	2	1	2	9	1	0	0	1	0
CP017039.1	5p	+	46	12313	12892	11215	11053	47473	97	1327	79	67	15	11	6	10	7	8	61	42	4	2	5	5	3	1	1	0	0
CP017039.1	5p	+	47	10709	12476	11062	10024	44271	89	1262	76	91	14	12	11	23	13	8	67	29	4	1	3	9	1	0	1	1	0
CP017039.1	5p	+	48	10744	11153	10405	9055	41357	73	1175	78	73	7	11	11	14	8	7	53	37	4	1	3	9	1	0	0	1	0
CP017039.1	5p	+	49	9879	10513	9127	9056	38575	62	1077	49	57	7	7	5	24	17	9	43	18	0	2	3	10	1	1	1	0	0
CP017039.1	5p	+	50	8869	10225	8797	8011	35902	75	1051	52	70	14	10	10	17	13	8	55	34	3	1	0	6	1	0	0	0	0
CP017039.1	5p	+	51	8622	8972	8452	7305	33351	69	910	64	52	16	4	9	19	9	5	34	35	1	4	1	2	0	0	0	0	0
CP017039.1	5p	+	52	8040	8536	7237	7251	31064	53	943	58	66	13	3	1	15	3	4	29	24	2	0	1	10	0	0	0	2	0
CP017039.1	5p	+	53	7025	8151	7117	6566	28859	63	898	49	49	6	1	7	12	8	5	37	31	1	1	1	6	0	0	0	0	0
CP017039.1	5p	+	54	6896	7279	6716	5891	26782	45	801	44	44	6	7	6	9	2	4	27	26	0	1	0	9	0	0	0	0	0
CP017039.1	5p	+	55	6352	6889	5761	5846	24848	42	769	35	46	5	5	5	16	5	3	25	15	1	0	1	6	0	0	0	0	0
CP017039.1	5p	+	56	5625	6577	5629	5204	23035	49	732	41	47	6	3	2	15	11	6	20	13	1	1	2	8	0	0	0	0	0
CP017039.1	5p	+	57	5521	5702	5334	4717	21274	47	595	44	38	11	5	3	12	8	4	32	19	3	1	0	6	0	1	0	0	0
CP017039.1	5p	+	58	5077	5334	4633	4701	19745	43	595	25	42	4	7	5	8	2	1	14	15	1	0	1	4	1	0	0	0	0
CP017039.1	5p	+	59	4468	5157	4478	4137	18240	41	582	36	45	9	4	6	9	5	3	15	13	2	0	0	3	0	1	0	0	0
CP017039.1	5p	+	60	4171	4600	4229	3841	16841	32	545	25	25	3	4	4	7	3	4	23	14	0	0	0	2	0	0	0	0	0
CP017039.1	5p	+	61	3908	4301	3580	3786	15575	16	528	23	15	6	2	5	5	5	3	18	14	0	0	0	0	1	0	0	0	0
CP017039.1	5p	+	62	3482	4073	3457	3349	14361	25	450	30	21	2	2	7	6	3	3	13	7	0	1	0	3	0	1	1	0	0
CP017039.1	5p	+	63	3326	3649	3264	3022	13261	34	438	18	27	8	4	2	7	2	5	10	7	0	0	0	4	0	0	0	0	0
CP017039.1	5p	+	64	3106	3459	2778	2896	12239	16	448	26	24	3	3	2	6	2	1	15	7	1	1	0	1	0	2	0	1	0
CP017039.1	5p	+	65	2694	3226	2671	2609	11200	21	414	21	23	5	4	8	5	4	2	11	7	1	1	1	1	1	0	0	0	0
CP017039.1	5p	+	66	2562	2802	2557	2342	10263	22	354	7	14	6	5	0	5	2	4	12	9	2	1	0	5	0	0	0	0	0
CP017039.1	5p	+	67	2317	2564	2248	2359	9488	23	336	20	10	7	3	3	5	3	1	9	8	2	0	1	2	0	0	0	0	0
CP017039.1	5p	+	68	2000	2495	2115	2034	8644	22	306	15	26	4	1	1	4	4	2	6	5	0	0	0	0	0	0	0	0	0
CP017039.1	5p	+	69	1940	2149	1906	1855	7850	15	265	14	12	3	3	0	2	2	1	8	8	0	0	0	1	0	1	1	0	0
CP017039.1	5p	+	70	1815	1963	1689	1765	7232	16	235	9	17	2	1	1	1	3	3	5	3	0	0	1	2	0	0	0	0	0
CP017039.1	5p	-	1	30480	30639	18040	33826	112985	262	13030	206	133	32	97	23	64	27	43	26	98	0	0	0	0	0	0	0	0	1
CP017039.1	5p	-	2	33684	32643	21639	25019	112985	301	7221	232	210	47	38	30	50	31	40	48	81	0	1	2	1	0	0	0	0	0
CP017039.1	5p	-	3	31144	28483	31470	21888	112985	289	3136	255	165	40	34	26	40	47	30	130	55	2	1	2	0	0	0	0	0	0
CP017039.1	5p	-	4	32468	29890	27330	23292	112980	246	3008	187	178	36	28	24	46	34	24	111	76	0	1	1	0	0	1	1	1	0
CP017039.1	5p	-	5	28051	32103	29738	23082	112974	253	2329	236	234	52	26	27	46	40	21	149	92	0	1	1	1	1	2	5	3	0
CP017039.1	5p	-	6	28518	30029	30246	24183	112976	257	1900	233	196	42	12	28	60	42	19	164	100	1	2	3	2	1	5	0	3	0
CP017039.1	5p	-	7	28891	31098	28871	24122	112982	222	1410	209	173	40	16	22	55	30	22	158	104	1	2	3	7	0	1	2	0	0
CP017039.1	5p	-	8	27910	30595	31174	23297	112976	272	1280	218	207	42	26	34	59	36	26	188	88	3	2	0	14	7	1	1	0	0
CP017039.1	5p	-	9	29622	29824	29727	23806	112979	265	1218	225	216	35	15	22	47	39	18	151	93	4	2	2	15	5	0	0	1	0
CP017039.1	5p	-	10	28716	30100	28809	25351	112976	226	1032	202	215	41	17	25	50	26	10	144	92	4	2	2	14	3	4	1	1	0
CP017039.1	5p	-	11	26893	31942	29856	24288	112979	273	1071	251	233	38	19	21	46	34	13	150	114	12	7	6	30	3	3	0	0	0
CP017039.1	5p	-	12	28476	30029	31116	23359	112980	273	1018	242	213	49	16	31	59	30	21	172	103	8	5	6	43	2	1	2	0	0
CP017039.1	5p	-	13	29320	29969	29157	24529	112975	209	1021	205	200	39	20	20	48	28	25	161	112	11	4	6	29	6	0	3	1	0
CP017039.1	5p	-	14	27839	31048	30170	23915	112972	246	1197	221	213	49	19	31	43	37	22	175	105	11	9	8	36	5	5	0	3	0
CP017039.1	5p	-	15	29099	30108	30649	23119	112975	244	1120	232	208	38	20	32	48	36	23	183	105	11	5	3	36	6	2	2	0	0
CP017039.1	5p	-	16	29145	30085	29089	24654	112973	250	1152	171	208	43	27	27	50	42	14	148	124	5	7	7	34	4	1	3	4	0
CP017039.1	5p	-	17	27886	31305	29935	23848	112974	240	1352	216	220	37	22	24	68	30	18	192	91	17	1	12	34	5	2	0	4	0
CP017039.1	5p	-	18	28885	29931	30684	23475	112975	279	1267	222	198	45	13	29	55	28	21	157	98	6	4	5	33	5	2	1	2	0
CP017039.1	5p	-	19	29451	30098	28826	24601	112976	192	1253	206	199	44	18	27	48	29	21	171	98	9	8	7	40	5	2	0	2	0
CP017039.1	5p	-	20	27921	31499	29767	23790	112977	228	1358	219	243	36	19	32	56	31	20	175	102	12	6	12	36	7	0	0	1	0
CP017039.1	5p	-	21	28522	30140	30684	23631	112977	229	1287	224	227	34	24	35	53	35	15	172	111	11	4	7	43	5	2	0	0	0
CP017039.1	5p	-	22	29021	29907	29139	24910	112977	233	1286	186	189	36	18	29	38	27	23	174	99	12	10	6	37	4	4	0	0	0
CP017039.1	5p	-	23	27965	30932	29854	24222	112973	279	1371	222	212	39	12	28	67	23	25	158	111	7	7	10	43	7	1	2	2	0
CP017039.1	5p	-	24	29278	29776	30433	23484	112971	263	1286	210	216	32	28	33	53	38	19	177	118	13	5	2	38	5	4	1	3	0
CP017039.1	5p	-	25	29342	30107	28641	24885	112975	225	1273	186	206	40	23	28	47	33	17	154	107	11	9	11	36	3	3	2	2	0
CP017039.1	5p	-	26	28377	30943	29951	23703	112974	256	1417	231	219	46	20	42	53	39	32	179	96	11	9	13	35	1	5	2	3	0
CP017039.1	5p	-	27	29345	29711	30313	23604	112973	275	1320	220	194	53	13	42	65	40	10	182	141	16	3	8	28	3	5	2	1	0
CP017039.1	5p	-	28	29757	29627	28723	24866	112973	239	1502	227	180	36	15	21	54	43	13	144	97	11	6	12	36	6	2	1	3	0
CP017039.1	5p	-	29	28849	30829	29484	23814	112976	257	1845	247	212	35	22	29	59	35	19	172	116	9	5	13	40	1	4	2	2	0
CP017039.1	5p	-	30	29839	30029	29600	23512	112980	267	2309	259	208	47	33	28	55	24	28	162	120	10	8	7	38	2	1	0	2	0
CP017039.1	5p	-	31	28254	28821	26794	23876	107745	233	2229	193	190	30	29	28	49	28	21	136	86	1	8	8	28	3	2	1	2	0
CP017039.1	5p	-	32	25693	28647	26586	21778	102704	240	2295	237	229	33	28	20	52	22	18	149	86	8	8	2	23	2	1	1	2	0
CP017039.1	5p	-	33	25228	26267	25661	20484	97640	223	2110	214	189	32	25	24	47	22	21	129	78	5	4	4	18	4	3	2	1	0
CP017039.1	5p	-	34	24326	24767	23067	20626	92786	174	1956	157	164	28	23	20	31	18	19	124	78	6	3	10	18	3	3	2	1	0
CP017039.1	5p	-	35	21847	24930	22466	18971	88214	205	2045	163	179	33	20	17	56	18	20	100	106	3	3	5	25	4	1	0	2	0
CP017039.1	5p	-	36	21766	22518	21910	17511	83705	188	1832	159	140	26	15	16	50	17	24	121	79	9	3	2	26	4	3	0	1	0
CP017039.1	5p	-	37	20716	21359	19530	17832	79437	174	1800	166	110	28	25	23	37	19	19	101	67	6	2	5	22	3	2	0	2	0
CP017039.1	5p	-	38	18709	21076	19141	16435	75361	180	1782	163	164	19	20	14	30	20	15	111	66	8	5	7	19	3	2	0	1	0
CP017039.1	5p	-	39	18469	19076	18624	15160	71329	160	1595	119	121	27	17	11	33	25	13	94	60	8	6	7	19	4	3	0	1	0
CP017039.1	5p	-	40	17492	18168	16558	15291	67509	144	1614	109	116	18	12	16	28	19	13	82	48	4	2	6	8	6	1	0	0	0
CP017039.1	5p	-	41	15842	17950	16091	13878	63761	139	1716	123	122	20	14	11	30	13	19	88	71	6	2	1	11	2	0	0	0	0
CP017039.1	5p	-	42	15486	15960	15774	12990	60210	138	1481	105	114	21	19	17	33	21	15	90	60	5	2	7	12	1	0	0	0	0
CP017039.1	5p	-	43	14451	15268	13703	13101	56523	117	1420	108	97	23	11	5	30	18	15	79	44	4	1	8	12	3	3	0	0	0
CP017039.1	5p	-	44	12880	14978	13413	11756	53027	118	1487	103	108	12	12	15	25	17	11	62	71	4	3	5	10	2	1	0	0	0
CP017039.1	5p	-	45	12895	13210	12672	10786	49563	127	1321	92	86	13	13	13	29	5	12	71	56	5	0	1	12	0	1	0	0	0
CP017039.1	5p	-	46	12009	12394	11136	10915	46454	88	1216	80	82	15	12	7	20	9	6	48	50	7	1	4	13	0	1	0	0	0
CP017039.1	5p	-	47	10372	12214	10950	9807	43343	101	1272	91	91	12	9	9	21	19	9	50	37	5	1	4	8	3	2	0	3	0
CP017039.1	5p	-	48	10338	11015	10241	8812	40406	96	1170	79	62	18	7	13	15	13	8	59	33	2	2	1	6	1	1	0	0	0
CP017039.1	5p	-	49	9621	10208	9216	8741	37786	55	1079	67	71	13	12	13	20	5	4	41	32	3	0	2	9	0	2	0	0	0
CP017039.1	5p	-	50	8557	9946	8789	7878	35170	82	1066	68	61	9	10	9	16	9	5	49	25	2	2	1	9	0	2	0	0	0
CP017039.1	5p	-	51	8108	8798	8450	7256	32612	76	979	66	60	12	11	4	11	6	3	37	41	6	1	3	8	1	1	0	0	0
CP017039.1	5p	-	52	7700	8170	7336	7102	30308	54	805	54	61	7	12	4	11	9	4	29	25	0	1	3	12	1	0	0	0	0
CP017039.1	5p	-	53	6735	8011	6965	6467	28178	63	840	54	51	7	6	8	12	4	5	25	22	4	3	0	9	0	0	0	0	0
CP017039.1	5p	-	54	6624	7086	6630	5846	26186	48	741	49	57	7	4	4	18	5	1	40	16	2	1	0	4	2	0	1	1	0
CP017039.1	5p	-	55	6185	6456	5730	5885	24256	37	727	33	34	9	4	6	9	3	4	22	19	2	1	1	2	1	0	0	1	0
CP017039.1	5p	-	56	5296	6388	5523	5255	22462	62	695	35	39	5	5	10	9	8	5	30	20	1	2	0	6	1	0	2	0	0
CP017039.1	5p	-	57	5216	5615	5275	4721	20827	47	581	43	48	8	5	2	10	5	6	23	22	3	0	1	6	1	0	0	1	0
CP017039.1	5p	-	58	4953	5150	4574	4630	19307	26	624	28	30	4	5	2	6	2	5	15	14	1	1	1	3	2	0	0	0	0
CP017039.1	5p	-	59	4253	5053	4457	4088	17851	38	574	26	33	12	3	3	8	4	5	29	14	0	0	1	2	0	2	2	0	0
CP017039.1	5p	-	60	4041	4502	4152	3832	16527	38	510	37	14	2	2	6	5	4	2	17	14	0	1	1	7	0	0	0	1	0
CP017039.1	5p	-	61	3767	4207	3620	3729	15323	33	465	41	22	3	4	4	7	5	5	15	9	1	0	0	2	0	0	1	0	0
CP017039.1	5p	-	62	3360	3947	3467	3325	14099	18	449	34	23	4	2	2	5	3	1	13	14	3	2	0	1	0	1	0	0	0
CP017039.1	5p	-	63	3244	3523	3254	3012	13033	29	432	24	39	0	3	2	6	3	1	18	14	2	0	0	5	0	0	1	0	0
CP017039.1	5p	-	64	2977	3260	2891	2964	12092	11	404	17	11	4	6	0	4	0	1	14	14	0	1	0	2	0	0	0	1	0
CP017039.1	5p	-	65	2621	3156	2766	2585	11128	20	396	18	29	4	4	3	11	2	2	13	11	1	0	0	3	0	1	0	0	0
CP017039.1	5p	-	66	2587	2775	2441	2349	10152	21	331	18	15	3	1	2	1	4	1	3	5	0	1	2	3	0	0	0	0	0
CP017039.1	5p	-	67	2402	2519	2154	2285	9360	24	305	17	9	3	6	0	3	2	2	3	9	0	1	1	2	0	0	0	0	0
CP017039.1	5p	-	68	2034	2459	2081	2024	8598	19	323	13	12	1	3	1	5	1	3	7	7	0	2	0	1	1	0	0	0	0
CP017039.1	5p	-	69	1968	2085	1970	1791	7814	12	299	7	13	1	2	1	2	4	0	8	7	0	1	0	2	0	0	0	0	0
CP017039.1	5p	-	70	1787	1920	1675	1800	7182	3	248	12	11	1	2	3	3	3	4	1	6	1	1	0	0	0	0	0	0	0
