# table produced by mapDamage version 2.2.3
# using mapped file /mnt/archgen/microbiome_calculus/library_ds_vs_ss/04-analysis/normalize_kraken/mapping/lautropia_mirabilis/mapDamage2_ssLibs/input/FUM002.A0102.SG1.5_5M.mapped_l_mirabilis_q25l30_rmdup.bam and /mnt/archgen/microbiome_calculus/library_ds_vs_ss/04-analysis/normalize_kraken/mapping/lautropia_mirabilis/input/GCF_900637555.1_51726_E01_genomic.fna as reference file
# Chr: reference from sam/bam header, End: from which termini of DNA sequences, Std: strand of reads
Chr	End	Std	Pos	A	C	G	T	Total	G>A	C>T	A>G	T>C	A>C	A>T	C>G	C>A	T>G	T>A	G>C	G>T	A>-	T>-	C>-	G>-	->A	->T	->C	->G	S
NZ_LR134378.1	3p	+	1	573	1403	1015	813	3804	18	408	11	17	4	4	23	6	4	3	26	18	0	0	0	0	0	0	0	0	0
NZ_LR134378.1	3p	+	2	855	1172	1217	560	3804	22	233	17	22	1	2	13	10	5	4	14	13	0	0	0	0	0	0	0	0	0
NZ_LR134378.1	3p	+	3	714	1178	1286	626	3804	19	174	23	23	7	3	26	11	8	3	29	11	0	0	0	0	0	0	0	0	0
NZ_LR134378.1	3p	+	4	725	1220	1157	701	3803	23	144	24	24	3	3	13	9	6	5	20	7	0	0	0	0	0	1	0	0	0
NZ_LR134378.1	3p	+	5	735	1172	1179	718	3804	15	120	21	21	4	1	8	9	2	4	13	7	0	0	0	0	0	0	0	0	0
NZ_LR134378.1	3p	+	6	713	1224	1238	627	3802	19	103	21	12	4	2	15	10	4	2	13	8	0	0	0	1	0	0	0	2	0
NZ_LR134378.1	3p	+	7	692	1244	1154	711	3801	19	93	10	34	3	4	14	8	4	5	25	10	0	0	0	3	0	0	3	0	0
NZ_LR134378.1	3p	+	8	717	1199	1188	698	3802	21	71	15	18	2	2	19	8	3	5	19	4	2	0	0	0	0	1	1	0	0
NZ_LR134378.1	3p	+	9	677	1217	1236	673	3803	21	59	22	16	5	2	18	6	4	0	21	9	0	0	2	0	0	1	0	0	0
NZ_LR134378.1	3p	+	10	663	1249	1183	709	3804	28	62	18	28	5	2	16	3	10	2	9	4	0	1	3	3	0	0	0	0	0
NZ_LR134378.1	3p	+	11	709	1206	1186	702	3803	24	40	17	15	5	2	15	5	5	1	10	7	0	0	2	3	1	0	0	0	0
NZ_LR134378.1	3p	+	12	656	1249	1264	632	3801	29	42	14	26	2	2	15	5	3	3	24	7	0	1	1	2	1	1	1	0	0
NZ_LR134378.1	3p	+	13	683	1264	1189	667	3803	25	56	9	21	5	1	20	3	3	6	19	13	0	0	2	1	0	1	0	0	0
NZ_LR134378.1	3p	+	14	685	1228	1194	696	3803	23	42	8	13	4	3	9	15	5	5	20	10	0	0	0	1	0	0	1	0	0
NZ_LR134378.1	3p	+	15	662	1301	1218	621	3802	23	62	16	26	3	1	12	5	4	0	29	12	1	0	0	2	0	0	2	0	0
NZ_LR134378.1	3p	+	16	665	1247	1199	692	3803	21	50	19	20	2	1	15	4	2	4	18	8	0	0	0	1	0	1	0	0	0
NZ_LR134378.1	3p	+	17	719	1239	1181	664	3803	25	43	24	17	3	5	8	7	10	1	14	2	1	1	0	0	0	0	1	0	0
NZ_LR134378.1	3p	+	18	654	1243	1236	671	3804	20	39	18	23	3	1	21	13	3	2	16	9	1	0	1	3	0	0	0	0	0
NZ_LR134378.1	3p	+	19	673	1241	1190	699	3803	24	57	13	18	2	3	16	3	5	1	10	9	1	1	0	1	1	0	0	0	0
NZ_LR134378.1	3p	+	20	699	1216	1238	650	3803	22	42	12	19	4	4	11	5	2	3	14	8	0	0	3	0	0	0	0	1	0
NZ_LR134378.1	3p	+	21	666	1227	1241	667	3801	26	50	19	21	3	1	12	5	7	1	24	9	0	2	1	0	1	0	2	0	0
NZ_LR134378.1	3p	+	22	662	1266	1189	684	3801	20	48	17	21	8	3	17	9	4	4	16	5	0	0	2	0	0	1	1	1	0
NZ_LR134378.1	3p	+	23	722	1218	1187	675	3802	9	49	21	16	4	3	11	8	5	5	16	4	0	0	0	2	1	1	0	0	0
NZ_LR134378.1	3p	+	24	678	1211	1291	622	3802	18	51	11	18	3	3	15	6	3	7	15	6	0	0	1	0	0	0	1	1	0
NZ_LR134378.1	3p	+	25	683	1214	1238	668	3803	24	65	19	14	5	4	14	9	1	1	18	8	0	0	0	0	0	0	0	1	0
NZ_LR134378.1	3p	+	26	679	1195	1219	711	3804	15	60	20	19	3	3	9	6	3	0	20	9	0	0	0	0	0	0	0	0	0
NZ_LR134378.1	3p	+	27	694	1263	1208	638	3803	18	68	18	22	6	2	20	7	4	0	21	6	0	0	1	1	0	1	0	0	0
NZ_LR134378.1	3p	+	28	656	1238	1248	661	3803	21	81	14	22	1	3	17	1	4	2	22	6	1	0	1	0	0	0	1	0	0
NZ_LR134378.1	3p	+	29	694	1221	1210	678	3803	16	97	11	14	5	4	12	10	3	0	21	9	0	1	0	0	0	0	0	1	0
NZ_LR134378.1	3p	+	30	657	1249	1239	659	3804	27	134	15	12	3	2	21	8	1	5	20	14	0	0	0	0	0	0	0	0	0
NZ_LR134378.1	3p	+	31	632	1105	987	619	3343	26	107	13	14	4	3	12	6	5	3	14	6	0	0	0	1	0	0	0	2	0
NZ_LR134378.1	3p	+	32	550	930	884	581	2945	20	90	14	13	2	0	6	4	1	1	8	9	0	0	0	1	0	1	0	0	0
NZ_LR134378.1	3p	+	33	475	824	814	449	2562	17	108	12	14	2	3	12	1	1	1	11	6	0	0	1	1	0	0	0	0	0
NZ_LR134378.1	3p	+	34	405	791	670	406	2272	10	96	11	11	2	4	8	2	1	5	15	9	0	0	0	1	0	0	0	0	0
NZ_LR134378.1	3p	+	35	395	612	605	398	2010	11	59	17	6	4	1	11	1	3	1	7	4	0	0	0	0	0	0	0	1	0
NZ_LR134378.1	3p	+	36	312	607	543	302	1764	14	68	12	4	4	2	10	2	2	1	2	2	0	0	1	1	0	1	0	0	0
NZ_LR134378.1	3p	+	37	288	519	469	285	1561	9	52	6	8	1	2	6	1	1	0	7	2	0	0	0	1	0	0	0	0	0
NZ_LR134378.1	3p	+	38	263	463	415	278	1419	8	58	3	6	2	2	6	1	3	1	5	2	0	0	1	0	0	0	0	0	0
NZ_LR134378.1	3p	+	39	244	398	401	233	1276	6	47	4	2	2	2	4	2	1	0	6	4	0	0	0	0	0	0	0	0	0
NZ_LR134378.1	3p	+	40	201	373	368	217	1159	6	42	3	11	2	0	9	2	1	2	5	2	0	0	0	0	0	0	0	0	0
NZ_LR134378.1	3p	+	41	194	327	315	211	1047	4	37	3	7	1	0	3	2	0	1	3	1	0	0	0	0	0	0	0	0	0
NZ_LR134378.1	3p	+	42	161	290	296	201	948	7	37	5	7	1	0	4	1	0	0	3	7	0	0	0	0	0	0	1	0	0
NZ_LR134378.1	3p	+	43	126	305	259	144	834	2	38	2	4	1	1	3	1	0	0	1	1	0	0	0	0	0	0	0	0	0
NZ_LR134378.1	3p	+	44	160	221	203	165	749	4	36	5	3	1	0	0	0	1	0	3	0	1	0	0	0	0	0	1	0	0
NZ_LR134378.1	3p	+	45	112	205	197	136	650	4	27	2	5	1	0	3	1	0	2	2	0	0	0	0	0	0	0	0	0	0
NZ_LR134378.1	3p	+	46	98	196	166	100	560	2	29	1	5	0	1	1	1	0	1	1	1	0	0	0	0	0	0	0	0	0
NZ_LR134378.1	3p	+	47	99	164	131	95	489	3	27	2	2	0	0	1	0	0	0	5	1	0	0	0	0	1	0	0	0	0
NZ_LR134378.1	3p	+	48	86	118	134	83	421	1	17	1	4	0	0	0	1	0	0	2	2	0	0	0	0	0	0	0	0	0
NZ_LR134378.1	3p	+	49	77	116	109	56	358	1	13	1	2	1	1	2	0	0	0	1	1	0	0	0	0	0	0	0	0	0
NZ_LR134378.1	3p	+	50	64	102	82	61	309	1	12	3	1	0	1	0	2	0	0	0	2	0	0	0	0	0	0	0	0	0
NZ_LR134378.1	3p	+	51	49	91	76	55	271	1	10	1	0	0	0	0	0	0	0	0	1	0	0	0	0	0	0	0	0	0
NZ_LR134378.1	3p	+	52	32	85	72	44	233	1	12	1	3	0	0	0	2	0	0	1	1	0	0	0	0	0	0	0	0	0
NZ_LR134378.1	3p	+	53	43	57	57	40	197	2	3	1	0	0	0	0	0	0	0	1	0	0	0	0	0	0	0	0	0	0
NZ_LR134378.1	3p	+	54	40	63	45	29	177	0	8	0	0	0	0	2	0	0	0	1	1	0	0	0	0	0	0	0	0	0
NZ_LR134378.1	3p	+	55	24	49	49	26	148	1	7	0	0	0	0	0	0	0	0	0	0	0	0	0	0	0	0	0	0	0
NZ_LR134378.1	3p	+	56	29	40	38	25	132	1	2	0	2	0	0	1	3	0	1	0	1	0	0	0	0	0	0	0	0	0
NZ_LR134378.1	3p	+	57	23	34	37	24	118	0	3	0	0	0	0	0	1	0	1	0	1	0	0	0	0	0	0	0	0	0
NZ_LR134378.1	3p	+	58	16	37	38	16	107	0	5	1	1	0	0	0	0	0	0	0	0	0	0	0	0	0	0	0	0	0
NZ_LR134378.1	3p	+	59	15	27	30	27	99	0	0	0	2	0	0	0	0	0	0	2	0	0	0	0	0	0	0	0	0	0
NZ_LR134378.1	3p	+	60	19	22	39	12	92	0	1	0	0	0	0	1	0	0	0	1	1	0	0	0	0	0	0	0	0	0
NZ_LR134378.1	3p	+	61	18	23	31	9	81	1	6	0	1	0	0	0	0	0	0	1	0	0	0	0	0	0	0	0	0	0
NZ_LR134378.1	3p	+	62	12	22	23	16	73	0	3	0	1	0	0	0	0	0	0	0	0	0	0	0	0	0	0	0	0	0
NZ_LR134378.1	3p	+	63	13	28	18	10	69	0	2	1	0	0	0	0	0	0	0	0	0	0	0	0	0	0	0	0	0	0
NZ_LR134378.1	3p	+	64	8	23	21	11	63	0	2	0	1	0	0	0	0	0	0	0	0	0	0	0	0	0	0	0	0	0
NZ_LR134378.1	3p	+	65	11	22	16	7	56	0	4	0	0	0	0	0	0	0	0	0	0	0	0	0	1	0	0	0	0	0
NZ_LR134378.1	3p	+	66	9	18	11	10	48	0	2	0	0	1	0	0	0	0	0	0	0	0	0	0	0	0	0	0	0	0
NZ_LR134378.1	3p	+	67	8	14	11	12	45	1	3	1	0	0	0	1	0	1	1	0	0	0	0	0	0	0	0	0	0	0
NZ_LR134378.1	3p	+	68	6	13	14	8	41	0	2	0	0	0	0	0	0	0	1	0	0	0	1	0	0	0	0	0	0	0
NZ_LR134378.1	3p	+	69	1	15	13	9	38	1	0	0	0	0	0	0	0	0	0	0	0	0	0	0	0	0	0	0	0	0
NZ_LR134378.1	3p	+	70	4	9	10	11	34	0	0	0	0	0	0	0	0	0	0	0	0	0	0	0	0	0	0	0	0	0
NZ_LR134378.1	3p	-	1	558	1298	919	817	3592	15	436	20	14	10	3	15	6	4	3	18	16	0	0	0	0	0	0	0	0	0
NZ_LR134378.1	3p	-	2	777	1144	1117	554	3592	20	226	20	11	2	3	19	8	4	3	9	4	0	0	0	0	0	0	0	0	0
NZ_LR134378.1	3p	-	3	642	1142	1223	583	3590	26	154	16	20	3	4	19	7	4	2	21	7	0	0	0	0	0	0	2	0	0
NZ_LR134378.1	3p	-	4	640	1161	1154	636	3591	23	141	22	21	8	3	19	4	4	4	22	8	0	0	0	0	1	0	0	0	0
NZ_LR134378.1	3p	-	5	731	1047	1114	699	3591	12	100	17	14	6	3	15	1	4	0	12	2	0	0	1	1	0	0	1	0	0
NZ_LR134378.1	3p	-	6	682	1171	1091	648	3592	21	88	32	23	10	5	24	5	9	2	21	7	0	1	0	1	0	0	0	0	0
NZ_LR134378.1	3p	-	7	671	1157	1084	679	3591	25	84	19	19	7	4	10	6	3	2	16	6	3	0	0	1	0	1	0	0	0
NZ_LR134378.1	3p	-	8	656	1143	1088	705	3592	22	68	16	21	4	2	15	5	1	2	17	11	0	0	1	0	0	0	0	0	0
NZ_LR134378.1	3p	-	9	579	1183	1167	662	3591	24	62	24	17	2	3	18	4	5	2	12	7	0	0	1	3	0	1	0	0	0
NZ_LR134378.1	3p	-	10	616	1130	1205	641	3592	14	45	16	18	2	2	19	3	7	2	16	5	0	0	1	0	0	0	0	0	0
NZ_LR134378.1	3p	-	11	664	1171	1094	661	3590	12	55	17	16	5	1	20	5	1	0	11	8	0	0	2	1	0	0	1	1	0
NZ_LR134378.1	3p	-	12	620	1198	1187	587	3592	20	62	25	15	4	2	19	7	2	2	18	5	0	0	1	1	0	0	0	0	0
NZ_LR134378.1	3p	-	13	600	1143	1197	650	3590	13	54	22	17	3	1	17	3	3	3	15	5	1	0	3	3	0	2	0	0	0
NZ_LR134378.1	3p	-	14	685	1089	1120	697	3591	16	34	22	15	5	5	11	6	0	4	16	5	0	0	1	0	0	0	0	1	0
NZ_LR134378.1	3p	-	15	618	1182	1168	623	3591	19	55	13	14	9	1	16	7	2	2	19	9	0	0	1	1	0	0	0	1	0
NZ_LR134378.1	3p	-	16	633	1160	1146	652	3591	15	33	18	17	3	2	18	5	1	3	17	11	0	1	2	1	0	0	0	1	0
NZ_LR134378.1	3p	-	17	681	1149	1098	662	3590	19	40	18	12	5	1	15	2	4	6	18	6	0	0	0	1	1	0	0	1	0
NZ_LR134378.1	3p	-	18	638	1127	1235	591	3591	20	54	17	21	7	3	14	7	3	3	12	10	2	0	1	0	1	0	0	0	0
NZ_LR134378.1	3p	-	19	602	1175	1177	637	3591	24	42	7	13	3	4	17	3	0	1	20	9	1	0	2	2	0	0	0	1	0
NZ_LR134378.1	3p	-	20	683	1144	1098	666	3591	18	49	14	16	3	1	10	7	1	1	17	6	1	0	0	1	0	0	0	1	0
NZ_LR134378.1	3p	-	21	639	1179	1139	634	3591	21	46	23	16	0	2	14	4	2	3	13	6	1	0	0	0	0	0	0	1	0
NZ_LR134378.1	3p	-	22	662	1164	1145	620	3591	21	36	21	19	5	1	7	5	6	1	12	7	0	0	0	1	0	1	0	0	0
NZ_LR134378.1	3p	-	23	659	1122	1116	693	3590	16	43	16	20	5	1	13	4	6	1	17	4	1	0	0	1	1	0	0	1	0
NZ_LR134378.1	3p	-	24	631	1157	1183	621	3592	14	45	15	22	3	5	22	4	4	1	19	5	0	0	0	1	0	0	0	0	0
NZ_LR134378.1	3p	-	25	634	1174	1125	658	3591	23	52	14	11	5	3	14	3	4	3	18	2	0	0	0	0	0	0	1	0	0
NZ_LR134378.1	3p	-	26	609	1220	1062	699	3590	19	56	11	18	3	5	17	4	4	1	15	11	0	0	1	0	0	0	1	1	0
NZ_LR134378.1	3p	-	27	625	1139	1199	628	3591	27	59	10	27	3	2	22	8	5	0	16	8	0	0	0	1	0	0	1	0	0
NZ_LR134378.1	3p	-	28	611	1196	1150	635	3592	30	65	14	15	4	6	16	8	4	2	16	7	0	0	1	1	0	0	0	0	0
NZ_LR134378.1	3p	-	29	690	1151	1116	635	3592	21	65	20	13	5	2	12	5	4	1	16	9	1	1	1	0	0	0	0	0	0
NZ_LR134378.1	3p	-	30	593	1195	1143	661	3592	24	124	21	21	8	1	26	5	3	3	15	9	0	1	1	0	0	0	0	0	0
NZ_LR134378.1	3p	-	31	529	1045	978	658	3210	15	113	21	21	5	0	13	4	10	2	10	4	0	0	0	0	0	0	0	0	0
NZ_LR134378.1	3p	-	32	534	890	825	564	2813	9	104	7	10	3	2	11	5	3	1	9	8	0	0	0	1	0	0	0	0	0
NZ_LR134378.1	3p	-	33	423	810	794	457	2484	20	78	9	16	1	0	13	5	3	0	11	6	0	1	0	0	0	0	0	0	0
NZ_LR134378.1	3p	-	34	386	728	701	374	2189	12	85	10	5	4	1	7	5	0	4	6	6	0	0	0	0	0	0	0	0	0
NZ_LR134378.1	3p	-	35	383	612	577	397	1969	13	77	7	11	4	1	4	4	3	4	7	5	0	0	0	0	0	0	0	0	0
NZ_LR134378.1	3p	-	36	318	578	566	297	1759	16	66	7	7	3	0	9	0	0	3	7	4	0	0	0	0	0	0	0	0	0
NZ_LR134378.1	3p	-	37	302	511	483	298	1594	10	60	8	9	1	3	5	2	2	2	2	2	0	0	1	0	0	0	0	0	0
NZ_LR134378.1	3p	-	38	289	464	400	266	1419	4	50	7	9	2	1	6	4	6	1	2	5	1	0	0	1	0	0	0	0	0
NZ_LR134378.1	3p	-	39	261	398	365	230	1254	6	47	12	5	1	2	5	2	1	0	2	4	0	0	0	0	1	0	0	0	0
NZ_LR134378.1	3p	-	40	182	411	337	210	1140	2	47	5	4	2	0	7	1	3	1	6	2	0	0	0	0	0	0	0	0	0
NZ_LR134378.1	3p	-	41	191	329	315	198	1033	9	36	6	10	2	1	3	1	2	0	3	2	0	0	0	0	0	0	0	0	0
NZ_LR134378.1	3p	-	42	166	305	283	181	935	5	36	4	3	2	0	3	2	0	0	7	0	0	0	0	0	0	0	0	0	0
NZ_LR134378.1	3p	-	43	140	278	252	142	812	3	23	3	3	3	1	2	1	0	0	4	2	0	0	0	0	0	0	0	0	0
NZ_LR134378.1	3p	-	44	151	220	201	146	718	2	35	5	1	1	2	4	2	2	1	2	1	0	0	0	0	0	0	0	0	0
NZ_LR134378.1	3p	-	45	108	201	192	112	613	1	28	2	3	5	0	0	1	0	0	2	2	0	0	0	0	0	0	0	0	0
NZ_LR134378.1	3p	-	46	99	192	157	93	541	2	23	0	6	1	1	0	2	0	0	2	0	0	0	0	0	0	0	0	0	0
NZ_LR134378.1	3p	-	47	102	139	156	92	489	5	19	3	4	1	0	1	1	0	0	2	1	0	0	0	0	0	0	0	0	0
NZ_LR134378.1	3p	-	48	71	128	136	93	428	0	13	2	2	0	0	0	1	0	0	1	0	0	0	0	0	0	0	0	0	0
NZ_LR134378.1	3p	-	49	69	132	98	78	377	3	14	3	1	0	1	0	0	2	0	0	0	0	0	1	0	0	0	0	0	0
NZ_LR134378.1	3p	-	50	54	113	101	70	338	2	14	2	5	0	0	0	0	0	0	2	0	0	0	1	0	0	0	0	0	0
NZ_LR134378.1	3p	-	51	48	91	96	49	284	6	12	1	0	0	0	2	0	0	0	0	1	0	0	0	0	0	0	0	0	0
NZ_LR134378.1	3p	-	52	38	81	80	47	246	1	8	2	1	0	0	1	1	0	0	0	1	0	0	0	0	0	0	0	0	0
NZ_LR134378.1	3p	-	53	37	76	59	45	217	0	7	0	1	0	0	0	0	0	0	0	0	0	0	0	0	0	0	0	0	0
NZ_LR134378.1	3p	-	54	36	66	61	32	195	1	6	1	1	0	0	1	0	0	0	0	0	0	0	0	0	0	0	0	0	0
NZ_LR134378.1	3p	-	55	29	60	56	29	174	1	8	1	0	0	0	3	1	0	0	0	0	0	0	0	0	0	0	0	0	0
NZ_LR134378.1	3p	-	56	34	48	41	27	150	0	5	1	0	0	0	0	0	0	0	0	0	0	0	0	0	0	0	0	0	0
NZ_LR134378.1	3p	-	57	22	42	40	19	123	0	4	0	0	0	0	0	0	1	0	0	0	0	0	0	0	0	0	0	0	0
NZ_LR134378.1	3p	-	58	19	32	37	28	116	1	1	1	1	0	0	0	0	0	0	1	0	0	0	0	0	0	0	0	0	0
NZ_LR134378.1	3p	-	59	14	35	24	30	103	1	3	0	0	0	1	0	0	0	0	0	0	0	0	0	0	0	0	0	0	0
NZ_LR134378.1	3p	-	60	17	30	27	20	94	0	2	0	0	0	0	0	0	0	0	0	0	0	0	0	0	0	0	0	0	0
NZ_LR134378.1	3p	-	61	16	28	21	20	85	0	1	0	1	0	0	0	1	0	0	1	0	0	0	0	0	0	0	0	0	0
NZ_LR134378.1	3p	-	62	12	28	20	14	74	0	4	0	0	0	0	0	0	0	0	0	0	0	0	0	0	0	0	0	0	0
NZ_LR134378.1	3p	-	63	9	21	26	13	69	0	0	0	0	0	0	1	0	0	0	0	0	0	0	0	0	0	0	0	0	0
NZ_LR134378.1	3p	-	64	11	18	27	10	66	0	3	0	0	0	0	0	0	0	0	1	0	0	0	0	0	0	0	0	0	0
NZ_LR134378.1	3p	-	65	17	22	9	10	58	0	2	0	0	0	0	0	0	0	0	0	0	0	0	0	0	0	0	0	0	0
NZ_LR134378.1	3p	-	66	14	13	16	11	54	0	0	0	0	0	0	0	0	0	0	0	0	0	0	0	0	0	0	0	0	0
NZ_LR134378.1	3p	-	67	6	22	14	5	47	1	3	0	0	0	0	1	0	0	0	0	0	0	0	0	0	0	0	0	0	0
NZ_LR134378.1	3p	-	68	4	11	16	12	43	0	2	0	0	0	0	0	0	0	0	1	0	0	0	0	0	0	0	0	0	0
NZ_LR134378.1	3p	-	69	10	7	10	10	37	0	1	1	0	0	0	0	0	0	0	0	0	0	0	0	0	0	0	0	0	0
NZ_LR134378.1	3p	-	70	4	12	7	10	33	0	3	0	0	0	0	0	0	1	0	0	0	0	0	0	0	0	0	0	0	0
NZ_LR134378.1	5p	+	1	716	1289	769	1030	3804	24	469	13	15	4	8	18	5	6	9	6	23	0	0	0	0	0	0	0	0	0
NZ_LR134378.1	5p	+	2	738	1280	1119	666	3803	34	236	14	11	1	3	17	7	3	2	20	18	0	0	0	1	0	1	0	0	0
NZ_LR134378.1	5p	+	3	702	1157	1376	567	3802	25	97	16	14	6	1	21	4	1	2	17	10	0	0	1	0	0	1	0	1	0
NZ_LR134378.1	5p	+	4	770	1233	1118	678	3799	26	118	14	21	3	3	14	6	2	2	15	11	0	1	1	0	1	0	2	2	0
NZ_LR134378.1	5p	+	5	644	1337	1165	658	3804	12	102	16	29	3	2	12	14	5	3	32	4	0	0	1	0	0	0	0	0	0
NZ_LR134378.1	5p	+	6	686	1174	1286	656	3802	18	70	25	14	4	4	17	3	3	0	19	7	0	0	0	1	0	1	0	1	0
NZ_LR134378.1	5p	+	7	707	1202	1180	714	3803	17	78	17	16	6	3	13	2	1	0	18	4	0	0	0	0	0	0	0	1	0
NZ_LR134378.1	5p	+	8	649	1242	1268	644	3803	22	49	17	21	5	4	19	12	3	5	20	5	0	0	0	0	0	0	1	0	0
NZ_LR134378.1	5p	+	9	716	1211	1232	644	3803	27	65	17	23	4	4	22	12	4	4	16	6	0	0	0	1	0	1	0	0	0
NZ_LR134378.1	5p	+	10	707	1175	1214	705	3801	17	55	21	23	6	6	7	4	2	2	22	10	0	0	1	2	0	0	3	0	0
NZ_LR134378.1	5p	+	11	577	1360	1205	659	3801	17	62	14	17	8	1	17	8	7	2	15	6	0	2	0	1	2	0	1	0	0
NZ_LR134378.1	5p	+	12	688	1198	1286	632	3804	17	50	12	15	5	4	22	7	4	2	17	6	0	0	2	2	0	0	0	0	0
NZ_LR134378.1	5p	+	13	726	1170	1213	695	3804	21	34	16	22	6	7	15	5	2	0	16	12	1	0	1	0	0	0	0	0	0
NZ_LR134378.1	5p	+	14	654	1295	1256	598	3803	21	52	15	14	6	3	17	10	6	3	19	6	0	0	1	0	0	0	1	0	0
NZ_LR134378.1	5p	+	15	679	1252	1233	639	3803	19	39	22	18	6	2	12	10	5	4	16	6	0	2	2	1	1	0	0	0	0
NZ_LR134378.1	5p	+	16	700	1176	1185	740	3801	15	42	16	25	2	4	6	5	1	5	19	6	1	0	0	2	0	1	0	2	0
NZ_LR134378.1	5p	+	17	656	1264	1210	674	3804	23	49	17	27	8	1	13	3	8	0	18	12	2	0	0	1	0	0	0	0	0
NZ_LR134378.1	5p	+	18	695	1228	1272	607	3802	16	60	20	20	8	0	27	10	6	4	13	9	0	0	0	2	0	0	2	0	0
NZ_LR134378.1	5p	+	19	679	1226	1185	713	3803	19	41	16	16	0	1	17	5	2	2	17	3	1	0	0	0	0	0	1	0	0
NZ_LR134378.1	5p	+	20	642	1282	1229	651	3804	30	46	10	18	2	3	13	4	4	0	27	13	0	0	0	1	0	0	0	0	0
NZ_LR134378.1	5p	+	21	656	1220	1277	650	3803	27	42	19	20	4	3	15	4	3	6	15	10	0	0	1	2	0	1	0	0	0
NZ_LR134378.1	5p	+	22	759	1234	1121	689	3803	23	50	20	14	1	1	11	3	5	3	11	1	0	0	1	2	1	0	0	0	0
NZ_LR134378.1	5p	+	23	701	1256	1188	657	3802	20	60	21	21	3	2	18	6	5	1	23	3	0	1	1	1	0	2	0	0	0
NZ_LR134378.1	5p	+	24	671	1186	1272	672	3801	19	61	19	30	1	4	13	9	5	0	21	10	0	0	2	0	0	2	0	1	0
NZ_LR134378.1	5p	+	25	699	1227	1135	739	3800	22	61	19	18	4	2	18	5	4	7	14	9	2	0	0	0	0	0	2	2	0
NZ_LR134378.1	5p	+	26	633	1308	1184	679	3804	19	73	18	27	4	5	17	8	4	2	22	8	0	0	2	1	0	0	0	0	0
NZ_LR134378.1	5p	+	27	710	1138	1268	688	3804	28	72	18	20	3	1	9	10	1	3	11	6	1	0	2	1	0	0	0	0	0
NZ_LR134378.1	5p	+	28	732	1170	1154	748	3804	18	78	15	17	4	2	10	6	7	3	16	7	0	0	0	0	0	0	0	0	0
NZ_LR134378.1	5p	+	29	659	1313	1214	618	3804	28	131	19	19	3	2	13	7	8	4	24	7	0	1	1	1	0	0	0	0	0
NZ_LR134378.1	5p	+	30	713	1246	1210	634	3803	24	139	12	26	6	2	28	11	2	4	15	8	0	0	1	3	0	0	1	0	0
NZ_LR134378.1	5p	+	31	625	1077	1022	621	3345	15	115	6	17	3	2	11	7	6	7	15	12	0	0	1	1	0	0	0	0	0
NZ_LR134378.1	5p	+	32	502	995	892	557	2946	14	124	13	21	3	1	8	6	4	2	25	7	0	0	0	1	0	0	0	0	0
NZ_LR134378.1	5p	+	33	457	848	839	418	2562	14	108	11	13	0	1	17	3	1	1	14	11	0	0	0	0	0	0	0	0	0
NZ_LR134378.1	5p	+	34	455	692	705	420	2272	13	76	9	7	2	1	5	3	2	0	10	4	0	0	0	0	0	0	0	0	0
NZ_LR134378.1	5p	+	35	362	659	610	380	2011	12	77	7	12	1	1	5	4	2	0	10	4	0	0	0	0	0	0	0	0	0
NZ_LR134378.1	5p	+	36	331	564	576	293	1764	12	74	10	11	2	1	6	4	1	1	6	2	0	0	0	0	0	0	1	0	0
NZ_LR134378.1	5p	+	37	296	470	489	305	1560	8	47	5	7	0	0	5	0	4	1	3	3	0	0	0	0	1	0	0	0	0
NZ_LR134378.1	5p	+	38	266	450	443	259	1418	10	46	6	9	0	1	3	1	0	0	9	3	0	0	0	1	0	1	0	0	0
NZ_LR134378.1	5p	+	39	239	431	396	210	1276	5	48	9	3	1	0	6	4	1	3	5	0	0	1	0	0	0	0	0	0	0
NZ_LR134378.1	5p	+	40	204	369	345	241	1159	7	46	1	3	2	0	3	4	0	2	2	3	0	0	0	0	0	0	0	0	0
NZ_LR134378.1	5p	+	41	194	339	322	192	1047	4	45	5	6	1	0	3	1	0	1	3	2	0	0	1	1	0	0	0	0	0
NZ_LR134378.1	5p	+	42	175	318	292	163	948	5	54	9	2	0	0	4	1	0	0	2	4	0	0	0	0	0	0	1	0	0
NZ_LR134378.1	5p	+	43	155	271	248	160	834	7	39	6	4	1	1	3	0	1	1	3	1	0	0	0	0	0	0	0	0	0
NZ_LR134378.1	5p	+	44	141	255	216	138	750	5	34	2	5	0	0	3	1	2	1	1	2	0	0	0	1	0	0	0	0	0
NZ_LR134378.1	5p	+	45	127	206	211	106	650	3	35	3	2	0	0	0	1	1	0	5	5	0	0	0	0	0	0	0	0	0
NZ_LR134378.1	5p	+	46	107	182	163	108	560	1	18	2	2	1	0	3	1	0	0	2	0	0	0	0	0	0	0	0	0	0
NZ_LR134378.1	5p	+	47	69	179	147	95	490	6	23	1	3	0	1	0	2	0	1	2	1	0	0	0	0	0	0	0	0	0
NZ_LR134378.1	5p	+	48	87	127	129	78	421	1	20	0	3	0	0	2	0	0	1	4	1	0	0	0	0	0	0	0	0	0
NZ_LR134378.1	5p	+	49	68	115	91	84	358	0	15	3	3	0	0	0	2	1	1	1	1	0	0	0	0	0	0	0	0	0
NZ_LR134378.1	5p	+	50	54	93	99	63	309	1	16	2	0	0	0	0	0	0	0	0	0	0	0	0	0	0	0	0	0	0
NZ_LR134378.1	5p	+	51	50	84	94	43	271	0	12	1	0	0	0	0	0	2	0	2	1	0	0	0	0	0	0	0	0	0
NZ_LR134378.1	5p	+	52	52	81	62	38	233	4	10	0	0	0	0	0	0	0	0	0	0	0	0	0	0	0	0	0	0	0
NZ_LR134378.1	5p	+	53	42	56	64	35	197	0	6	1	0	0	0	0	0	0	0	1	0	0	0	0	0	0	0	0	0	0
NZ_LR134378.1	5p	+	54	27	56	57	37	177	0	4	0	0	0	0	0	0	0	0	1	1	0	0	0	0	0	0	0	0	0
NZ_LR134378.1	5p	+	55	29	56	44	19	148	1	6	1	0	0	0	0	0	0	0	0	0	0	0	0	0	0	0	0	0	0
NZ_LR134378.1	5p	+	56	21	45	47	19	132	1	7	0	1	0	0	1	0	0	0	0	1	0	0	0	0	0	0	0	0	0
NZ_LR134378.1	5p	+	57	28	39	33	18	118	1	3	0	0	0	0	0	0	0	0	1	0	0	0	0	0	0	0	0	0	0
NZ_LR134378.1	5p	+	58	19	37	29	22	107	0	6	1	1	0	0	1	1	0	0	0	0	0	0	0	0	0	0	0	0	0
NZ_LR134378.1	5p	+	59	15	44	25	15	99	0	5	0	0	0	0	0	1	1	0	0	1	0	0	0	0	0	0	0	0	0
NZ_LR134378.1	5p	+	60	18	30	31	13	92	1	7	0	0	0	1	0	0	0	0	1	0	0	0	0	0	0	0	0	0	0
NZ_LR134378.1	5p	+	61	14	26	26	15	81	0	3	0	0	0	0	0	0	0	0	0	1	0	0	0	0	0	0	0	0	0
NZ_LR134378.1	5p	+	62	13	30	20	10	73	0	3	1	1	0	0	0	0	0	0	0	0	0	0	0	0	0	0	0	0	0
NZ_LR134378.1	5p	+	63	10	21	16	22	69	0	4	0	0	0	0	0	0	0	0	1	0	0	0	0	0	0	0	0	0	0
NZ_LR134378.1	5p	+	64	7	21	19	16	63	0	2	0	1	1	0	0	0	0	0	0	1	0	0	0	0	0	0	0	0	0
NZ_LR134378.1	5p	+	65	11	16	17	12	56	0	0	1	0	0	0	0	0	0	0	0	0	0	0	0	0	0	0	0	0	0
NZ_LR134378.1	5p	+	66	8	14	10	16	48	0	2	1	1	0	0	0	0	0	0	0	0	0	0	0	0	0	0	0	0	0
NZ_LR134378.1	5p	+	67	7	12	13	13	45	0	0	1	0	0	0	0	0	0	0	1	0	0	0	0	0	0	0	0	0	0
NZ_LR134378.1	5p	+	68	8	12	14	7	41	0	1	0	0	0	0	0	0	0	0	1	0	0	0	0	0	0	0	0	0	0
NZ_LR134378.1	5p	+	69	9	15	5	9	38	0	2	0	0	0	0	0	0	0	0	0	0	0	0	0	0	0	0	0	0	0
NZ_LR134378.1	5p	+	70	6	12	10	6	34	0	1	0	0	0	0	1	0	0	0	0	0	0	0	0	0	0	0	0	0	0
NZ_LR134378.1	5p	-	1	672	1203	748	969	3592	14	438	15	17	6	5	12	6	4	3	14	12	0	0	0	0	0	0	0	0	0
NZ_LR134378.1	5p	-	2	689	1246	1052	605	3592	28	220	18	16	6	1	12	6	4	3	17	12	0	0	1	0	0	0	0	0	0
NZ_LR134378.1	5p	-	3	656	1091	1261	584	3592	30	94	20	21	7	3	17	9	9	3	13	10	0	0	1	0	0	0	0	0	0
NZ_LR134378.1	5p	-	4	751	1124	1056	661	3592	27	127	11	24	4	2	14	6	7	1	9	5	0	0	2	0	0	0	0	0	0
NZ_LR134378.1	5p	-	5	522	1242	1212	615	3591	34	89	18	27	6	5	18	5	6	1	21	7	0	0	1	0	0	0	1	0	0
NZ_LR134378.1	5p	-	6	639	1141	1191	620	3591	16	61	20	11	7	7	23	4	4	1	14	6	0	0	1	0	0	0	0	1	0
NZ_LR134378.1	5p	-	7	649	1159	1105	678	3591	22	52	19	21	4	0	14	6	8	2	15	11	0	0	0	0	0	0	1	0	0
NZ_LR134378.1	5p	-	8	552	1228	1219	593	3592	18	51	24	14	4	4	22	6	7	2	24	6	0	1	0	0	0	0	0	0	0
NZ_LR134378.1	5p	-	9	658	1144	1148	641	3591	27	50	22	14	6	3	13	6	4	4	19	5	0	0	0	1	1	0	0	0	0
NZ_LR134378.1	5p	-	10	709	1064	1090	729	3592	21	30	16	15	2	2	10	6	4	3	10	2	0	0	0	0	0	0	0	0	0
NZ_LR134378.1	5p	-	11	573	1277	1114	628	3592	21	57	17	13	5	0	9	5	1	3	18	14	0	0	0	0	0	0	0	0	0
NZ_LR134378.1	5p	-	12	679	1088	1203	620	3590	12	42	15	14	6	2	20	8	3	0	14	7	0	0	0	2	0	1	0	1	0
NZ_LR134378.1	5p	-	13	718	1072	1079	721	3590	11	40	16	22	3	2	8	5	6	3	18	7	2	0	0	1	1	0	0	1	0
NZ_LR134378.1	5p	-	14	596	1176	1192	626	3590	20	45	20	22	4	4	16	7	7	4	9	6	1	0	0	0	1	0	0	1	0
NZ_LR134378.1	5p	-	15	649	1154	1176	612	3591	25	39	19	16	9	1	16	3	0	3	17	9	1	0	1	1	0	0	0	1	0
NZ_LR134378.1	5p	-	16	663	1201	1002	725	3591	13	52	12	18	7	3	13	1	4	1	14	8	0	0	1	1	1	0	0	0	0
NZ_LR134378.1	5p	-	17	580	1217	1162	632	3591	24	51	17	17	3	1	22	8	0	1	19	5	0	2	1	0	0	0	0	1	0
NZ_LR134378.1	5p	-	18	627	1146	1219	599	3591	21	37	15	12	7	2	16	7	2	3	17	4	2	0	0	1	0	0	0	1	0
NZ_LR134378.1	5p	-	19	673	1142	1063	713	3591	15	38	10	19	3	2	13	5	3	1	11	6	0	0	0	0	0	1	0	0	0
NZ_LR134378.1	5p	-	20	589	1255	1107	640	3591	20	40	16	24	8	3	16	4	1	1	19	12	0	0	3	1	0	0	0	1	0
NZ_LR134378.1	5p	-	21	636	1145	1222	587	3590	18	43	12	7	1	3	20	6	0	1	15	10	2	0	1	1	0	1	1	0	0
NZ_LR134378.1	5p	-	22	677	1117	1118	679	3591	10	45	10	19	1	3	19	5	3	2	12	7	1	0	2	0	0	0	0	1	0
NZ_LR134378.1	5p	-	23	588	1171	1181	651	3591	16	53	23	31	11	2	16	2	0	1	16	5	0	0	2	0	0	1	0	0	0
NZ_LR134378.1	5p	-	24	647	1161	1183	601	3592	24	71	19	22	2	3	21	5	2	2	18	6	0	0	2	1	0	0	0	0	0
NZ_LR134378.1	5p	-	25	688	1138	1022	743	3591	18	59	9	22	3	4	9	5	2	3	14	3	0	0	1	2	0	0	0	1	0
NZ_LR134378.1	5p	-	26	576	1161	1224	629	3590	16	61	33	17	6	2	20	5	7	4	13	5	2	0	1	1	0	1	1	0	0
NZ_LR134378.1	5p	-	27	651	1093	1182	666	3592	19	76	19	22	7	4	17	4	5	4	17	3	0	0	0	2	0	0	0	0	0
NZ_LR134378.1	5p	-	28	714	1087	1083	708	3592	17	77	17	11	5	3	20	3	5	1	13	6	0	2	0	2	0	0	0	0	0
NZ_LR134378.1	5p	-	29	622	1177	1150	643	3592	25	101	19	20	6	3	22	6	4	3	15	8	0	0	0	1	0	0	0	0	0
NZ_LR134378.1	5p	-	30	702	1143	1184	562	3591	22	144	25	11	4	0	18	4	3	0	22	9	0	0	1	0	0	0	1	0	0
NZ_LR134378.1	5p	-	31	573	1040	949	648	3210	16	122	8	15	4	1	14	6	6	4	8	5	0	0	0	0	0	0	0	0	0
NZ_LR134378.1	5p	-	32	470	961	863	519	2813	14	110	14	11	4	4	16	8	4	1	20	4	0	0	1	1	0	0	0	0	0
NZ_LR134378.1	5p	-	33	441	822	784	437	2484	19	114	11	15	2	2	11	4	2	2	7	5	0	0	0	1	0	0	0	0	0
NZ_LR134378.1	5p	-	34	400	643	660	486	2189	5	77	9	9	0	1	7	3	0	0	7	5	0	0	0	1	0	0	0	0	0
NZ_LR134378.1	5p	-	35	327	653	643	346	1969	4	79	18	11	1	0	10	1	3	1	10	6	0	0	0	0	0	0	0	0	0
NZ_LR134378.1	5p	-	36	329	549	550	331	1759	9	67	11	9	2	1	7	2	3	3	6	3	1	0	0	0	0	0	0	0	0
NZ_LR134378.1	5p	-	37	315	534	435	310	1594	10	54	8	5	2	0	5	1	0	1	5	3	0	0	0	0	0	0	0	0	0
NZ_LR134378.1	5p	-	38	249	477	444	249	1419	5	51	8	4	1	1	3	1	0	1	5	4	0	0	0	0	0	0	0	0	0
NZ_LR134378.1	5p	-	39	250	381	411	213	1255	10	49	18	5	1	2	1	2	0	0	7	2	0	0	0	1	0	0	0	0	0
NZ_LR134378.1	5p	-	40	224	349	322	244	1139	4	39	4	5	1	1	5	1	1	1	2	3	0	0	0	0	0	0	1	0	0
NZ_LR134378.1	5p	-	41	167	357	337	171	1032	6	49	3	4	2	2	3	2	1	2	5	3	0	0	0	0	1	0	0	0	0
NZ_LR134378.1	5p	-	42	164	297	336	137	934	8	42	3	5	0	0	5	3	1	1	3	3	0	0	0	0	0	0	1	0	0
NZ_LR134378.1	5p	-	43	175	262	220	155	812	3	28	6	4	2	0	3	1	1	0	3	0	0	0	0	0	0	0	0	0	0
NZ_LR134378.1	5p	-	44	133	264	201	120	718	2	36	2	6	0	1	2	0	0	0	3	1	0	0	0	0	0	0	0	0	0
NZ_LR134378.1	5p	-	45	91	203	223	96	613	7	32	4	2	1	1	2	0	1	1	4	3	0	0	0	0	0	0	0	0	0
NZ_LR134378.1	5p	-	46	120	172	145	104	541	1	14	5	3	2	2	2	1	0	0	0	0	0	0	0	0	0	0	0	0	0
NZ_LR134378.1	5p	-	47	84	157	168	80	489	4	20	0	1	1	0	1	0	2	0	3	1	0	0	0	0	0	0	0	0	0
NZ_LR134378.1	5p	-	48	66	140	150	72	428	4	23	1	2	0	1	4	1	1	1	1	0	0	0	0	1	0	0	0	0	0
NZ_LR134378.1	5p	-	49	68	122	120	67	377	0	16	0	1	1	0	0	1	1	0	1	1	0	0	0	0	0	0	0	0	0
NZ_LR134378.1	5p	-	50	62	114	116	46	338	2	9	1	1	0	0	1	0	0	0	0	0	0	0	0	0	0	0	0	0	0
NZ_LR134378.1	5p	-	51	55	93	78	58	284	0	12	2	1	0	0	2	0	0	0	1	0	0	0	1	0	0	0	0	0	0
NZ_LR134378.1	5p	-	52	33	84	76	53	246	1	14	0	0	0	0	0	0	0	0	0	2	0	0	0	0	0	0	0	0	0
NZ_LR134378.1	5p	-	53	33	88	56	40	217	2	14	2	0	0	0	1	0	0	0	2	0	0	0	0	0	0	0	0	0	0
NZ_LR134378.1	5p	-	54	43	61	47	44	195	2	11	0	0	0	0	0	0	0	0	2	0	0	0	0	0	0	0	0	0	0
NZ_LR134378.1	5p	-	55	31	60	50	33	174	0	8	0	0	0	0	0	0	1	0	0	1	0	0	0	0	0	0	0	0	0
NZ_LR134378.1	5p	-	56	25	48	53	24	150	1	6	1	0	0	0	1	0	1	0	0	0	0	0	0	0	0	0	0	0	0
NZ_LR134378.1	5p	-	57	33	39	29	22	123	0	4	2	0	0	0	0	0	0	0	0	0	0	0	0	0	0	0	0	0	0
NZ_LR134378.1	5p	-	58	20	36	37	23	116	0	5	0	0	0	0	0	1	0	0	1	1	0	0	0	1	0	0	0	0	0
NZ_LR134378.1	5p	-	59	10	38	34	21	103	1	8	0	0	1	0	1	0	0	0	1	0	0	0	0	0	0	0	0	0	0
NZ_LR134378.1	5p	-	60	17	34	20	23	94	0	5	0	0	0	0	0	0	0	0	0	0	0	0	0	0	0	0	0	0	0
NZ_LR134378.1	5p	-	61	13	22	31	19	85	1	2	1	0	0	0	1	0	0	0	0	0	0	0	0	0	0	0	0	0	0
NZ_LR134378.1	5p	-	62	15	24	22	13	74	0	3	0	1	0	0	0	0	0	0	0	0	0	0	0	0	0	0	0	0	0
NZ_LR134378.1	5p	-	63	18	24	9	18	69	0	5	0	0	0	0	0	0	0	0	0	0	0	0	0	0	0	0	0	0	0
NZ_LR134378.1	5p	-	64	19	15	23	9	66	0	2	0	0	0	0	0	0	0	0	1	0	0	0	0	0	0	0	0	0	0
NZ_LR134378.1	5p	-	65	12	20	17	9	58	0	1	0	0	0	0	1	0	0	0	0	0	0	0	0	0	0	0	0	0	0
NZ_LR134378.1	5p	-	66	11	18	15	10	54	0	2	0	0	0	0	0	0	0	0	0	0	0	0	0	0	0	0	0	0	0
NZ_LR134378.1	5p	-	67	12	17	11	7	47	0	1	0	0	0	0	0	0	0	0	0	0	0	0	0	0	0	0	0	0	0
NZ_LR134378.1	5p	-	68	7	15	11	10	43	0	1	1	0	0	0	0	0	0	0	0	0	0	0	0	0	0	0	0	0	0
NZ_LR134378.1	5p	-	69	8	11	11	7	37	0	1	0	0	0	0	0	0	0	0	0	0	0	0	0	0	0	0	0	0	0
NZ_LR134378.1	5p	-	70	6	8	15	4	33	0	0	0	0	0	0	0	0	0	0	0	0	0	0	0	0	0	0	0	0	0
