# table produced by mapDamage version 2.2.3
# using mapped file /mnt/archgen/microbiome_calculus/library_ds_vs_ss/04-analysis/normalize_kraken/mapping/flexilinea_sp001717545/mapDamage2_ssLibs/input/GOY005.A0103.SG1.4_5M.mapped_f_sp001717545_q25l30_rmdup.bam and /mnt/archgen/microbiome_calculus/library_ds_vs_ss/04-analysis/normalize_kraken/mapping/flexilinea_sp001717545/input/GCA_001717545.1_ASM171754v1_genomic.fna as reference file
# Chr: reference from sam/bam header, End: from which termini of DNA sequences, Std: strand of reads
Chr	End	Std	Pos	A	C	G	T	Total	G>A	C>T	A>G	T>C	A>C	A>T	C>G	C>A	T>G	T>A	G>C	G>T	A>-	T>-	C>-	G>-	->A	->T	->C	->G	S
CP017039.1	3p	+	1	322	526	250	255	1353	11	47	7	5	5	1	8	5	2	3	6	2	0	0	0	0	0	0	0	0	0
CP017039.1	3p	+	2	394	375	303	281	1353	13	18	5	5	1	2	3	7	2	4	5	2	0	0	0	0	0	0	0	0	0
CP017039.1	3p	+	3	341	367	366	279	1353	12	24	8	7	3	0	5	2	2	2	7	3	0	0	0	0	0	0	0	0	0
CP017039.1	3p	+	4	357	395	285	316	1353	13	10	6	4	2	0	1	4	0	2	6	5	0	0	0	0	0	0	0	0	0
CP017039.1	3p	+	5	372	340	337	304	1353	9	15	9	4	2	0	0	3	0	0	2	4	0	0	0	0	0	0	0	0	0
CP017039.1	3p	+	6	325	369	346	312	1352	11	12	8	5	6	1	3	2	2	1	3	5	0	0	0	0	1	0	0	0	0
CP017039.1	3p	+	7	331	372	322	327	1352	9	17	3	8	2	2	4	4	1	0	4	3	0	0	0	0	1	0	0	0	0
CP017039.1	3p	+	8	364	323	337	328	1352	5	11	9	4	2	1	2	1	5	1	2	4	1	0	0	0	1	0	0	0	0
CP017039.1	3p	+	9	309	375	353	315	1352	10	17	7	8	2	1	2	0	1	0	6	3	0	1	0	2	0	0	1	0	0
CP017039.1	3p	+	10	300	380	328	345	1353	10	24	7	6	5	2	1	2	0	3	5	2	0	0	0	0	0	0	0	0	0
CP017039.1	3p	+	11	340	364	317	332	1353	10	13	6	7	1	3	2	4	2	0	6	4	0	1	0	0	0	0	0	0	0
CP017039.1	3p	+	12	318	377	367	291	1353	11	10	7	3	4	1	5	3	1	1	5	5	1	0	0	0	0	0	0	0	0
CP017039.1	3p	+	13	326	399	333	295	1353	8	16	9	6	2	1	2	2	3	1	6	4	1	0	0	1	0	0	0	0	0
CP017039.1	3p	+	14	304	363	337	349	1353	15	15	6	4	0	1	1	1	1	1	4	3	0	0	0	0	0	0	0	0	0
CP017039.1	3p	+	15	335	347	349	322	1353	9	14	5	7	2	1	0	3	1	1	8	5	0	0	0	0	0	0	0	0	0
CP017039.1	3p	+	16	333	373	329	317	1352	4	19	8	8	0	2	3	3	4	1	3	5	0	0	0	1	0	0	1	0	0
CP017039.1	3p	+	17	322	357	372	302	1353	9	9	6	4	1	3	3	5	1	1	5	3	0	0	0	1	0	0	0	0	0
CP017039.1	3p	+	18	339	350	359	305	1353	13	17	7	10	1	0	1	7	3	1	5	5	0	0	1	0	0	0	0	0	0
CP017039.1	3p	+	19	308	406	326	313	1353	9	12	8	11	1	1	2	2	2	1	6	4	0	0	1	1	0	0	0	0	0
CP017039.1	3p	+	20	332	346	333	342	1353	7	16	5	5	1	1	3	3	1	1	5	5	0	0	1	0	0	0	0	0	0
CP017039.1	3p	+	21	301	366	368	318	1353	11	11	5	5	0	1	7	4	2	3	6	5	0	1	0	1	0	0	0	0	0
CP017039.1	3p	+	22	294	383	360	316	1353	7	15	6	7	0	0	2	2	1	2	8	1	0	0	0	1	0	0	0	0	0
CP017039.1	3p	+	23	295	379	369	310	1353	8	12	4	3	4	4	3	2	2	1	1	6	0	1	0	0	0	0	0	0	0
CP017039.1	3p	+	24	315	387	338	313	1353	11	18	8	8	3	2	4	2	0	2	6	2	0	1	0	0	0	0	0	0	0
CP017039.1	3p	+	25	263	415	347	327	1352	9	17	3	8	3	1	3	5	1	0	5	5	0	1	0	0	0	0	1	0	0
CP017039.1	3p	+	26	334	354	324	341	1353	10	12	7	6	1	5	2	2	3	0	2	2	0	0	1	1	0	0	0	0	0
CP017039.1	3p	+	27	326	339	376	312	1353	9	17	10	12	2	2	5	0	1	0	2	2	0	0	1	1	0	0	0	0	0
CP017039.1	3p	+	28	340	395	326	292	1353	12	14	8	7	2	1	4	3	1	0	5	1	0	0	1	0	0	0	0	0	0
CP017039.1	3p	+	29	297	386	344	324	1351	10	14	4	9	3	0	3	3	0	3	3	3	0	0	0	0	0	0	1	1	0
CP017039.1	3p	+	30	309	381	353	309	1352	13	15	4	11	2	2	3	3	2	2	10	9	1	0	0	0	0	0	1	0	0
CP017039.1	3p	+	31	289	338	275	317	1219	12	17	11	8	2	1	3	1	0	1	4	7	0	0	0	1	0	0	0	2	0
CP017039.1	3p	+	32	289	308	249	261	1107	7	12	5	3	2	1	0	3	1	1	5	2	0	0	0	0	0	0	0	0	0
CP017039.1	3p	+	33	242	302	218	223	985	5	12	5	2	1	1	4	3	0	1	1	3	0	0	0	0	0	0	0	0	0
CP017039.1	3p	+	34	217	234	206	223	880	6	6	3	2	2	0	4	2	0	1	1	2	0	0	0	0	0	0	0	0	0
CP017039.1	3p	+	35	209	197	189	206	801	7	10	9	5	2	0	1	2	1	1	0	1	0	0	0	0	0	0	0	0	0
CP017039.1	3p	+	36	192	220	173	151	736	5	12	3	3	0	1	2	1	0	0	0	1	0	0	0	0	0	1	0	1	0
CP017039.1	3p	+	37	181	186	156	159	682	5	13	2	1	1	1	1	1	0	0	1	1	0	0	0	0	0	1	0	0	0
CP017039.1	3p	+	38	156	168	141	159	624	1	6	3	3	0	1	1	1	2	0	1	0	0	0	0	0	0	1	1	0	0
CP017039.1	3p	+	39	139	157	152	130	578	5	4	4	3	0	1	0	2	0	1	3	0	0	0	1	0	0	0	0	0	0
CP017039.1	3p	+	40	138	159	118	129	544	2	7	2	2	0	0	1	0	0	0	2	2	0	0	0	0	0	0	0	0	0
CP017039.1	3p	+	41	119	129	123	126	497	3	8	2	1	0	0	2	0	0	0	1	2	0	0	0	0	0	0	0	0	0
CP017039.1	3p	+	42	123	115	104	115	457	2	7	1	0	2	1	0	0	0	0	2	1	0	0	0	0	0	0	0	0	0
CP017039.1	3p	+	43	110	126	83	94	413	1	8	1	2	0	1	1	1	0	0	0	0	0	0	0	0	0	0	0	0	0
CP017039.1	3p	+	44	102	94	82	95	373	0	3	1	1	0	0	1	2	1	0	3	2	0	0	0	0	0	0	0	0	0
CP017039.1	3p	+	45	78	94	82	83	337	3	3	1	3	0	1	0	4	1	1	2	0	0	0	0	0	0	0	1	0	0
CP017039.1	3p	+	46	73	81	69	81	304	3	6	3	0	1	0	0	0	0	0	1	0	0	0	0	0	0	1	0	0	0
CP017039.1	3p	+	47	66	69	73	59	267	1	2	0	0	0	0	0	1	0	0	0	0	0	0	0	0	0	0	0	0	0
CP017039.1	3p	+	48	43	76	66	56	241	2	2	1	2	1	0	1	0	0	0	2	0	0	0	0	0	0	0	0	0	0
CP017039.1	3p	+	49	63	63	49	47	222	1	3	0	0	0	0	0	0	0	0	1	1	0	0	0	0	0	0	0	0	0
CP017039.1	3p	+	50	60	43	52	44	199	1	2	1	0	0	0	0	0	0	0	1	0	0	0	0	0	0	0	0	0	0
CP017039.1	3p	+	51	44	51	52	39	186	0	3	1	1	1	0	0	0	0	0	0	2	0	0	0	0	0	0	0	0	0
CP017039.1	3p	+	52	47	41	39	42	169	2	3	1	0	0	0	0	0	0	0	0	0	0	0	0	0	0	0	0	0	0
CP017039.1	3p	+	53	35	45	41	32	153	0	1	0	1	0	0	0	0	0	0	0	0	0	0	0	0	0	0	0	0	0
CP017039.1	3p	+	54	36	52	24	26	138	0	4	2	0	0	0	0	0	0	0	0	0	0	0	0	0	0	0	0	0	0
CP017039.1	3p	+	55	33	31	39	26	129	0	0	0	0	0	0	0	0	0	0	0	0	0	0	0	0	0	0	0	0	0
CP017039.1	3p	+	56	31	33	26	30	120	2	0	0	1	0	0	0	0	0	1	0	0	0	0	0	0	0	0	0	0	0
CP017039.1	3p	+	57	33	32	23	24	112	0	4	0	1	0	0	0	0	0	0	0	0	0	0	0	0	0	0	0	0	0
CP017039.1	3p	+	58	25	27	23	30	105	0	2	0	0	0	0	0	1	0	0	0	0	0	0	0	0	0	0	0	0	0
CP017039.1	3p	+	59	25	23	21	29	98	0	1	0	1	0	0	0	0	0	0	0	0	0	0	0	0	0	0	0	0	0
CP017039.1	3p	+	60	16	27	22	24	89	0	4	0	0	0	0	0	0	0	1	0	0	0	0	0	0	0	0	0	0	0
CP017039.1	3p	+	61	14	27	16	19	76	1	0	0	0	0	0	0	0	0	0	0	0	0	0	0	0	0	0	0	0	0
CP017039.1	3p	+	62	16	24	13	23	76	0	1	2	0	1	0	0	0	0	0	0	0	0	0	0	0	0	0	0	0	0
CP017039.1	3p	+	63	20	22	14	16	72	0	1	0	1	0	0	0	0	0	0	0	0	0	0	0	0	0	0	0	0	0
CP017039.1	3p	+	64	20	13	16	13	62	0	0	0	0	0	1	0	0	0	0	0	0	0	0	0	0	0	0	0	0	0
CP017039.1	3p	+	65	19	18	8	11	56	0	1	1	0	0	0	0	0	0	0	0	0	0	0	0	0	0	0	0	0	0
CP017039.1	3p	+	66	20	7	14	12	53	0	0	1	0	0	0	0	0	0	0	0	0	0	0	0	0	0	0	0	0	0
CP017039.1	3p	+	67	19	5	11	15	50	1	0	1	1	0	0	0	0	0	0	0	0	0	0	0	0	0	0	0	0	0
CP017039.1	3p	+	68	9	9	13	12	43	0	0	0	0	0	0	0	0	0	0	1	0	0	0	0	0	0	0	0	0	0
CP017039.1	3p	+	69	10	8	15	7	40	1	0	0	0	0	0	0	0	0	0	0	0	0	0	0	0	0	0	0	0	0
CP017039.1	3p	+	70	8	11	9	11	39	0	0	0	0	0	0	0	0	0	0	1	0	0	0	0	0	0	0	0	0	0
CP017039.1	3p	-	1	331	426	291	281	1329	11	24	8	9	2	5	5	2	1	2	5	2	0	0	0	0	0	0	0	0	0
CP017039.1	3p	-	2	396	355	323	255	1329	9	13	5	7	3	4	2	3	1	0	3	5	0	0	0	0	0	0	0	0	0
CP017039.1	3p	-	3	339	376	346	267	1328	11	26	9	8	5	3	3	6	1	1	3	1	0	0	0	0	0	1	0	0	0
CP017039.1	3p	-	4	326	369	331	303	1329	8	19	6	10	1	3	3	5	3	2	7	2	0	0	0	0	0	0	0	0	0
CP017039.1	3p	-	5	334	333	336	326	1329	12	20	4	8	2	1	4	2	1	1	4	3	0	0	0	0	0	0	0	0	0
CP017039.1	3p	-	6	318	337	328	345	1328	6	22	8	6	2	2	2	0	4	0	5	6	0	0	0	1	1	0	0	0	0
CP017039.1	3p	-	7	307	360	316	344	1327	9	16	6	6	2	2	7	1	3	0	4	6	0	0	0	0	0	0	0	2	0
CP017039.1	3p	-	8	333	313	338	345	1329	6	23	9	6	3	1	2	3	0	1	3	1	0	0	0	0	0	0	0	0	0
CP017039.1	3p	-	9	327	365	341	296	1329	5	20	6	4	2	2	1	2	0	1	4	7	0	0	0	1	0	0	0	0	0
CP017039.1	3p	-	10	304	358	338	329	1329	6	11	6	5	0	1	0	3	1	0	3	1	0	0	0	2	0	0	0	0	0
CP017039.1	3p	-	11	326	350	322	331	1329	13	17	6	6	8	2	5	1	2	5	5	0	2	0	0	1	0	0	0	0	0
CP017039.1	3p	-	12	312	369	358	290	1329	6	8	7	5	3	1	3	3	2	3	7	3	1	0	2	2	0	0	0	0	0
CP017039.1	3p	-	13	317	357	375	280	1329	18	8	10	4	1	2	6	2	1	2	6	2	1	1	1	0	0	0	0	0	0
CP017039.1	3p	-	14	284	379	364	302	1329	8	13	2	4	2	3	3	3	0	1	9	0	0	0	0	0	0	0	0	0	0
CP017039.1	3p	-	15	299	370	363	297	1329	7	16	9	7	2	1	3	0	4	0	1	5	0	0	0	1	0	0	0	0	0
CP017039.1	3p	-	16	291	349	375	313	1328	11	11	13	12	0	0	4	3	1	2	6	5	1	1	0	0	0	0	0	1	0
CP017039.1	3p	-	17	309	358	359	303	1329	9	13	8	5	2	1	4	5	2	3	5	1	0	0	0	0	0	0	0	0	0
CP017039.1	3p	-	18	297	369	355	308	1329	8	13	11	7	3	2	4	5	2	1	6	4	0	0	0	0	0	0	0	0	0
CP017039.1	3p	-	19	304	378	345	302	1329	10	16	4	5	2	1	2	1	1	0	3	4	0	0	0	0	0	0	0	0	0
CP017039.1	3p	-	20	301	345	370	313	1329	14	10	3	2	2	2	2	2	0	1	4	2	0	0	0	0	0	0	0	0	0
CP017039.1	3p	-	21	318	377	367	266	1328	12	15	5	5	2	5	4	2	1	0	5	4	0	0	0	0	0	0	1	0	0
CP017039.1	3p	-	22	303	362	334	330	1329	15	21	6	8	4	2	6	1	1	1	5	3	1	0	0	1	0	0	0	0	0
CP017039.1	3p	-	23	338	330	367	294	1329	14	8	4	1	0	3	1	1	1	1	2	3	0	0	0	1	0	0	0	0	0
CP017039.1	3p	-	24	317	351	370	290	1328	10	18	3	4	6	2	4	2	0	3	2	2	0	1	0	1	0	0	0	1	0
CP017039.1	3p	-	25	307	365	348	309	1329	12	14	6	6	1	0	3	0	2	1	2	2	0	0	0	0	0	0	0	0	0
CP017039.1	3p	-	26	336	315	360	318	1329	7	9	5	6	2	1	3	0	3	0	3	1	1	0	0	0	0	0	0	0	0
CP017039.1	3p	-	27	321	328	371	308	1328	12	11	3	7	4	3	4	5	0	1	6	4	0	0	0	0	0	0	0	1	0
CP017039.1	3p	-	28	317	375	330	306	1328	9	12	7	3	0	1	3	3	1	1	9	1	1	0	0	0	1	0	0	0	0
CP017039.1	3p	-	29	335	375	307	312	1329	1	17	5	6	0	4	1	7	0	1	2	2	0	0	1	0	0	0	0	0	0
CP017039.1	3p	-	30	311	356	358	304	1329	10	22	1	5	0	3	6	2	1	1	3	1	0	0	0	1	0	0	0	0	0
CP017039.1	3p	-	31	279	346	281	292	1198	8	15	4	4	1	0	4	2	2	2	4	2	0	0	0	3	0	0	0	0	0
CP017039.1	3p	-	32	274	274	277	263	1088	5	11	2	6	0	3	1	1	2	2	4	2	0	2	0	0	0	0	0	0	0
CP017039.1	3p	-	33	240	272	268	210	990	6	10	7	4	0	1	2	4	1	0	3	3	0	0	0	0	0	0	0	0	0
CP017039.1	3p	-	34	228	243	231	202	904	3	8	6	6	1	1	1	4	1	1	1	1	0	0	0	0	0	0	0	0	0
CP017039.1	3p	-	35	200	231	201	189	821	9	7	1	2	3	0	0	0	1	1	2	2	0	1	1	0	0	0	0	0	0
CP017039.1	3p	-	36	175	210	188	177	750	5	9	2	3	1	0	1	3	0	0	3	0	0	0	0	0	0	0	0	0	0
CP017039.1	3p	-	37	157	185	175	173	690	6	11	4	3	4	0	0	0	0	0	2	5	0	0	0	0	0	0	0	0	0
CP017039.1	3p	-	38	189	166	127	146	628	2	14	4	6	0	0	0	0	2	0	2	0	0	0	0	0	0	0	0	0	0
CP017039.1	3p	-	39	163	176	118	122	579	2	7	4	7	0	0	0	1	0	1	2	1	0	0	0	0	0	0	0	0	0
CP017039.1	3p	-	40	125	126	127	155	533	4	9	1	1	0	0	0	0	0	1	3	1	0	0	0	0	0	0	0	0	0
CP017039.1	3p	-	41	134	114	110	131	489	3	4	1	1	0	1	1	0	1	0	0	1	0	0	0	0	0	0	0	0	0
CP017039.1	3p	-	42	119	97	135	104	455	3	7	2	1	2	1	0	0	1	1	2	2	0	0	0	0	0	0	0	0	0
CP017039.1	3p	-	43	115	114	105	88	422	4	9	4	0	0	0	3	0	0	0	1	1	0	0	0	0	0	0	0	0	0
CP017039.1	3p	-	44	95	100	87	91	373	3	4	1	1	0	1	0	0	0	0	1	0	0	0	0	0	0	0	0	0	0
CP017039.1	3p	-	45	79	72	96	92	339	3	3	1	1	0	0	1	0	1	0	1	1	0	0	0	0	0	0	0	0	0
CP017039.1	3p	-	46	90	79	70	70	309	3	6	0	0	1	0	1	0	0	0	2	0	0	0	0	0	0	0	0	0	0
CP017039.1	3p	-	47	71	80	59	76	286	2	4	2	0	1	0	2	0	0	1	0	0	0	0	0	0	0	0	0	0	0
CP017039.1	3p	-	48	69	64	64	62	259	0	4	2	0	0	0	0	0	1	0	1	1	0	0	0	0	0	0	0	0	0
CP017039.1	3p	-	49	60	67	59	54	240	0	1	0	1	0	0	0	0	0	1	0	0	0	0	0	0	0	0	0	0	0
CP017039.1	3p	-	50	58	50	60	49	217	0	2	0	1	0	0	1	0	0	0	0	0	0	0	0	0	0	0	0	0	0
CP017039.1	3p	-	51	50	56	51	46	203	2	1	1	1	1	0	0	0	0	0	1	0	0	0	0	1	0	0	0	0	0
CP017039.1	3p	-	52	40	53	43	55	191	2	3	0	1	0	0	1	0	0	0	0	0	0	0	0	0	0	0	0	0	0
CP017039.1	3p	-	53	49	47	38	40	174	0	2	0	0	0	0	0	1	0	0	2	1	0	0	0	0	0	0	0	0	0
CP017039.1	3p	-	54	40	42	39	43	164	1	4	1	0	0	0	0	0	0	0	1	1	0	0	0	0	0	0	0	0	0
CP017039.1	3p	-	55	41	42	33	39	155	1	4	0	0	0	0	0	0	0	1	0	0	0	0	0	0	0	0	0	0	0
CP017039.1	3p	-	56	37	28	38	42	145	0	2	0	0	0	0	0	0	0	0	1	0	0	0	0	0	0	0	0	0	0
CP017039.1	3p	-	57	39	25	36	31	131	1	2	2	0	0	1	0	0	0	0	2	0	0	0	0	1	0	0	0	0	0
CP017039.1	3p	-	58	24	30	33	40	127	1	1	0	0	0	0	0	0	0	1	1	1	0	0	0	0	0	0	0	0	0
CP017039.1	3p	-	59	31	33	24	25	113	1	3	0	0	0	0	0	0	0	0	0	0	0	0	0	0	0	0	0	0	0
CP017039.1	3p	-	60	24	29	30	20	103	2	2	2	0	0	1	0	1	0	0	0	0	0	0	0	0	0	0	0	0	0
CP017039.1	3p	-	61	19	23	25	19	86	0	1	0	0	0	0	0	0	1	1	0	0	0	0	0	0	0	0	0	0	0
CP017039.1	3p	-	62	17	26	14	22	79	1	0	0	0	0	0	0	0	0	0	0	1	0	0	0	0	0	0	0	0	0
CP017039.1	3p	-	63	16	19	18	21	74	2	0	0	0	0	0	0	0	0	0	0	0	0	0	0	0	0	0	0	0	0
CP017039.1	3p	-	64	18	15	15	21	69	1	1	1	0	0	0	0	0	0	0	1	0	0	0	0	0	0	0	0	0	0
CP017039.1	3p	-	65	20	11	18	14	63	0	1	0	0	1	0	0	0	0	0	0	1	0	0	0	0	0	0	0	0	0
CP017039.1	3p	-	66	11	13	16	14	54	1	1	0	0	1	0	0	0	0	0	0	0	0	0	0	0	0	0	0	0	0
CP017039.1	3p	-	67	15	15	6	13	49	0	1	0	0	0	0	2	0	0	0	1	0	0	0	0	0	0	0	0	0	0
CP017039.1	3p	-	68	8	8	21	10	47	0	1	0	0	0	0	0	0	0	0	0	0	0	0	0	0	0	0	0	0	0
CP017039.1	3p	-	69	5	15	11	14	45	0	0	1	0	0	0	0	0	0	0	0	0	0	0	0	0	0	0	0	0	0
CP017039.1	3p	-	70	13	7	8	12	40	0	2	0	0	0	0	0	0	0	0	0	0	0	0	0	0	0	0	0	0	0
CP017039.1	5p	+	1	413	361	218	361	1353	16	36	8	2	3	4	3	4	1	3	1	6	0	0	0	0	0	0	0	0	0
CP017039.1	5p	+	2	387	404	254	308	1353	9	15	7	12	4	0	1	6	0	3	8	2	0	0	0	0	0	0	0	0	0
CP017039.1	5p	+	3	336	392	335	289	1352	16	19	7	7	1	1	4	4	1	2	4	3	0	0	0	0	0	1	0	0	0
CP017039.1	5p	+	4	344	369	330	309	1352	10	12	4	6	1	0	5	3	0	3	6	0	0	0	0	0	0	1	0	0	0
CP017039.1	5p	+	5	316	392	321	321	1350	11	13	8	11	1	4	3	2	2	0	5	6	0	0	2	0	0	0	0	3	0
CP017039.1	5p	+	6	311	360	347	332	1350	16	17	11	11	5	2	4	2	0	0	1	1	0	0	0	1	0	1	2	0	0
CP017039.1	5p	+	7	303	368	348	333	1352	8	15	8	8	2	1	2	3	2	1	7	4	1	0	0	0	0	0	1	0	0
CP017039.1	5p	+	8	300	404	340	308	1352	7	16	5	8	2	2	1	1	3	1	5	1	0	0	1	0	0	1	0	0	0
CP017039.1	5p	+	9	326	346	361	320	1353	7	14	7	7	5	1	5	2	1	1	3	3	0	1	0	0	0	0	0	0	0
CP017039.1	5p	+	10	287	392	334	339	1352	9	17	3	6	3	2	4	3	0	1	3	8	0	2	0	0	0	0	0	1	0
CP017039.1	5p	+	11	266	373	384	329	1352	11	13	7	6	1	2	6	2	2	1	5	5	0	0	0	0	0	0	1	0	0
CP017039.1	5p	+	12	316	361	353	323	1353	6	10	9	12	2	2	2	2	1	3	5	6	0	0	0	0	0	0	0	0	0
CP017039.1	5p	+	13	340	373	353	287	1353	4	18	5	5	2	2	2	5	2	2	7	4	0	0	0	3	0	0	0	0	0
CP017039.1	5p	+	14	342	377	339	295	1353	11	13	8	4	0	2	3	8	1	1	3	3	0	0	1	1	0	0	0	0	0
CP017039.1	5p	+	15	318	379	344	312	1353	8	23	12	9	1	0	3	3	2	1	7	4	0	0	0	0	0	0	0	0	0
CP017039.1	5p	+	16	336	365	322	330	1353	5	16	5	4	0	1	2	2	1	2	4	4	0	0	0	0	0	0	0	0	0
CP017039.1	5p	+	17	307	381	356	308	1352	3	10	8	2	3	1	2	2	2	0	11	5	0	0	1	0	0	0	1	0	0
CP017039.1	5p	+	18	312	374	364	303	1353	14	14	8	8	1	3	2	1	2	0	6	4	0	0	0	1	0	0	0	0	0
CP017039.1	5p	+	19	320	358	337	338	1353	11	13	7	5	2	1	1	1	3	0	4	1	0	0	0	0	0	0	0	0	0
CP017039.1	5p	+	20	330	369	337	317	1353	11	13	10	11	2	3	4	2	0	0	2	4	0	0	0	1	0	0	0	0	0
CP017039.1	5p	+	21	309	385	338	321	1353	10	16	2	11	2	0	6	3	1	0	4	1	0	0	0	1	0	0	0	0	0
CP017039.1	5p	+	22	325	364	352	312	1353	5	11	8	4	1	1	2	2	1	2	4	3	0	1	0	0	0	0	0	0	0
CP017039.1	5p	+	23	291	384	349	328	1352	8	18	6	10	3	1	2	5	1	3	8	5	0	0	0	0	0	0	1	0	0
CP017039.1	5p	+	24	310	392	368	283	1353	11	10	10	4	2	0	3	3	2	1	6	2	0	0	0	0	0	0	0	0	0
CP017039.1	5p	+	25	356	347	362	287	1352	11	13	5	5	3	3	1	0	4	0	3	5	0	0	0	2	0	0	1	0	0
CP017039.1	5p	+	26	340	386	322	305	1353	6	23	9	3	5	3	1	2	4	1	3	3	1	0	0	0	0	0	0	0	0
CP017039.1	5p	+	27	343	362	349	299	1353	9	12	8	6	1	0	3	5	0	1	3	4	0	0	0	0	0	0	0	0	0
CP017039.1	5p	+	28	348	346	342	317	1353	11	11	9	5	1	0	2	2	0	1	7	5	0	1	0	0	0	0	0	0	0
CP017039.1	5p	+	29	331	398	298	326	1353	7	23	6	2	4	1	1	5	1	0	3	3	0	0	0	0	0	0	0	0	0
CP017039.1	5p	+	30	318	369	379	286	1352	13	22	1	2	2	3	4	2	1	1	12	3	0	0	0	0	1	0	0	0	0
CP017039.1	5p	+	31	315	360	270	276	1221	11	13	4	2	0	0	2	4	0	1	4	2	0	0	1	0	0	0	0	0	0
CP017039.1	5p	+	32	269	306	269	263	1107	4	16	7	5	1	0	4	1	3	0	2	4	0	0	0	0	0	0	0	0	0
CP017039.1	5p	+	33	235	306	215	229	985	3	16	2	4	2	0	1	3	2	1	4	3	0	1	0	0	0	0	0	0	0
CP017039.1	5p	+	34	207	244	202	227	880	7	8	2	3	0	0	2	4	0	1	4	1	0	0	0	0	0	0	0	0	0
CP017039.1	5p	+	35	187	246	179	189	801	7	11	8	3	1	0	1	3	1	1	1	5	0	0	0	0	0	0	0	0	0
CP017039.1	5p	+	36	178	200	184	176	738	5	10	5	3	3	0	0	1	0	0	0	1	0	0	0	0	0	0	0	0	0
CP017039.1	5p	+	37	165	187	166	165	683	4	9	1	2	0	0	1	0	2	1	0	3	1	0	0	0	0	0	0	0	0
CP017039.1	5p	+	38	151	178	151	145	625	6	9	2	5	2	1	2	2	0	1	2	0	1	0	0	0	1	0	0	0	0
CP017039.1	5p	+	39	145	162	134	137	578	5	6	5	1	0	0	0	1	1	0	3	1	0	0	0	0	0	0	0	0	0
CP017039.1	5p	+	40	148	156	111	129	544	6	4	3	1	1	2	1	0	0	1	1	1	0	0	0	0	0	0	0	0	0
CP017039.1	5p	+	41	118	125	113	141	497	5	11	3	1	0	1	0	1	0	0	1	0	0	0	0	0	0	0	0	0	0
CP017039.1	5p	+	42	122	121	117	97	457	3	2	3	0	0	1	0	1	0	2	0	0	0	0	1	0	0	0	0	0	0
CP017039.1	5p	+	43	99	114	97	102	412	5	7	0	2	0	0	0	2	1	0	1	2	0	0	0	0	1	0	0	0	0
CP017039.1	5p	+	44	100	96	94	83	373	0	6	0	1	1	0	1	0	0	0	2	2	0	0	0	0	0	0	0	0	0
CP017039.1	5p	+	45	100	74	88	76	338	3	4	0	2	0	0	1	2	0	0	1	0	0	0	0	0	0	0	0	0	0
CP017039.1	5p	+	46	85	94	47	79	305	0	6	1	3	2	0	1	0	2	0	0	0	0	0	0	0	0	0	0	0	0
CP017039.1	5p	+	47	67	61	56	83	267	1	5	1	2	0	0	0	0	0	2	1	0	0	0	0	0	0	0	0	0	0
CP017039.1	5p	+	48	60	72	51	58	241	3	6	0	1	0	0	1	0	0	0	0	1	0	0	0	0	0	0	0	0	0
CP017039.1	5p	+	49	52	69	56	45	222	0	3	0	1	0	0	1	0	0	0	0	0	0	0	0	0	0	0	0	0	0
CP017039.1	5p	+	50	55	48	50	46	199	3	4	1	1	0	1	2	2	0	1	0	2	0	0	0	0	0	0	0	0	0
CP017039.1	5p	+	51	48	50	42	46	186	3	3	0	1	1	0	1	0	0	0	0	1	0	0	0	0	0	0	0	0	0
CP017039.1	5p	+	52	41	39	41	48	169	1	1	0	0	0	0	0	0	0	0	0	0	0	0	0	0	0	0	0	0	0
CP017039.1	5p	+	53	33	38	43	39	153	2	1	2	0	0	0	0	0	0	0	1	0	0	0	0	0	0	0	0	0	0
CP017039.1	5p	+	54	35	42	30	31	138	1	1	0	0	0	0	0	0	0	0	0	0	0	0	0	0	0	0	0	0	0
CP017039.1	5p	+	55	38	28	31	32	129	0	1	0	1	0	1	1	0	0	0	1	1	0	0	0	1	0	0	0	0	0
CP017039.1	5p	+	56	36	34	25	25	120	1	2	0	2	0	0	0	0	0	0	0	0	0	0	0	0	0	0	0	0	0
CP017039.1	5p	+	57	28	29	30	25	112	0	2	0	0	0	0	1	0	0	0	0	1	0	0	0	0	0	0	0	0	0
CP017039.1	5p	+	58	33	20	34	18	105	0	0	1	1	0	0	1	0	0	0	0	0	0	0	0	0	0	0	0	0	0
CP017039.1	5p	+	59	22	29	19	28	98	1	1	0	0	0	0	0	0	0	0	0	0	0	0	0	0	0	0	0	0	0
CP017039.1	5p	+	60	23	22	23	21	89	0	1	0	0	1	1	0	0	0	0	0	0	0	0	0	0	0	0	0	0	0
CP017039.1	5p	+	61	25	13	17	21	76	0	0	2	0	0	0	0	0	0	0	1	0	0	0	0	0	0	0	0	0	0
CP017039.1	5p	+	62	15	23	18	20	76	0	2	0	1	0	0	0	0	0	0	0	0	0	0	0	0	0	0	0	0	0
CP017039.1	5p	+	63	16	27	16	13	72	0	1	0	0	0	0	0	0	0	0	0	0	0	0	0	0	0	0	0	0	0
CP017039.1	5p	+	64	16	20	15	11	62	1	0	0	0	0	0	0	0	0	0	0	0	0	0	0	0	0	0	0	0	0
CP017039.1	5p	+	65	12	17	19	8	56	0	0	2	0	0	0	0	0	0	0	0	0	0	0	0	0	0	0	0	0	0
CP017039.1	5p	+	66	10	18	16	9	53	0	1	0	0	0	0	0	0	0	0	0	0	0	0	0	0	0	0	0	0	0
CP017039.1	5p	+	67	15	8	17	10	50	0	0	0	0	0	0	0	0	0	0	0	0	0	0	0	0	0	0	0	0	0
CP017039.1	5p	+	68	16	8	12	7	43	0	1	0	1	0	0	0	0	0	0	0	1	0	0	0	0	0	0	0	0	0
CP017039.1	5p	+	69	7	12	10	11	40	1	1	0	0	0	0	0	0	0	0	0	0	0	0	0	0	0	0	0	0	0
CP017039.1	5p	+	70	11	8	11	9	39	0	0	0	0	0	0	0	0	0	0	0	0	0	0	0	0	0	0	0	0	0
CP017039.1	5p	-	1	395	324	212	398	1329	21	33	5	4	1	2	1	4	1	4	0	2	0	0	0	0	0	0	0	0	0
CP017039.1	5p	-	2	359	406	274	290	1329	17	33	5	5	2	5	3	5	1	1	6	2	0	1	0	0	0	0	0	0	0
CP017039.1	5p	-	3	334	357	370	268	1329	5	15	4	7	1	3	3	3	2	5	7	3	0	0	0	1	0	0	0	0	0
CP017039.1	5p	-	4	348	327	345	309	1329	9	20	5	7	2	0	3	2	0	2	8	2	0	0	0	0	0	0	0	0	0
CP017039.1	5p	-	5	292	403	329	305	1329	7	11	4	11	2	1	7	4	0	0	2	1	0	0	0	0	0	0	0	0	0
CP017039.1	5p	-	6	304	355	354	315	1328	11	24	5	5	1	2	6	1	3	1	6	2	1	0	0	0	0	0	0	1	0
CP017039.1	5p	-	7	321	345	351	311	1328	7	18	5	5	3	2	1	0	1	0	3	4	0	0	0	1	0	0	0	1	0
CP017039.1	5p	-	8	274	365	373	317	1329	16	13	4	10	2	2	3	1	1	1	4	4	0	0	0	1	0	0	0	0	0
CP017039.1	5p	-	9	306	361	357	305	1329	19	19	5	9	4	1	5	3	0	1	3	5	0	0	0	0	0	0	0	0	0
CP017039.1	5p	-	10	299	328	353	349	1329	6	15	7	3	0	1	2	2	2	1	5	2	0	0	0	1	0	0	0	0	0
CP017039.1	5p	-	11	274	405	362	288	1329	10	17	5	4	2	6	2	1	1	2	1	7	0	0	0	0	0	0	0	0	0
CP017039.1	5p	-	12	320	350	386	273	1329	11	9	8	4	3	1	5	1	2	0	1	4	0	1	0	0	0	0	0	0	0
CP017039.1	5p	-	13	352	356	326	295	1329	4	13	2	2	2	2	3	1	1	0	6	2	0	0	0	1	0	0	0	0	0
CP017039.1	5p	-	14	327	358	355	289	1329	8	13	7	6	2	2	2	3	0	0	2	2	1	0	0	0	0	0	0	0	0
CP017039.1	5p	-	15	300	349	390	289	1328	17	18	7	3	1	4	4	5	1	2	8	3	0	0	0	1	0	0	1	0	0
CP017039.1	5p	-	16	367	315	350	296	1328	4	7	9	6	3	0	2	2	4	1	1	2	0	0	0	0	0	0	0	1	0
CP017039.1	5p	-	17	279	390	349	311	1329	10	14	9	6	2	0	6	4	3	1	7	5	0	2	0	0	0	0	0	0	0
CP017039.1	5p	-	18	278	358	394	299	1329	16	10	7	10	2	3	7	3	3	1	5	0	0	0	0	1	0	0	0	0	0
CP017039.1	5p	-	19	321	364	330	314	1329	6	8	2	2	3	3	2	3	0	2	1	3	0	0	0	0	0	0	0	0	0
CP017039.1	5p	-	20	293	358	349	329	1329	9	18	7	5	4	0	6	0	0	3	5	1	1	0	0	0	0	0	0	0	0
CP017039.1	5p	-	21	323	339	375	291	1328	9	11	10	2	2	3	1	1	4	1	9	7	0	0	0	0	1	0	0	0	0
CP017039.1	5p	-	22	337	329	331	332	1329	9	8	6	9	2	1	2	2	0	2	4	0	0	1	0	0	0	0	0	0	0
CP017039.1	5p	-	23	321	353	349	306	1329	8	16	6	6	2	0	1	3	3	1	5	3	0	0	0	1	0	0	0	0	0
CP017039.1	5p	-	24	304	343	358	324	1329	10	13	2	11	2	2	5	2	1	2	7	3	1	0	0	0	0	0	0	0	0
CP017039.1	5p	-	25	331	352	331	314	1328	5	9	8	4	3	1	2	1	1	1	6	3	0	0	0	1	0	0	0	1	0
CP017039.1	5p	-	26	309	395	334	291	1329	10	24	6	3	2	2	5	3	1	1	6	6	0	0	1	0	0	0	0	0	0
CP017039.1	5p	-	27	326	365	347	290	1328	10	10	5	5	3	2	4	3	3	0	8	2	0	0	0	1	0	0	0	1	0
CP017039.1	5p	-	28	334	346	334	315	1329	4	23	6	9	1	1	1	2	2	2	4	2	1	0	0	0	0	0	0	0	0
CP017039.1	5p	-	29	327	377	339	286	1329	9	19	5	11	7	2	5	4	3	1	5	3	1	0	0	1	0	0	0	0	0
CP017039.1	5p	-	30	307	363	371	288	1329	15	11	8	9	1	2	3	3	0	0	9	4	0	0	0	1	0	0	0	0	0
CP017039.1	5p	-	31	308	318	280	292	1198	4	7	9	2	3	3	2	4	1	2	2	1	0	0	0	0	0	0	0	0	0
CP017039.1	5p	-	32	256	293	301	238	1088	9	13	2	5	2	1	1	2	0	1	3	1	1	0	0	0	0	0	0	0	0
CP017039.1	5p	-	33	254	254	271	211	990	5	16	7	1	1	0	2	3	2	2	6	5	0	0	1	0	0	0	0	0	0
CP017039.1	5p	-	34	227	231	207	238	903	3	14	1	3	2	0	1	0	1	0	3	3	1	0	0	0	0	1	0	0	0
CP017039.1	5p	-	35	193	236	203	189	821	4	10	2	2	0	2	0	0	0	1	3	0	0	0	0	0	0	0	0	0	0
CP017039.1	5p	-	36	178	195	201	176	750	10	10	4	2	1	0	1	1	0	0	3	0	0	0	0	1	0	0	0	0	0
CP017039.1	5p	-	37	167	176	174	173	690	4	3	2	1	0	1	0	0	0	0	2	1	0	0	0	0	0	0	0	0	0
CP017039.1	5p	-	38	149	189	131	159	628	1	8	3	2	0	0	4	1	0	2	0	0	0	0	0	0	0	0	0	0	0
CP017039.1	5p	-	39	130	141	172	136	579	3	11	2	0	1	1	1	1	0	1	3	0	0	0	1	0	0	0	0	0	0
CP017039.1	5p	-	40	167	120	100	145	532	1	6	1	4	0	0	0	0	0	1	1	0	0	0	1	0	1	0	0	0	0
CP017039.1	5p	-	41	116	128	121	124	489	3	10	3	1	0	0	0	0	1	1	3	1	0	0	0	0	0	0	0	0	0
CP017039.1	5p	-	42	114	133	108	100	455	6	10	5	0	0	1	1	1	0	0	0	1	0	0	0	0	0	0	0	0	0
CP017039.1	5p	-	43	110	107	94	111	422	4	0	1	6	0	1	0	1	1	1	1	1	0	0	0	0	0	0	0	0	0
CP017039.1	5p	-	44	89	93	99	92	373	2	2	5	3	0	0	1	0	0	0	0	0	0	0	0	1	0	0	0	0	0
CP017039.1	5p	-	45	89	106	70	74	339	1	3	1	1	1	1	1	1	0	0	0	1	0	0	0	0	0	0	0	0	0
CP017039.1	5p	-	46	91	70	70	78	309	3	6	2	3	0	0	1	0	1	0	1	0	0	0	0	0	0	0	0	0	0
CP017039.1	5p	-	47	70	74	67	75	286	1	6	2	3	0	2	0	0	0	0	1	0	0	0	0	0	0	0	0	0	0
CP017039.1	5p	-	48	56	72	77	54	259	1	4	1	0	0	2	1	1	1	0	2	0	0	0	0	0	0	0	0	0	0
CP017039.1	5p	-	49	64	68	50	58	240	0	3	1	0	0	0	0	2	0	0	0	1	0	0	0	1	0	0	0	0	0
CP017039.1	5p	-	50	49	58	57	53	217	2	3	0	1	1	0	0	0	0	0	0	0	0	0	0	0	0	0	0	0	0
CP017039.1	5p	-	51	47	47	62	47	203	2	3	1	0	0	0	1	0	0	0	0	1	0	0	0	0	0	0	0	0	0
CP017039.1	5p	-	52	44	63	32	52	191	0	2	2	0	0	0	0	0	0	0	0	1	0	0	0	0	0	0	0	0	0
CP017039.1	5p	-	53	46	47	32	49	174	0	1	4	1	0	1	0	0	0	0	0	0	0	0	0	0	0	0	0	0	0
CP017039.1	5p	-	54	33	50	41	40	164	0	3	0	0	1	0	1	1	0	0	0	0	0	0	0	0	0	0	0	0	0
CP017039.1	5p	-	55	39	41	41	34	155	0	2	0	0	0	0	0	0	0	0	0	0	0	0	1	0	0	0	0	0	0
CP017039.1	5p	-	56	34	41	40	30	145	0	1	0	0	1	0	0	0	0	0	0	1	0	0	0	0	0	0	0	0	0
CP017039.1	5p	-	57	26	42	36	27	131	0	2	2	0	0	0	0	1	0	0	1	0	0	0	0	0	0	0	0	0	0
CP017039.1	5p	-	58	34	31	42	20	127	0	1	0	0	0	0	0	0	0	0	0	0	0	0	0	0	0	0	0	0	0
CP017039.1	5p	-	59	24	31	24	34	113	0	0	0	2	0	0	0	0	0	0	0	0	0	0	0	0	0	0	0	0	0
CP017039.1	5p	-	60	28	30	18	27	103	0	2	1	0	0	0	0	0	0	1	0	0	0	0	0	0	0	0	0	0	0
CP017039.1	5p	-	61	27	21	19	19	86	0	0	1	0	0	0	0	0	0	0	0	1	0	0	0	0	0	0	0	0	0
CP017039.1	5p	-	62	21	27	17	14	79	1	1	0	0	1	0	0	0	0	0	0	0	0	0	0	0	0	0	0	0	0
CP017039.1	5p	-	63	14	23	21	16	74	0	2	0	0	0	0	0	0	0	0	0	0	0	0	0	0	0	0	0	0	0
CP017039.1	5p	-	64	21	10	20	18	69	0	0	0	0	0	0	0	0	0	0	0	0	0	0	0	0	0	0	0	0	0
CP017039.1	5p	-	65	21	15	12	15	63	0	3	0	0	0	1	0	0	0	0	0	0	0	0	0	0	0	0	0	0	0
CP017039.1	5p	-	66	10	6	19	19	54	1	1	0	0	0	0	0	0	0	0	0	0	0	0	0	0	0	0	0	0	0
CP017039.1	5p	-	67	12	13	14	10	49	1	1	0	0	0	0	0	0	0	0	0	0	0	0	0	0	0	0	0	0	0
CP017039.1	5p	-	68	13	11	7	16	47	0	0	0	0	0	0	0	0	1	0	0	0	0	0	0	0	0	0	0	0	0
CP017039.1	5p	-	69	15	6	10	14	45	1	0	0	1	0	0	0	0	0	0	0	0	0	1	0	0	0	0	0	0	0
CP017039.1	5p	-	70	11	10	13	6	40	1	1	0	0	0	0	0	0	0	0	0	1	0	0	0	1	0	0	0	0	0
