# table produced by mapDamage version 2.2.3
# using mapped file /mnt/archgen/microbiome_calculus/library_ds_vs_ss/04-analysis/normalize_kraken/mapping/neisseria_elongata/out/PES001.B0101.SG1.3_5M.mapped_n_elongata_q25l30_rmdup.bam and /mnt/archgen/microbiome_calculus/library_ds_vs_ss/04-analysis/normalize_kraken/mapping/neisseria_elongata/input/GCF_900453895.1_42925_E01_genomic.fna as reference file
# Chr: reference from sam/bam header, End: from which termini of DNA sequences, Std: strand of reads
Chr	End	Std	Pos	A	C	G	T	Total	G>A	C>T	A>G	T>C	A>C	A>T	C>G	C>A	T>G	T>A	G>C	G>T	A>-	T>-	C>-	G>-	->A	->T	->C	->G	S
NZ_UGQW01000001.1	3p	+	1	34	32	59	20	145	23	1	1	1	0	0	0	0	0	0	0	0	0	0	0	0	0	0	0	0	0
NZ_UGQW01000001.1	3p	+	2	32	47	37	29	145	8	3	0	2	0	0	2	0	0	0	0	1	0	0	0	0	0	0	0	0	0
NZ_UGQW01000001.1	3p	+	3	33	42	45	25	145	5	1	1	2	0	0	0	0	0	0	0	0	0	0	0	0	0	0	0	0	0
NZ_UGQW01000001.1	3p	+	4	34	38	42	31	145	3	1	2	1	0	0	0	0	0	0	0	0	0	0	0	0	0	0	0	0	0
NZ_UGQW01000001.1	3p	+	5	34	40	37	34	145	2	1	1	0	0	0	0	0	1	0	0	0	0	0	0	0	0	0	0	0	0
NZ_UGQW01000001.1	3p	+	6	36	43	34	32	145	4	0	0	2	1	0	1	0	1	0	0	0	0	0	0	0	0	0	0	0	0
NZ_UGQW01000001.1	3p	+	7	43	43	28	31	145	0	2	0	0	0	1	0	0	1	0	0	0	0	0	0	0	0	0	0	0	0
NZ_UGQW01000001.1	3p	+	8	37	36	46	26	145	4	2	0	1	0	0	1	0	0	0	0	0	0	0	0	0	0	0	0	0	0
NZ_UGQW01000001.1	3p	+	9	32	46	36	31	145	2	0	1	2	0	0	0	0	0	0	1	0	0	0	0	0	0	0	0	0	0
NZ_UGQW01000001.1	3p	+	10	39	39	36	31	145	4	1	0	2	1	0	1	0	0	0	1	1	0	0	0	0	0	0	0	0	0
NZ_UGQW01000001.1	3p	+	11	29	45	44	27	145	2	2	0	2	0	0	0	0	0	0	1	0	0	0	0	0	0	0	0	0	0
NZ_UGQW01000001.1	3p	+	12	20	48	42	35	145	0	1	0	0	0	0	0	0	2	0	0	0	0	0	0	0	0	0	0	0	0
NZ_UGQW01000001.1	3p	+	13	31	35	46	33	145	1	1	2	1	0	0	0	0	0	0	0	0	0	0	0	0	0	0	0	0	0
NZ_UGQW01000001.1	3p	+	14	33	36	42	34	145	1	0	1	1	0	0	0	0	1	0	1	0	0	0	0	0	0	0	0	0	0
NZ_UGQW01000001.1	3p	+	15	25	44	51	25	145	3	1	0	3	0	0	0	0	0	0	0	0	0	0	0	0	0	0	0	0	0
NZ_UGQW01000001.1	3p	+	16	32	46	37	30	145	5	1	0	0	0	0	0	2	0	0	0	1	0	0	0	0	0	0	0	0	0
NZ_UGQW01000001.1	3p	+	17	25	40	39	41	145	2	0	0	0	0	0	0	0	0	0	0	0	0	0	0	0	0	0	0	0	0
NZ_UGQW01000001.1	3p	+	18	31	41	44	29	145	1	1	1	0	1	0	0	0	0	0	0	0	0	0	0	0	0	0	0	0	0
NZ_UGQW01000001.1	3p	+	19	33	47	39	26	145	2	0	0	1	2	0	1	0	0	0	0	0	0	0	0	0	0	0	0	0	0
NZ_UGQW01000001.1	3p	+	20	17	46	39	43	145	1	0	0	0	0	0	0	1	0	0	0	0	0	0	0	0	0	0	0	0	0
NZ_UGQW01000001.1	3p	+	21	27	40	47	31	145	2	1	2	1	0	0	0	0	0	0	0	0	0	0	0	0	0	0	0	0	0
NZ_UGQW01000001.1	3p	+	22	23	44	42	36	145	0	4	2	2	0	0	0	0	0	0	0	0	0	0	0	0	0	0	0	0	0
NZ_UGQW01000001.1	3p	+	23	26	39	48	32	145	2	0	1	1	0	0	1	0	0	0	1	0	0	0	0	0	0	0	0	0	0
NZ_UGQW01000001.1	3p	+	24	32	44	35	34	145	0	2	2	1	1	0	0	0	0	0	0	0	0	0	0	0	0	0	0	0	0
NZ_UGQW01000001.1	3p	+	25	32	50	34	29	145	1	2	0	0	0	0	0	0	0	0	0	0	0	0	0	0	0	0	0	0	0
NZ_UGQW01000001.1	3p	+	26	37	42	36	30	145	0	2	2	1	1	0	0	0	0	0	0	0	0	0	0	0	0	0	0	0	0
NZ_UGQW01000001.1	3p	+	27	29	48	36	32	145	4	1	1	0	0	0	1	0	0	0	0	0	0	0	0	0	0	0	0	0	0
NZ_UGQW01000001.1	3p	+	28	35	47	42	21	145	1	1	0	1	0	0	0	1	0	0	0	0	0	0	0	0	0	0	0	0	0
NZ_UGQW01000001.1	3p	+	29	27	44	50	24	145	3	1	0	2	0	0	0	1	2	0	0	0	0	0	0	0	0	0	0	0	0
NZ_UGQW01000001.1	3p	+	30	22	49	46	28	145	3	2	0	2	0	0	0	0	0	0	0	0	0	0	0	0	0	0	0	0	0
NZ_UGQW01000001.1	3p	+	31	34	39	38	29	140	2	0	0	1	0	0	0	1	0	0	0	1	0	0	0	0	0	0	0	0	0
NZ_UGQW01000001.1	3p	+	32	34	36	40	27	137	2	3	1	0	0	0	0	0	1	0	0	0	0	0	0	0	0	0	0	0	0
NZ_UGQW01000001.1	3p	+	33	30	43	38	23	134	1	4	1	0	0	0	2	0	0	0	0	0	0	0	0	0	0	0	0	0	0
NZ_UGQW01000001.1	3p	+	34	27	41	33	26	127	1	5	0	0	0	0	0	1	0	0	0	0	0	0	0	0	0	0	0	0	0
NZ_UGQW01000001.1	3p	+	35	25	37	28	29	119	1	3	1	1	0	0	0	0	0	1	0	1	0	0	0	0	0	0	0	0	0
NZ_UGQW01000001.1	3p	+	36	26	33	27	28	114	1	0	0	1	0	0	0	0	0	0	0	0	0	0	0	0	0	0	0	0	0
NZ_UGQW01000001.1	3p	+	37	28	27	37	17	109	4	1	0	1	0	0	0	0	0	0	0	0	0	0	0	0	0	0	0	0	0
NZ_UGQW01000001.1	3p	+	38	17	36	28	25	106	1	2	1	0	0	0	0	0	0	0	0	0	0	0	0	0	0	0	0	0	0
NZ_UGQW01000001.1	3p	+	39	13	41	29	18	101	0	1	0	2	0	1	0	0	0	0	0	0	0	0	0	0	0	0	0	0	0
NZ_UGQW01000001.1	3p	+	40	15	28	26	27	96	1	1	1	2	0	0	0	0	0	0	0	0	0	0	0	0	0	0	0	0	0
NZ_UGQW01000001.1	3p	+	41	23	19	29	20	91	2	2	0	1	1	0	0	0	0	0	0	0	0	0	0	0	0	0	0	0	0
NZ_UGQW01000001.1	3p	+	42	25	25	23	13	86	0	2	1	0	0	0	0	0	0	0	1	1	0	0	0	0	0	0	0	0	0
NZ_UGQW01000001.1	3p	+	43	21	32	20	11	84	1	1	0	0	0	0	0	0	0	0	0	0	0	0	0	0	0	0	0	0	0
NZ_UGQW01000001.1	3p	+	44	15	20	31	14	80	1	2	0	0	0	0	0	0	0	0	0	0	0	0	0	0	0	0	0	0	0
NZ_UGQW01000001.1	3p	+	45	13	23	22	18	76	3	4	1	0	0	0	0	0	0	0	0	0	0	0	0	0	0	0	0	0	0
NZ_UGQW01000001.1	3p	+	46	17	19	24	12	72	0	0	0	1	0	0	0	0	0	0	0	0	0	0	0	0	0	0	0	0	0
NZ_UGQW01000001.1	3p	+	47	16	21	19	13	69	0	3	1	1	1	0	0	0	0	0	0	0	0	0	0	0	0	0	0	0	0
NZ_UGQW01000001.1	3p	+	48	11	19	22	14	66	0	2	0	0	0	0	0	0	0	0	0	0	0	0	0	0	0	0	0	0	0
NZ_UGQW01000001.1	3p	+	49	13	19	16	14	62	0	0	0	0	0	0	0	0	0	0	0	0	0	0	0	0	0	0	0	0	0
NZ_UGQW01000001.1	3p	+	50	11	17	17	15	60	2	2	0	2	0	0	0	1	0	0	0	0	0	0	0	0	0	0	0	0	0
NZ_UGQW01000001.1	3p	+	51	14	13	18	14	59	3	0	0	0	0	0	0	0	0	0	0	0	0	0	0	0	0	0	0	0	0
NZ_UGQW01000001.1	3p	+	52	19	18	11	10	58	0	0	0	0	0	1	0	0	0	0	0	0	0	1	0	0	0	0	0	0	0
NZ_UGQW01000001.1	3p	+	53	14	21	12	9	56	0	3	0	0	0	0	0	0	0	0	0	0	0	1	0	0	0	0	0	0	0
NZ_UGQW01000001.1	3p	+	54	12	13	18	9	52	0	0	0	1	0	0	0	0	0	0	0	0	0	0	0	0	0	0	0	0	0
NZ_UGQW01000001.1	3p	+	55	11	18	18	5	52	0	0	0	0	0	0	0	0	0	0	1	0	0	0	0	0	0	0	0	0	0
NZ_UGQW01000001.1	3p	+	56	5	25	11	9	50	0	4	0	0	0	0	0	0	0	0	0	0	0	0	0	0	0	0	0	0	0
NZ_UGQW01000001.1	3p	+	57	9	15	12	8	44	0	3	0	1	0	0	0	0	0	0	0	0	0	0	0	0	0	0	0	0	0
NZ_UGQW01000001.1	3p	+	58	5	14	13	9	41	0	1	0	1	0	0	0	0	0	0	0	0	0	0	0	0	0	0	0	0	0
NZ_UGQW01000001.1	3p	+	59	8	5	16	10	39	0	0	0	0	0	0	0	0	0	0	0	0	0	0	0	0	0	0	0	0	0
NZ_UGQW01000001.1	3p	+	60	9	10	8	11	38	0	1	0	0	0	0	0	0	0	0	0	0	0	0	0	0	0	0	0	0	0
NZ_UGQW01000001.1	3p	+	61	9	9	10	8	36	0	1	0	2	0	0	0	0	0	0	0	0	0	0	0	0	0	0	0	0	0
NZ_UGQW01000001.1	3p	+	62	6	9	12	6	33	0	0	0	0	0	0	0	0	0	0	0	0	0	0	0	0	0	0	0	0	0
NZ_UGQW01000001.1	3p	+	63	2	8	10	12	32	0	0	0	0	0	0	0	0	0	0	0	0	0	0	0	0	0	0	0	0	0
NZ_UGQW01000001.1	3p	+	64	4	9	7	11	31	0	1	0	2	0	0	0	0	0	0	1	0	0	0	0	0	0	0	0	0	0
NZ_UGQW01000001.1	3p	+	65	3	13	9	3	28	0	2	0	0	0	0	0	0	0	0	0	0	0	0	0	0	0	0	0	0	0
NZ_UGQW01000001.1	3p	+	66	3	5	12	7	27	0	0	0	1	0	0	0	0	0	0	0	0	0	0	0	0	0	0	0	0	0
NZ_UGQW01000001.1	3p	+	67	5	9	5	8	27	1	2	0	0	0	0	0	0	0	0	0	0	0	0	0	0	0	0	0	0	0
NZ_UGQW01000001.1	3p	+	68	6	8	8	3	25	2	0	0	0	0	0	0	0	0	0	0	0	0	0	0	0	0	0	0	0	0
NZ_UGQW01000001.1	3p	+	69	8	9	6	2	25	0	0	0	0	0	0	0	0	0	0	0	0	0	0	0	0	0	0	0	0	0
NZ_UGQW01000001.1	3p	+	70	7	8	6	4	25	0	1	0	0	0	0	0	0	0	0	0	0	0	0	0	0	0	0	0	0	0
NZ_UGQW01000001.1	3p	-	1	39	24	50	18	131	21	0	2	1	0	0	0	1	0	0	0	0	0	0	0	0	0	0	0	0	0
NZ_UGQW01000001.1	3p	-	2	39	36	25	31	131	3	0	1	0	0	0	0	0	1	0	1	0	0	0	0	0	0	0	0	0	0
NZ_UGQW01000001.1	3p	-	3	26	43	38	24	131	7	1	2	0	0	0	0	0	0	0	0	0	0	0	0	0	0	0	0	0	0
NZ_UGQW01000001.1	3p	-	4	27	35	33	36	131	2	2	0	1	0	0	1	0	0	0	0	0	0	0	0	0	0	0	0	0	0
NZ_UGQW01000001.1	3p	-	5	22	46	39	24	131	3	1	0	0	1	0	0	0	0	0	0	0	0	0	0	0	0	0	0	0	0
NZ_UGQW01000001.1	3p	-	6	29	36	39	27	131	6	0	2	1	0	0	0	0	1	0	0	1	0	0	0	0	0	0	0	0	0
NZ_UGQW01000001.1	3p	-	7	32	35	37	27	131	2	0	0	2	0	0	0	1	0	0	0	0	0	0	0	0	0	0	0	0	0
NZ_UGQW01000001.1	3p	-	8	36	34	35	26	131	1	1	4	0	0	0	0	1	0	0	0	0	0	0	0	0	0	0	0	0	0
NZ_UGQW01000001.1	3p	-	9	27	45	34	25	131	1	1	1	1	0	0	1	1	0	0	0	0	0	0	0	0	0	0	0	0	0
NZ_UGQW01000001.1	3p	-	10	35	27	33	36	131	0	1	1	0	0	0	0	0	0	0	0	0	0	0	0	0	0	0	0	0	0
NZ_UGQW01000001.1	3p	-	11	33	41	25	32	131	1	1	1	2	0	0	1	1	0	0	0	0	0	0	0	0	0	0	0	0	0
NZ_UGQW01000001.1	3p	-	12	22	45	45	19	131	0	2	0	0	0	0	0	0	0	0	1	0	0	0	0	0	0	0	0	0	0
NZ_UGQW01000001.1	3p	-	13	17	44	37	33	131	0	0	0	0	0	0	0	0	1	0	0	0	0	0	0	0	0	0	0	0	0
NZ_UGQW01000001.1	3p	-	14	29	37	35	30	131	1	2	0	0	0	0	0	0	1	0	1	0	0	0	0	0	0	0	0	0	0
NZ_UGQW01000001.1	3p	-	15	25	48	37	21	131	2	0	0	2	0	0	0	1	0	0	0	0	0	0	0	0	0	0	0	0	0
NZ_UGQW01000001.1	3p	-	16	38	37	33	23	131	0	1	1	3	0	0	0	0	0	0	0	0	0	0	0	0	0	0	0	0	0
NZ_UGQW01000001.1	3p	-	17	29	38	41	23	131	0	0	1	0	1	0	1	1	1	0	0	1	0	1	0	0	0	0	0	0	0
NZ_UGQW01000001.1	3p	-	18	26	50	43	12	131	0	1	0	0	0	0	0	1	0	0	0	0	0	0	0	0	0	0	0	0	0
NZ_UGQW01000001.1	3p	-	19	22	33	49	27	131	0	1	0	0	0	0	0	0	0	0	1	1	0	1	0	0	0	0	0	0	0
NZ_UGQW01000001.1	3p	-	20	31	36	41	22	130	1	0	0	0	0	0	0	0	0	0	1	2	0	0	0	0	0	0	1	0	0
NZ_UGQW01000001.1	3p	-	21	21	43	36	31	131	1	1	0	0	0	0	0	0	0	0	0	0	0	0	0	0	0	0	0	0	0
NZ_UGQW01000001.1	3p	-	22	24	36	32	39	131	2	0	1	0	0	0	0	0	0	0	0	0	0	0	0	0	0	0	0	0	0
NZ_UGQW01000001.1	3p	-	23	27	31	41	32	131	2	1	1	1	0	0	0	0	0	0	1	0	0	0	0	0	0	0	0	0	0
NZ_UGQW01000001.1	3p	-	24	23	38	34	36	131	2	1	0	2	0	0	0	2	0	0	0	1	0	0	1	0	0	0	0	0	0
NZ_UGQW01000001.1	3p	-	25	27	42	31	31	131	0	2	1	0	0	0	0	0	1	0	0	0	0	0	0	0	0	0	0	0	0
NZ_UGQW01000001.1	3p	-	26	36	38	34	23	131	2	0	3	2	0	0	0	0	0	0	0	0	0	0	0	0	0	0	0	0	0
NZ_UGQW01000001.1	3p	-	27	25	33	45	28	131	2	1	0	1	0	0	1	1	0	0	0	0	0	0	0	0	0	0	0	0	0
NZ_UGQW01000001.1	3p	-	28	35	32	35	29	131	0	2	1	1	0	0	0	0	0	0	0	0	0	0	0	0	0	0	0	0	0
NZ_UGQW01000001.1	3p	-	29	34	40	35	22	131	1	0	0	1	0	0	0	0	0	0	0	0	0	0	0	0	0	0	0	0	0
NZ_UGQW01000001.1	3p	-	30	35	31	35	30	131	0	2	0	1	0	1	0	0	0	0	0	0	0	0	0	0	0	0	0	0	0
NZ_UGQW01000001.1	3p	-	31	27	31	38	29	125	1	3	1	1	0	0	0	0	0	0	0	0	0	0	0	0	0	0	0	0	0
NZ_UGQW01000001.1	3p	-	32	21	31	44	28	124	1	2	3	2	0	0	0	0	0	0	0	0	0	0	0	0	0	0	0	0	0
NZ_UGQW01000001.1	3p	-	33	20	36	36	25	117	1	1	0	2	1	0	0	0	0	0	0	0	0	0	0	0	0	0	0	0	0
NZ_UGQW01000001.1	3p	-	34	22	31	33	23	109	0	0	1	0	0	0	0	0	0	0	1	0	0	0	0	0	0	0	0	0	0
NZ_UGQW01000001.1	3p	-	35	22	30	30	24	106	1	2	3	0	0	0	0	0	0	0	0	0	0	0	0	0	0	0	0	0	0
NZ_UGQW01000001.1	3p	-	36	20	32	30	19	101	1	4	0	0	0	0	0	0	0	0	1	0	0	0	0	0	0	0	0	0	0
NZ_UGQW01000001.1	3p	-	37	22	30	21	23	96	1	0	1	0	0	0	0	0	0	0	0	0	0	0	0	0	0	0	0	0	0
NZ_UGQW01000001.1	3p	-	38	25	21	31	18	95	0	2	0	1	0	0	0	0	0	0	0	0	0	0	0	0	0	0	0	0	0
NZ_UGQW01000001.1	3p	-	39	18	34	21	20	93	0	2	0	0	0	0	2	0	0	0	0	0	0	0	0	0	0	0	0	0	0
NZ_UGQW01000001.1	3p	-	40	19	24	22	24	89	0	1	0	1	0	0	0	0	0	0	0	0	0	0	0	0	0	0	0	0	0
NZ_UGQW01000001.1	3p	-	41	23	22	24	17	86	0	2	2	0	0	0	0	0	0	0	0	0	0	0	0	0	0	0	0	0	0
NZ_UGQW01000001.1	3p	-	42	15	31	20	17	83	2	2	1	0	1	0	0	1	0	0	0	1	0	0	0	0	0	0	0	0	0
NZ_UGQW01000001.1	3p	-	43	15	15	31	18	79	2	2	0	1	0	0	0	1	0	0	0	0	0	0	0	0	0	0	0	0	0
NZ_UGQW01000001.1	3p	-	44	18	24	19	14	75	1	2	1	1	1	0	0	0	0	0	0	0	0	0	0	0	0	0	0	0	0
NZ_UGQW01000001.1	3p	-	45	15	25	18	12	70	0	1	0	0	0	0	0	1	0	0	0	0	0	0	0	0	0	0	0	0	0
NZ_UGQW01000001.1	3p	-	46	18	19	18	12	67	0	1	0	0	0	0	0	0	0	0	0	0	0	0	0	0	0	0	0	0	0
NZ_UGQW01000001.1	3p	-	47	6	23	22	13	64	0	0	0	0	0	0	0	0	1	0	0	0	0	0	0	0	0	0	0	0	0
NZ_UGQW01000001.1	3p	-	48	13	17	17	14	61	0	2	0	0	0	0	0	0	0	0	0	1	0	0	0	0	0	0	0	0	0
NZ_UGQW01000001.1	3p	-	49	20	19	9	11	59	0	1	0	1	0	0	0	0	0	0	0	0	0	0	0	0	0	0	0	0	0
NZ_UGQW01000001.1	3p	-	50	17	24	13	2	56	1	1	0	0	0	0	0	0	0	0	0	0	0	0	0	0	0	0	0	0	0
NZ_UGQW01000001.1	3p	-	51	17	17	11	3	48	0	0	1	0	0	0	0	1	0	0	0	0	0	0	0	0	0	0	0	0	0
NZ_UGQW01000001.1	3p	-	52	13	15	12	6	46	1	0	1	1	0	0	0	0	0	0	0	0	0	0	0	0	0	0	0	0	0
NZ_UGQW01000001.1	3p	-	53	8	13	12	10	43	0	1	1	0	0	0	0	0	0	0	0	0	0	0	0	0	0	0	0	0	0
NZ_UGQW01000001.1	3p	-	54	9	14	9	9	41	0	1	0	1	0	0	0	0	0	0	0	0	0	0	0	0	0	0	0	0	0
NZ_UGQW01000001.1	3p	-	55	7	15	11	6	39	0	0	0	0	0	0	0	0	0	0	0	0	0	0	0	0	0	0	0	0	0
NZ_UGQW01000001.1	3p	-	56	3	17	11	7	38	0	0	0	0	0	0	0	0	0	0	0	0	0	0	0	0	0	0	0	0	0
NZ_UGQW01000001.1	3p	-	57	10	8	14	6	38	0	1	0	0	0	0	0	0	0	0	0	0	0	0	0	0	0	0	0	0	0
NZ_UGQW01000001.1	3p	-	58	10	13	9	6	38	0	0	1	1	0	0	0	0	0	0	0	0	0	0	0	0	0	0	0	0	0
NZ_UGQW01000001.1	3p	-	59	13	11	6	7	37	0	0	2	2	0	0	0	0	0	0	0	0	0	0	0	0	0	0	0	0	0
NZ_UGQW01000001.1	3p	-	60	10	9	8	8	35	0	1	0	0	0	0	0	0	0	0	0	0	0	0	0	0	0	0	0	0	0
NZ_UGQW01000001.1	3p	-	61	10	10	8	7	35	0	0	0	0	0	0	0	1	0	0	0	0	0	0	0	0	0	0	0	0	0
NZ_UGQW01000001.1	3p	-	62	9	6	11	7	33	1	0	0	0	0	0	1	0	0	0	0	0	0	0	0	0	0	0	0	0	0
NZ_UGQW01000001.1	3p	-	63	13	11	4	4	32	0	0	1	0	0	0	0	0	0	0	0	0	0	0	0	0	0	0	0	0	0
NZ_UGQW01000001.1	3p	-	64	7	4	15	5	31	0	0	0	0	0	0	0	0	0	0	0	0	0	0	0	0	0	0	0	0	0
NZ_UGQW01000001.1	3p	-	65	8	6	11	5	30	0	0	0	0	0	0	0	0	0	0	0	0	0	0	0	0	0	0	0	0	0
NZ_UGQW01000001.1	3p	-	66	3	16	8	3	30	0	0	0	0	0	0	0	0	0	0	0	0	0	0	0	0	0	0	0	0	0
NZ_UGQW01000001.1	3p	-	67	5	8	10	6	29	0	0	0	0	0	0	0	0	0	0	0	0	0	0	0	0	0	0	0	0	0
NZ_UGQW01000001.1	3p	-	68	3	7	12	7	29	0	1	0	1	0	0	0	0	0	0	0	0	0	0	0	0	0	0	0	0	0
NZ_UGQW01000001.1	3p	-	69	9	4	9	6	28	0	0	0	0	0	0	0	0	0	0	0	0	0	0	0	0	0	0	0	0	0
NZ_UGQW01000001.1	3p	-	70	6	6	10	5	27	0	0	0	0	0	0	0	0	0	0	0	0	0	0	0	0	0	0	0	0	0
NZ_UGQW01000001.1	5p	+	1	25	53	27	40	145	3	21	1	1	0	0	0	0	0	0	0	0	0	0	0	0	0	0	0	0	0
NZ_UGQW01000001.1	5p	+	2	37	31	50	27	145	1	5	1	0	0	1	0	1	0	1	0	0	0	0	0	0	0	0	0	0	0
NZ_UGQW01000001.1	5p	+	3	33	49	41	22	145	2	7	1	2	0	0	0	0	0	0	0	0	0	0	0	0	0	0	0	0	0
NZ_UGQW01000001.1	5p	+	4	35	46	34	29	144	1	3	1	2	0	0	0	0	0	0	2	0	0	0	0	0	0	1	0	0	0
NZ_UGQW01000001.1	5p	+	5	23	48	45	29	145	2	1	0	0	0	0	0	0	0	0	0	0	0	0	0	0	0	0	0	0	0
NZ_UGQW01000001.1	5p	+	6	30	35	47	33	145	0	1	0	1	0	0	0	0	1	0	0	0	0	0	0	0	0	0	0	0	0
NZ_UGQW01000001.1	5p	+	7	27	42	43	33	145	2	2	1	2	0	0	0	1	1	0	0	0	0	0	0	0	0	0	0	0	0
NZ_UGQW01000001.1	5p	+	8	27	45	37	36	145	0	1	1	1	0	0	0	0	0	0	0	0	0	0	0	0	0	0	0	0	0
NZ_UGQW01000001.1	5p	+	9	29	50	42	24	145	0	1	0	2	1	0	0	0	0	0	0	1	0	0	0	0	0	0	0	0	0
NZ_UGQW01000001.1	5p	+	10	32	45	41	27	145	0	1	1	2	0	0	0	0	0	0	0	1	0	0	0	0	0	0	0	0	0
NZ_UGQW01000001.1	5p	+	11	22	49	45	29	145	1	3	0	2	0	0	0	0	0	0	1	0	0	0	0	0	0	0	0	0	0
NZ_UGQW01000001.1	5p	+	12	31	33	43	38	145	1	1	0	2	0	0	0	0	0	0	0	0	0	0	0	0	0	0	0	0	0
NZ_UGQW01000001.1	5p	+	13	33	39	38	35	145	2	0	0	0	1	0	1	0	0	0	0	0	0	0	0	0	0	0	0	0	0
NZ_UGQW01000001.1	5p	+	14	33	43	33	36	145	2	2	0	1	0	0	0	1	0	0	0	0	0	0	0	0	0	0	0	0	0
NZ_UGQW01000001.1	5p	+	15	22	44	44	35	145	1	3	0	2	0	0	0	0	0	0	0	0	0	0	0	0	0	0	0	0	0
NZ_UGQW01000001.1	5p	+	16	26	47	42	30	145	2	0	1	2	0	0	0	0	0	0	0	0	0	0	0	0	0	0	0	0	0
NZ_UGQW01000001.1	5p	+	17	25	52	47	21	145	0	3	0	1	0	0	1	0	0	0	0	1	0	0	0	0	0	0	0	0	0
NZ_UGQW01000001.1	5p	+	18	24	38	54	29	145	1	0	1	1	1	0	0	0	0	0	0	0	0	0	0	0	0	0	0	0	0
NZ_UGQW01000001.1	5p	+	19	23	51	43	28	145	1	4	0	0	0	0	0	0	0	0	0	0	0	0	0	0	0	0	0	0	0
NZ_UGQW01000001.1	5p	+	20	24	54	44	23	145	2	1	0	1	0	0	0	0	1	0	0	0	0	0	0	0	0	0	0	0	0
NZ_UGQW01000001.1	5p	+	21	35	39	44	27	145	2	1	1	1	0	0	0	0	0	0	1	0	0	0	0	0	0	0	0	0	0
NZ_UGQW01000001.1	5p	+	22	24	43	41	37	145	4	0	0	0	0	0	0	0	1	0	0	0	0	0	0	0	0	0	0	0	0
NZ_UGQW01000001.1	5p	+	23	23	47	37	38	145	3	1	0	2	1	0	0	0	0	0	0	0	0	0	0	0	0	0	0	0	0
NZ_UGQW01000001.1	5p	+	24	32	42	46	25	145	1	1	1	1	1	0	1	0	0	0	0	0	0	0	0	0	0	0	0	0	0
NZ_UGQW01000001.1	5p	+	25	27	37	50	31	145	1	1	0	2	1	0	1	1	0	0	0	0	0	0	0	0	0	0	0	0	0
NZ_UGQW01000001.1	5p	+	26	32	49	35	29	145	0	3	0	3	0	0	0	0	0	0	0	0	0	0	0	0	0	0	0	0	0
NZ_UGQW01000001.1	5p	+	27	30	43	42	30	145	1	1	1	0	0	0	0	0	0	0	0	2	0	0	0	0	0	0	0	0	0
NZ_UGQW01000001.1	5p	+	28	48	42	34	21	145	0	0	1	0	0	0	2	1	0	0	0	0	0	0	0	0	0	0	0	0	0
NZ_UGQW01000001.1	5p	+	29	33	44	32	36	145	3	3	0	1	0	0	0	0	0	0	0	0	0	0	0	0	0	0	0	0	0
NZ_UGQW01000001.1	5p	+	30	34	26	43	42	145	6	1	1	1	0	0	0	0	1	0	0	0	0	0	0	0	0	0	0	0	0
NZ_UGQW01000001.1	5p	+	31	30	39	37	34	140	6	3	0	1	0	0	0	0	1	0	0	0	0	0	0	0	0	0	0	0	0
NZ_UGQW01000001.1	5p	+	32	24	40	38	35	137	3	0	0	1	0	0	0	1	0	0	0	0	0	0	0	0	0	0	0	0	0
NZ_UGQW01000001.1	5p	+	33	28	42	39	25	134	5	2	1	0	0	0	0	0	0	0	0	0	0	0	0	0	0	0	0	0	0
NZ_UGQW01000001.1	5p	+	34	27	34	38	28	127	4	2	1	0	0	0	0	0	0	0	0	0	0	0	0	0	0	0	0	0	0
NZ_UGQW01000001.1	5p	+	35	31	34	32	22	119	2	1	1	0	1	0	0	0	0	0	0	0	0	0	0	0	0	0	0	0	0
NZ_UGQW01000001.1	5p	+	36	24	32	36	22	114	2	0	0	1	0	0	1	1	1	0	0	1	0	0	0	0	0	0	0	0	0
NZ_UGQW01000001.1	5p	+	37	26	36	29	18	109	2	2	0	0	0	0	0	0	1	0	1	0	0	0	0	0	0	0	0	0	0
NZ_UGQW01000001.1	5p	+	38	33	33	29	11	106	3	3	0	0	0	0	0	0	0	0	0	0	0	0	0	0	0	0	0	0	0
NZ_UGQW01000001.1	5p	+	39	24	28	37	12	101	3	0	1	0	0	0	0	0	0	0	0	0	0	0	0	0	0	0	0	0	0
NZ_UGQW01000001.1	5p	+	40	25	30	27	14	96	2	0	1	0	1	0	1	0	0	0	0	0	0	0	0	0	0	0	0	0	0
NZ_UGQW01000001.1	5p	+	41	22	32	23	14	91	3	2	2	1	0	0	0	0	0	0	0	0	0	0	0	0	0	0	0	0	0
NZ_UGQW01000001.1	5p	+	42	22	21	21	22	86	2	1	0	1	0	0	0	0	1	0	0	0	0	0	0	0	0	0	0	0	0
NZ_UGQW01000001.1	5p	+	43	16	24	24	20	84	0	0	2	0	0	0	0	0	0	0	0	0	0	0	0	0	0	0	0	0	0
NZ_UGQW01000001.1	5p	+	44	16	25	21	18	80	2	1	0	0	0	0	0	0	0	0	1	0	0	0	0	0	0	0	0	0	0
NZ_UGQW01000001.1	5p	+	45	10	24	25	17	76	2	0	1	0	0	0	0	0	0	0	0	0	0	0	0	0	0	0	0	0	0
NZ_UGQW01000001.1	5p	+	46	16	25	18	13	72	2	0	0	0	0	0	0	0	0	0	0	0	0	0	0	0	0	0	0	0	0
NZ_UGQW01000001.1	5p	+	47	18	22	19	10	69	2	0	0	1	0	1	0	0	0	0	0	0	0	0	0	0	0	0	0	0	0
NZ_UGQW01000001.1	5p	+	48	20	15	21	10	66	1	0	0	0	0	0	0	0	0	0	0	1	0	0	0	0	0	0	0	0	0
NZ_UGQW01000001.1	5p	+	49	15	26	11	10	62	3	1	0	2	0	0	0	0	0	0	0	0	0	0	0	0	0	0	0	0	0
NZ_UGQW01000001.1	5p	+	50	13	13	25	9	60	2	0	0	1	0	0	0	0	0	0	0	0	0	0	0	0	0	0	0	0	0
NZ_UGQW01000001.1	5p	+	51	11	21	14	13	59	2	0	0	0	0	0	0	0	0	0	0	0	0	0	0	0	0	0	0	0	0
NZ_UGQW01000001.1	5p	+	52	16	21	9	12	58	0	0	0	0	0	0	0	0	0	0	1	0	0	0	0	0	0	0	0	0	0
NZ_UGQW01000001.1	5p	+	53	11	18	16	11	56	1	1	0	0	0	0	0	0	0	0	0	0	0	0	0	0	0	0	0	0	0
NZ_UGQW01000001.1	5p	+	54	15	10	17	10	52	0	0	0	0	0	0	0	0	0	0	0	0	0	0	0	0	0	0	0	0	0
NZ_UGQW01000001.1	5p	+	55	15	11	11	15	52	2	0	1	0	0	0	0	0	0	0	0	0	0	0	0	0	0	0	0	0	0
NZ_UGQW01000001.1	5p	+	56	8	13	19	10	50	0	0	1	1	0	0	0	0	0	0	0	0	0	0	0	0	0	0	0	0	0
NZ_UGQW01000001.1	5p	+	57	17	8	10	9	44	1	0	0	0	0	0	0	0	0	0	0	0	0	0	0	0	0	0	0	0	0
NZ_UGQW01000001.1	5p	+	58	11	10	9	11	41	2	0	0	0	0	0	0	0	0	0	0	0	0	0	0	0	0	0	0	0	0
NZ_UGQW01000001.1	5p	+	59	6	10	13	10	39	1	0	0	1	0	0	0	1	0	0	0	0	0	0	0	0	0	0	0	0	0
NZ_UGQW01000001.1	5p	+	60	9	13	9	7	38	0	1	0	0	0	0	0	0	0	0	0	0	0	0	0	0	0	0	0	0	0
NZ_UGQW01000001.1	5p	+	61	10	12	9	5	36	1	1	0	0	0	0	1	0	0	0	0	0	0	0	0	0	0	0	0	0	0
NZ_UGQW01000001.1	5p	+	62	9	9	12	3	33	0	0	2	0	0	0	0	0	0	0	0	0	0	0	0	0	0	0	0	0	0
NZ_UGQW01000001.1	5p	+	63	6	7	13	6	32	1	0	0	1	0	0	0	0	0	0	0	0	0	0	0	0	0	0	0	0	0
NZ_UGQW01000001.1	5p	+	64	5	10	7	9	31	0	0	0	0	0	0	0	0	0	0	0	0	0	0	0	0	0	0	0	0	0
NZ_UGQW01000001.1	5p	+	65	3	9	7	9	28	0	1	0	0	0	0	0	0	0	0	0	0	0	0	0	0	0	0	0	0	0
NZ_UGQW01000001.1	5p	+	66	4	5	11	7	27	0	0	0	0	0	0	0	0	0	0	0	0	0	0	0	0	0	0	0	0	0
NZ_UGQW01000001.1	5p	+	67	2	11	7	7	27	0	1	0	0	0	0	0	0	0	0	0	0	0	0	0	0	0	0	0	0	0
NZ_UGQW01000001.1	5p	+	68	6	6	7	6	25	1	0	1	0	0	0	0	0	0	0	0	0	0	0	0	0	0	0	0	0	0
NZ_UGQW01000001.1	5p	+	69	6	6	6	7	25	0	0	0	0	0	0	0	0	0	0	0	0	0	0	0	0	0	0	0	0	0
NZ_UGQW01000001.1	5p	+	70	7	7	4	7	25	0	1	0	1	0	0	0	0	0	0	0	0	0	0	0	0	0	0	0	0	0
NZ_UGQW01000001.1	5p	-	1	23	50	21	37	131	0	15	1	0	0	1	0	1	0	0	0	0	0	0	0	0	0	0	0	0	0
NZ_UGQW01000001.1	5p	-	2	35	29	31	36	131	1	3	3	2	1	1	0	0	0	0	0	1	0	0	0	0	0	0	0	0	0
NZ_UGQW01000001.1	5p	-	3	29	34	47	21	131	2	3	0	2	0	0	0	0	0	0	0	0	0	0	0	0	0	0	0	0	0
NZ_UGQW01000001.1	5p	-	4	28	43	37	23	131	0	2	1	0	0	0	1	0	0	0	1	0	0	0	0	0	0	0	0	0	0
NZ_UGQW01000001.1	5p	-	5	33	29	34	35	131	0	2	1	0	0	0	0	0	0	0	0	0	0	0	0	0	0	0	0	0	0
NZ_UGQW01000001.1	5p	-	6	26	38	41	26	131	0	2	0	0	0	0	0	0	1	0	0	0	0	0	0	0	0	0	0	0	0
NZ_UGQW01000001.1	5p	-	7	19	43	44	25	131	1	1	0	0	0	0	0	1	0	0	0	0	0	0	0	0	0	0	0	0	0
NZ_UGQW01000001.1	5p	-	8	30	36	42	23	131	2	0	2	2	0	0	0	0	0	0	0	0	0	0	0	0	0	0	0	0	0
NZ_UGQW01000001.1	5p	-	9	14	46	42	29	131	0	2	0	0	0	0	0	0	0	0	0	0	0	0	0	0	0	0	0	0	0
NZ_UGQW01000001.1	5p	-	10	27	40	39	25	131	1	2	0	0	0	0	0	1	0	0	1	0	0	0	1	0	0	0	0	0	0
NZ_UGQW01000001.1	5p	-	11	46	30	27	28	131	0	3	2	1	1	0	1	0	0	0	0	0	0	0	0	0	0	0	0	0	0
NZ_UGQW01000001.1	5p	-	12	36	36	35	24	131	2	2	1	0	0	0	0	0	1	0	1	0	0	0	0	0	0	0	0	0	0
NZ_UGQW01000001.1	5p	-	13	26	37	37	30	130	1	0	0	1	0	0	0	0	0	0	0	0	0	0	0	0	0	0	1	0	0
NZ_UGQW01000001.1	5p	-	14	28	40	38	25	131	0	1	1	1	0	0	0	0	0	0	0	0	0	0	0	0	0	0	0	0	0
NZ_UGQW01000001.1	5p	-	15	41	33	26	31	131	1	2	1	1	0	0	0	1	0	0	0	0	0	1	0	0	0	0	0	0	0
NZ_UGQW01000001.1	5p	-	16	25	36	39	31	131	0	0	1	3	0	0	0	1	0	0	0	0	0	1	0	0	0	0	0	0	0
NZ_UGQW01000001.1	5p	-	17	30	35	41	25	131	1	0	0	0	0	0	1	0	0	0	0	0	0	0	0	0	0	0	0	0	0
NZ_UGQW01000001.1	5p	-	18	26	38	37	30	131	2	0	0	1	0	0	0	0	0	0	1	0	0	0	0	0	0	0	0	0	0
NZ_UGQW01000001.1	5p	-	19	26	41	35	29	131	1	1	0	0	0	0	0	0	1	0	0	0	0	0	0	0	0	0	0	0	0
NZ_UGQW01000001.1	5p	-	20	29	32	45	25	131	1	0	1	2	0	0	0	0	0	0	0	0	0	0	0	0	0	0	0	0	0
NZ_UGQW01000001.1	5p	-	21	31	44	41	15	131	2	1	1	1	0	0	1	0	0	0	1	0	0	0	0	0	0	0	0	0	0
NZ_UGQW01000001.1	5p	-	22	25	44	38	24	131	0	2	2	0	0	0	0	1	0	0	0	0	0	0	0	0	0	0	0	0	0
NZ_UGQW01000001.1	5p	-	23	27	40	40	24	131	1	1	0	0	0	0	0	0	0	0	0	1	0	0	0	0	0	0	0	0	0
NZ_UGQW01000001.1	5p	-	24	23	36	36	36	131	0	1	1	1	0	0	0	0	1	0	0	0	0	0	0	0	0	0	0	0	0
NZ_UGQW01000001.1	5p	-	25	24	43	40	24	131	0	1	1	1	0	0	0	0	0	0	1	0	0	0	0	0	0	0	0	0	0
NZ_UGQW01000001.1	5p	-	26	33	35	40	23	131	0	0	1	1	0	0	1	1	0	0	0	0	0	0	0	0	0	0	0	0	0
NZ_UGQW01000001.1	5p	-	27	36	41	36	18	131	0	0	2	1	0	0	0	0	0	0	0	0	0	0	0	0	0	0	0	0	0
NZ_UGQW01000001.1	5p	-	28	18	53	40	20	131	1	0	1	1	0	0	0	1	0	0	0	0	0	0	0	0	0	0	0	0	0
NZ_UGQW01000001.1	5p	-	29	39	37	34	21	131	3	1	1	0	1	0	1	0	0	0	0	1	0	0	0	0	0	0	0	0	0
NZ_UGQW01000001.1	5p	-	30	27	32	38	34	131	4	1	1	1	0	0	0	0	0	0	0	0	0	0	0	0	0	0	0	0	0
NZ_UGQW01000001.1	5p	-	31	28	38	25	34	125	1	1	0	1	0	0	0	0	0	0	0	0	0	0	0	0	0	0	0	0	0
NZ_UGQW01000001.1	5p	-	32	22	33	36	33	124	2	1	2	1	0	0	0	1	0	0	0	0	0	0	0	0	0	0	0	0	0
NZ_UGQW01000001.1	5p	-	33	25	37	35	20	117	1	2	4	1	0	0	0	0	0	0	0	0	0	0	0	0	0	0	0	0	0
NZ_UGQW01000001.1	5p	-	34	25	31	32	21	109	1	3	2	2	0	0	0	0	0	0	0	0	0	0	0	0	0	0	0	0	0
NZ_UGQW01000001.1	5p	-	35	17	36	32	21	106	4	0	4	1	0	0	0	1	0	0	0	0	0	0	0	0	0	0	0	0	0
NZ_UGQW01000001.1	5p	-	36	25	32	23	21	101	0	1	0	2	1	0	0	0	0	0	0	1	0	0	0	0	0	0	0	0	0
NZ_UGQW01000001.1	5p	-	37	23	29	25	19	96	2	0	0	0	0	0	0	0	0	0	1	0	0	0	0	0	0	0	0	0	0
NZ_UGQW01000001.1	5p	-	38	17	31	28	19	95	0	2	0	0	0	0	0	0	0	0	0	0	0	0	0	0	0	0	0	0	0
NZ_UGQW01000001.1	5p	-	39	23	28	23	19	93	3	0	0	0	0	0	0	0	0	0	0	0	0	0	0	0	0	0	0	0	0
NZ_UGQW01000001.1	5p	-	40	22	21	20	26	89	3	0	2	0	0	0	0	0	0	0	0	0	0	0	0	0	0	0	0	0	0
NZ_UGQW01000001.1	5p	-	41	20	27	23	16	86	2	0	0	0	0	0	0	0	0	0	0	0	0	0	0	0	0	0	0	0	0
NZ_UGQW01000001.1	5p	-	42	19	27	24	13	83	2	0	0	0	0	0	0	1	0	0	0	0	0	0	0	0	0	0	0	0	0
NZ_UGQW01000001.1	5p	-	43	15	22	25	17	79	0	1	0	0	0	0	0	0	0	0	1	0	0	0	0	0	0	0	0	0	0
NZ_UGQW01000001.1	5p	-	44	23	19	21	12	75	2	1	1	0	0	0	0	1	0	0	0	0	0	0	0	0	0	0	0	0	0
NZ_UGQW01000001.1	5p	-	45	16	19	23	12	70	0	0	0	0	0	0	0	0	0	0	0	0	0	0	0	0	0	0	0	0	0
NZ_UGQW01000001.1	5p	-	46	12	19	20	16	67	1	1	0	1	0	0	0	0	0	0	0	0	0	0	0	0	0	0	0	0	0
NZ_UGQW01000001.1	5p	-	47	14	21	19	10	64	2	0	0	0	0	0	0	0	0	0	0	0	0	0	0	0	0	0	0	0	0
NZ_UGQW01000001.1	5p	-	48	10	17	20	14	61	2	0	1	1	0	0	0	0	1	0	0	0	0	0	0	0	0	0	0	0	0
NZ_UGQW01000001.1	5p	-	49	17	19	9	14	59	0	0	0	0	0	0	0	0	0	0	0	0	0	0	0	0	0	0	0	0	0
NZ_UGQW01000001.1	5p	-	50	14	16	15	11	56	1	1	1	1	0	0	1	0	0	0	0	0	0	0	0	0	0	0	0	0	0
NZ_UGQW01000001.1	5p	-	51	10	12	16	10	48	1	0	1	1	0	0	0	0	0	0	0	0	0	0	0	0	0	0	0	0	0
NZ_UGQW01000001.1	5p	-	52	12	15	12	7	46	2	0	0	0	0	0	0	0	0	0	0	0	0	0	0	0	0	0	0	0	0
NZ_UGQW01000001.1	5p	-	53	11	16	11	5	43	0	2	0	0	0	0	0	0	0	0	0	0	0	0	0	0	0	0	0	0	0
NZ_UGQW01000001.1	5p	-	54	12	9	14	6	41	0	0	0	0	0	0	0	0	1	0	0	0	0	0	0	0	0	0	0	0	0
NZ_UGQW01000001.1	5p	-	55	7	11	10	11	39	1	0	1	1	0	0	0	1	0	0	0	1	0	0	0	0	0	0	0	0	0
NZ_UGQW01000001.1	5p	-	56	8	14	11	5	38	0	0	1	0	0	0	0	0	1	0	0	0	0	0	0	0	0	0	0	0	0
NZ_UGQW01000001.1	5p	-	57	10	8	13	7	38	0	0	0	0	0	0	0	0	0	0	0	0	0	0	0	0	0	0	0	0	0
NZ_UGQW01000001.1	5p	-	58	7	16	11	4	38	1	1	0	0	0	0	0	0	0	0	0	0	0	0	0	0	0	0	0	0	0
NZ_UGQW01000001.1	5p	-	59	11	10	8	8	37	0	0	0	1	0	0	0	0	0	0	0	0	0	0	0	0	0	0	0	0	0
NZ_UGQW01000001.1	5p	-	60	9	6	10	10	35	0	0	0	0	0	0	0	0	0	0	0	0	0	0	0	0	0	0	0	0	0
NZ_UGQW01000001.1	5p	-	61	6	9	10	10	35	0	1	0	0	0	0	0	0	0	0	0	1	0	0	0	0	0	0	0	0	0
NZ_UGQW01000001.1	5p	-	62	7	9	11	6	33	0	0	0	0	0	0	0	0	0	0	0	0	0	0	0	0	0	0	0	0	0
NZ_UGQW01000001.1	5p	-	63	8	7	5	12	32	0	0	0	2	0	0	0	0	0	0	0	0	0	0	0	0	0	0	0	0	0
NZ_UGQW01000001.1	5p	-	64	6	10	8	7	31	1	0	0	1	0	0	0	0	0	0	0	0	0	0	0	0	0	0	0	0	0
NZ_UGQW01000001.1	5p	-	65	9	6	8	7	30	1	0	0	0	0	0	0	0	0	0	0	0	0	0	0	0	0	0	0	0	0
NZ_UGQW01000001.1	5p	-	66	15	3	8	4	30	0	0	0	0	0	0	0	0	0	0	0	0	0	0	0	0	0	0	0	0	0
NZ_UGQW01000001.1	5p	-	67	5	8	11	5	29	1	0	0	0	0	0	0	1	0	0	0	0	0	0	0	0	0	0	0	0	0
NZ_UGQW01000001.1	5p	-	68	5	8	11	5	29	0	0	0	0	0	0	0	0	0	0	0	0	0	0	0	0	0	0	0	0	0
NZ_UGQW01000001.1	5p	-	69	5	4	10	9	28	1	0	0	0	0	0	0	0	0	0	0	1	0	0	0	0	0	0	0	0	0
NZ_UGQW01000001.1	5p	-	70	6	8	6	7	27	1	0	0	0	0	0	0	0	0	0	0	0	0	0	0	0	0	0	0	0	0
NZ_UGQW01000002.1	3p	+	1	420	291	465	221	1397	184	3	3	8	1	0	3	6	0	1	2	2	0	0	0	0	0	0	0	0	0
NZ_UGQW01000002.1	3p	+	2	370	397	331	299	1397	72	13	7	9	2	1	3	3	4	0	3	2	0	0	0	0	0	0	0	0	0
NZ_UGQW01000002.1	3p	+	3	334	436	352	275	1397	44	8	10	18	0	1	5	1	3	2	4	1	0	0	0	0	0	0	0	0	0
NZ_UGQW01000002.1	3p	+	4	333	384	372	307	1396	34	11	10	6	1	1	1	7	4	2	3	1	0	0	0	0	0	0	1	0	0
NZ_UGQW01000002.1	3p	+	5	301	395	418	283	1397	37	11	8	6	1	1	2	2	4	3	2	2	0	0	0	0	0	0	0	0	0
NZ_UGQW01000002.1	3p	+	6	314	413	377	293	1397	36	7	11	11	1	2	2	3	2	1	4	1	0	0	0	0	0	0	0	0	0
NZ_UGQW01000002.1	3p	+	7	290	413	388	305	1396	20	10	4	2	3	0	0	2	1	1	1	3	0	0	0	0	0	0	1	0	0
NZ_UGQW01000002.1	3p	+	8	295	394	414	294	1397	16	14	7	9	2	1	0	1	0	0	2	2	0	0	0	0	0	0	0	0	0
NZ_UGQW01000002.1	3p	+	9	333	386	382	296	1397	9	10	11	9	1	0	1	1	3	2	2	3	0	0	0	0	0	0	0	0	0
NZ_UGQW01000002.1	3p	+	10	299	389	414	294	1396	10	10	12	7	0	0	4	1	3	1	3	3	0	0	0	0	0	1	0	0	0
NZ_UGQW01000002.1	3p	+	11	299	391	450	257	1397	12	14	6	4	1	1	1	1	3	4	1	1	0	0	0	0	0	0	0	0	0
NZ_UGQW01000002.1	3p	+	12	296	430	374	296	1396	15	14	8	16	1	0	1	6	2	2	7	1	0	0	0	0	0	0	0	1	0
NZ_UGQW01000002.1	3p	+	13	313	372	418	294	1397	15	9	8	9	2	1	1	3	3	0	3	2	0	0	0	0	0	0	0	0	0
NZ_UGQW01000002.1	3p	+	14	261	449	427	260	1397	17	7	7	11	4	0	1	0	1	1	2	3	0	0	0	0	0	0	0	0	0
NZ_UGQW01000002.1	3p	+	15	321	417	363	296	1397	11	7	7	13	0	0	2	1	3	0	0	2	0	0	0	0	0	0	0	0	0
NZ_UGQW01000002.1	3p	+	16	306	368	432	291	1397	16	5	8	7	3	1	3	3	3	0	2	0	0	0	0	0	0	0	0	0	0
NZ_UGQW01000002.1	3p	+	17	258	412	439	288	1397	13	10	10	7	1	1	3	1	1	1	2	2	0	0	0	0	0	0	0	0	0
NZ_UGQW01000002.1	3p	+	18	299	412	403	282	1396	15	12	9	12	0	1	4	5	0	0	2	5	0	0	0	0	0	1	0	0	0
NZ_UGQW01000002.1	3p	+	19	328	364	420	285	1397	14	9	6	7	3	2	1	4	1	1	3	2	0	0	0	0	0	0	0	0	0
NZ_UGQW01000002.1	3p	+	20	301	409	425	262	1397	10	15	11	6	1	0	3	4	2	0	2	3	0	0	0	0	0	0	0	0	0
NZ_UGQW01000002.1	3p	+	21	264	452	384	296	1396	14	15	7	9	0	0	5	2	1	1	4	1	0	0	0	0	0	0	1	0	0
NZ_UGQW01000002.1	3p	+	22	317	400	389	291	1397	8	7	9	11	3	0	3	0	0	0	1	3	0	0	0	0	0	0	0	0	0
NZ_UGQW01000002.1	3p	+	23	276	422	436	263	1397	16	11	6	13	2	2	4	2	4	2	3	1	0	0	0	0	0	0	0	0	0
NZ_UGQW01000002.1	3p	+	24	285	405	409	298	1397	11	11	7	5	2	0	2	4	1	0	2	3	0	0	0	0	0	0	0	0	0
NZ_UGQW01000002.1	3p	+	25	295	410	398	294	1397	9	10	7	5	1	0	2	1	0	1	3	1	0	0	0	0	0	0	0	0	0
NZ_UGQW01000002.1	3p	+	26	274	434	419	270	1397	17	10	10	10	0	0	1	1	2	0	4	2	0	0	0	0	0	0	0	0	0
NZ_UGQW01000002.1	3p	+	27	278	425	398	296	1397	11	17	9	10	2	0	5	1	0	1	3	3	0	0	0	0	0	0	0	0	0
NZ_UGQW01000002.1	3p	+	28	317	390	428	262	1397	8	20	6	6	0	1	1	3	1	2	0	2	0	0	0	0	0	0	0	0	0
NZ_UGQW01000002.1	3p	+	29	305	385	424	283	1397	11	15	9	6	2	0	4	1	0	0	5	1	0	0	0	0	0	0	0	0	0
NZ_UGQW01000002.1	3p	+	30	308	427	369	293	1397	11	23	8	9	2	1	1	4	0	1	0	1	0	0	0	1	0	0	0	0	0
NZ_UGQW01000002.1	3p	+	31	304	384	350	317	1355	7	17	4	9	1	0	2	5	2	1	1	4	0	0	0	0	0	0	0	0	0
NZ_UGQW01000002.1	3p	+	32	273	384	379	278	1314	12	22	10	8	1	0	5	1	3	0	3	2	0	0	0	0	0	0	0	0	0
NZ_UGQW01000002.1	3p	+	33	277	372	361	262	1272	12	27	5	12	3	0	1	1	0	0	3	0	0	0	0	0	0	0	0	0	0
NZ_UGQW01000002.1	3p	+	34	285	332	344	268	1229	6	21	5	4	1	0	3	3	1	0	3	2	0	0	1	1	0	0	0	0	0
NZ_UGQW01000002.1	3p	+	35	281	335	319	244	1179	12	22	10	8	4	0	2	1	1	2	2	1	0	0	0	0	0	0	0	0	0
NZ_UGQW01000002.1	3p	+	36	243	363	291	242	1139	10	21	3	3	2	2	0	4	1	1	1	4	0	0	0	0	0	0	0	0	0
NZ_UGQW01000002.1	3p	+	37	257	291	309	233	1090	7	14	7	7	2	0	0	1	0	0	2	1	0	0	0	0	1	1	0	0	0
NZ_UGQW01000002.1	3p	+	38	230	311	305	209	1055	7	21	11	5	2	0	2	3	0	1	1	1	1	0	0	0	0	1	0	0	0
NZ_UGQW01000002.1	3p	+	39	225	318	243	232	1018	6	15	9	9	0	0	2	0	0	0	1	1	1	0	0	0	0	0	0	0	0
NZ_UGQW01000002.1	3p	+	40	217	253	301	219	990	10	12	4	6	1	1	1	0	0	1	2	2	0	0	0	0	0	0	0	0	0
NZ_UGQW01000002.1	3p	+	41	199	291	264	204	958	5	19	6	5	0	0	2	0	2	0	0	4	0	0	0	0	0	0	0	0	0
NZ_UGQW01000002.1	3p	+	42	204	268	243	209	924	6	22	5	4	1	2	3	4	1	0	1	0	0	0	0	0	0	0	0	0	0
NZ_UGQW01000002.1	3p	+	43	211	253	204	199	867	9	17	6	3	0	1	0	1	4	1	2	1	0	0	0	0	0	0	0	0	0
NZ_UGQW01000002.1	3p	+	44	165	221	254	183	823	7	14	4	4	0	0	1	0	1	1	1	3	0	0	0	0	0	0	0	0	0
NZ_UGQW01000002.1	3p	+	45	169	230	216	178	793	8	17	9	6	0	0	1	2	0	0	0	1	0	0	0	0	0	0	0	0	0
NZ_UGQW01000002.1	3p	+	46	167	194	206	181	748	4	16	2	7	1	1	1	0	0	2	2	1	0	0	0	0	0	0	0	0	0
NZ_UGQW01000002.1	3p	+	47	167	203	188	161	719	3	19	7	0	1	1	2	1	1	0	1	1	0	0	0	0	0	0	0	0	0
NZ_UGQW01000002.1	3p	+	48	145	197	198	151	691	3	14	3	5	1	0	1	2	1	1	1	0	0	0	0	0	0	0	0	1	0
NZ_UGQW01000002.1	3p	+	49	163	191	155	141	650	5	11	3	1	2	1	0	2	1	0	0	0	0	0	0	0	0	0	0	0	0
NZ_UGQW01000002.1	3p	+	50	135	165	186	132	618	7	11	2	3	0	0	1	0	0	0	0	0	0	0	0	0	0	0	0	0	0
NZ_UGQW01000002.1	3p	+	51	122	179	170	130	601	6	13	2	3	1	0	0	0	0	1	0	0	0	0	0	0	0	0	0	0	0
NZ_UGQW01000002.1	3p	+	52	129	156	163	122	570	3	12	2	1	0	1	0	0	1	1	1	0	0	0	0	0	0	0	0	0	0
NZ_UGQW01000002.1	3p	+	53	116	171	152	112	551	3	11	4	5	0	1	0	1	0	0	0	1	0	0	1	0	0	0	0	0	0
NZ_UGQW01000002.1	3p	+	54	113	168	125	128	534	2	16	0	2	1	0	0	1	0	0	2	2	0	0	0	0	0	0	0	0	0
NZ_UGQW01000002.1	3p	+	55	92	146	141	128	507	3	10	1	1	2	0	0	0	0	1	1	1	0	0	0	0	0	0	0	0	0
NZ_UGQW01000002.1	3p	+	56	110	124	139	109	482	2	12	1	2	0	0	1	0	1	1	0	0	0	0	0	0	0	0	0	0	0
NZ_UGQW01000002.1	3p	+	57	95	137	121	111	464	3	8	1	3	0	0	0	0	0	0	0	1	0	0	0	0	0	0	0	0	0
NZ_UGQW01000002.1	3p	+	58	111	114	126	91	442	2	10	2	0	0	1	1	0	0	0	0	5	0	0	0	0	0	0	0	0	0
NZ_UGQW01000002.1	3p	+	59	83	116	135	89	423	4	9	1	3	0	0	0	0	0	1	0	2	0	0	0	0	0	0	0	0	0
NZ_UGQW01000002.1	3p	+	60	82	110	121	92	405	5	12	2	1	0	0	1	0	1	0	0	0	0	0	0	0	0	0	0	0	0
NZ_UGQW01000002.1	3p	+	61	86	102	105	91	384	4	5	3	3	1	0	0	0	1	0	0	0	0	0	0	0	0	0	0	0	0
NZ_UGQW01000002.1	3p	+	62	78	98	107	85	368	5	2	5	1	1	0	0	0	0	1	0	0	0	0	0	0	0	0	0	0	0
NZ_UGQW01000002.1	3p	+	63	84	107	88	81	360	2	8	3	2	0	1	1	0	0	0	1	1	0	0	0	0	0	0	0	0	0
NZ_UGQW01000002.1	3p	+	64	89	100	91	71	351	1	6	0	0	0	0	0	0	2	0	1	2	0	0	0	0	0	0	0	0	0
NZ_UGQW01000002.1	3p	+	65	74	104	96	66	340	1	4	2	1	0	0	0	0	0	0	1	0	0	0	0	0	0	0	0	0	0
NZ_UGQW01000002.1	3p	+	66	79	80	92	71	322	1	3	1	1	1	0	0	0	0	0	0	0	0	0	0	0	1	0	0	0	0
NZ_UGQW01000002.1	3p	+	67	74	77	74	83	308	2	7	0	3	0	0	0	0	0	0	1	0	0	0	0	0	0	0	0	0	0
NZ_UGQW01000002.1	3p	+	68	67	86	70	67	290	2	8	1	4	0	0	0	0	0	0	0	0	0	0	0	0	0	0	0	0	0
NZ_UGQW01000002.1	3p	+	69	71	69	80	60	280	3	5	1	1	1	1	0	0	0	0	1	2	0	0	0	0	0	0	0	0	0
NZ_UGQW01000002.1	3p	+	70	67	79	66	62	274	1	7	0	0	0	0	1	2	1	0	0	0	0	0	0	0	0	0	0	0	0
NZ_UGQW01000002.1	3p	-	1	417	281	475	272	1445	177	10	7	5	2	2	3	8	3	4	3	4	0	0	0	0	0	0	0	0	0
NZ_UGQW01000002.1	3p	-	2	351	399	376	319	1445	70	11	5	10	2	1	1	3	0	1	3	1	0	0	0	0	0	0	0	0	0
NZ_UGQW01000002.1	3p	-	3	345	436	378	286	1445	42	7	7	6	2	1	4	4	1	0	0	1	0	0	0	0	0	0	0	0	0
NZ_UGQW01000002.1	3p	-	4	323	355	416	351	1445	37	6	4	7	1	0	1	4	1	2	3	1	0	0	0	0	0	0	0	0	0
NZ_UGQW01000002.1	3p	-	5	288	415	424	318	1445	36	12	8	10	1	2	4	2	4	0	2	4	0	0	0	0	0	0	0	0	0
NZ_UGQW01000002.1	3p	-	6	313	431	393	308	1445	26	9	5	5	0	2	3	1	1	0	2	3	0	0	0	0	0	0	0	0	0
NZ_UGQW01000002.1	3p	-	7	317	399	408	321	1445	15	11	11	7	0	0	1	7	1	2	4	2	0	0	0	0	0	0	0	0	0
NZ_UGQW01000002.1	3p	-	8	318	384	439	302	1443	16	10	9	10	2	2	2	3	3	0	3	5	0	0	0	0	0	2	0	0	0
NZ_UGQW01000002.1	3p	-	9	312	423	420	290	1445	8	14	6	13	2	2	2	3	2	0	7	0	0	0	0	0	0	0	0	0	0
NZ_UGQW01000002.1	3p	-	10	317	401	401	326	1445	11	7	6	7	2	3	5	1	2	1	2	3	0	0	0	0	0	0	0	0	0
NZ_UGQW01000002.1	3p	-	11	303	410	436	295	1444	14	14	9	9	4	2	8	3	3	0	3	4	0	0	0	0	0	0	0	1	0
NZ_UGQW01000002.1	3p	-	12	280	434	398	333	1445	13	19	8	8	1	1	2	6	3	2	3	2	0	0	1	0	0	0	0	0	0
NZ_UGQW01000002.1	3p	-	13	296	382	445	322	1445	12	11	5	9	0	2	1	2	0	1	3	1	0	0	0	0	0	0	0	0	0
NZ_UGQW01000002.1	3p	-	14	297	421	425	302	1445	12	9	5	19	0	2	3	4	2	1	1	1	0	0	0	0	0	0	0	0	0
NZ_UGQW01000002.1	3p	-	15	292	409	419	325	1445	7	12	10	10	1	0	2	3	1	1	2	3	0	0	0	1	0	0	0	0	0
NZ_UGQW01000002.1	3p	-	16	298	413	434	300	1445	19	8	6	7	0	1	1	2	1	1	1	1	0	0	0	0	0	0	0	0	0
NZ_UGQW01000002.1	3p	-	17	280	441	428	296	1445	6	8	13	15	0	1	1	3	2	2	0	0	0	0	0	0	0	0	0	0	0
NZ_UGQW01000002.1	3p	-	18	282	415	441	307	1445	13	10	7	9	1	1	0	2	3	0	4	4	0	0	0	0	0	0	0	0	0
NZ_UGQW01000002.1	3p	-	19	294	433	424	294	1445	20	18	9	9	3	1	1	1	1	1	2	4	0	0	0	0	0	0	0	0	0
NZ_UGQW01000002.1	3p	-	20	275	392	481	297	1445	22	14	10	8	5	2	0	0	1	1	2	7	0	0	0	0	0	0	0	0	0
NZ_UGQW01000002.1	3p	-	21	303	427	391	323	1444	17	6	11	8	1	0	3	3	4	0	2	3	0	0	0	0	0	0	0	1	0
NZ_UGQW01000002.1	3p	-	22	303	416	413	313	1445	13	8	7	6	0	0	1	4	0	0	1	1	0	0	0	0	0	0	0	0	0
NZ_UGQW01000002.1	3p	-	23	296	416	425	307	1444	12	12	16	9	0	0	2	0	3	0	1	1	0	0	0	0	1	0	0	0	0
NZ_UGQW01000002.1	3p	-	24	321	411	403	310	1445	12	16	4	9	2	0	2	3	2	1	2	1	0	0	0	0	0	0	0	0	0
NZ_UGQW01000002.1	3p	-	25	317	411	431	286	1445	18	10	9	6	4	0	1	3	0	0	2	2	0	0	0	0	0	0	0	0	0
NZ_UGQW01000002.1	3p	-	26	273	441	456	275	1445	15	14	9	9	0	2	1	4	1	0	1	1	0	0	0	0	0	0	0	0	0
NZ_UGQW01000002.1	3p	-	27	295	444	393	313	1445	10	6	7	7	2	0	1	3	1	1	5	3	0	0	0	0	0	0	0	0	0
NZ_UGQW01000002.1	3p	-	28	311	401	431	302	1445	10	13	10	17	6	0	2	2	0	0	2	3	0	0	0	1	0	0	0	0	0
NZ_UGQW01000002.1	3p	-	29	268	407	447	323	1445	10	23	10	7	4	0	7	1	1	2	4	7	0	0	0	0	0	0	0	0	0
NZ_UGQW01000002.1	3p	-	30	282	462	371	330	1445	10	29	11	7	1	2	4	1	1	0	1	3	0	0	0	0	0	0	0	0	0
NZ_UGQW01000002.1	3p	-	31	313	391	396	300	1400	11	22	17	8	1	0	3	4	2	0	0	1	0	0	0	0	0	0	0	0	0
NZ_UGQW01000002.1	3p	-	32	270	377	447	269	1363	19	18	7	18	4	2	3	3	3	0	2	0	0	0	0	0	0	0	0	0	0
NZ_UGQW01000002.1	3p	-	33	289	396	361	279	1325	8	17	7	11	3	1	2	0	3	0	0	1	0	0	1	0	0	0	0	0	0
NZ_UGQW01000002.1	3p	-	34	281	378	361	273	1293	6	15	7	10	0	1	0	1	0	0	1	2	0	0	0	0	0	0	0	0	0
NZ_UGQW01000002.1	3p	-	35	271	359	361	249	1240	12	29	14	12	2	0	2	4	0	1	0	5	0	0	0	0	0	0	1	0	0
NZ_UGQW01000002.1	3p	-	36	247	362	315	272	1196	7	27	5	5	2	1	3	0	2	0	3	2	0	0	0	0	0	0	0	1	0
NZ_UGQW01000002.1	3p	-	37	245	324	334	261	1164	6	14	5	9	1	1	1	1	2	1	4	1	0	0	0	0	0	0	0	0	0
NZ_UGQW01000002.1	3p	-	38	224	315	364	219	1122	7	27	10	4	1	0	3	2	0	0	0	3	0	0	0	0	0	0	0	0	0
NZ_UGQW01000002.1	3p	-	39	223	332	290	240	1085	6	22	3	5	3	0	4	1	1	1	0	2	0	0	0	0	0	0	0	0	0
NZ_UGQW01000002.1	3p	-	40	213	289	280	255	1037	8	24	7	5	2	1	1	3	1	2	0	3	0	0	0	0	0	0	0	0	0
NZ_UGQW01000002.1	3p	-	41	213	276	289	222	1000	7	13	11	5	2	2	2	1	1	2	2	0	0	0	0	0	0	1	0	0	0
NZ_UGQW01000002.1	3p	-	42	217	291	260	198	966	13	32	5	6	1	1	1	1	0	1	0	2	0	0	0	0	0	0	0	0	0
NZ_UGQW01000002.1	3p	-	43	204	248	253	207	912	5	14	2	2	1	0	0	1	1	0	1	0	0	1	0	0	0	0	0	0	0
NZ_UGQW01000002.1	3p	-	44	186	255	236	177	854	9	11	7	6	0	1	2	0	2	0	1	1	0	0	0	0	0	0	0	0	0
NZ_UGQW01000002.1	3p	-	45	174	266	206	168	814	6	10	5	2	0	0	0	0	1	0	1	1	0	0	0	0	0	0	0	0	0
NZ_UGQW01000002.1	3p	-	46	164	207	212	194	777	4	18	3	7	1	0	1	1	0	0	0	2	0	0	0	0	0	0	0	0	0
NZ_UGQW01000002.1	3p	-	47	147	220	213	166	746	1	17	4	7	1	2	1	1	0	0	0	2	0	0	0	0	0	0	0	0	0
NZ_UGQW01000002.1	3p	-	48	148	218	179	171	716	7	18	3	5	2	1	2	0	0	0	0	0	0	0	0	0	0	0	0	0	0
NZ_UGQW01000002.1	3p	-	49	149	182	190	166	687	5	15	2	1	0	0	2	0	2	0	0	2	0	0	0	0	0	0	0	0	0
NZ_UGQW01000002.1	3p	-	50	130	202	175	151	658	10	13	2	6	0	0	0	0	2	0	0	2	0	0	0	0	0	0	0	0	0
NZ_UGQW01000002.1	3p	-	51	125	183	160	165	633	7	16	3	8	0	1	1	0	0	0	0	0	0	0	0	0	0	0	0	0	0
NZ_UGQW01000002.1	3p	-	52	128	153	157	162	600	6	11	4	0	2	0	0	1	0	0	0	1	0	0	0	0	0	0	0	0	0
NZ_UGQW01000002.1	3p	-	53	124	148	178	118	568	3	12	1	3	0	1	0	0	1	2	0	2	0	0	0	0	0	0	0	0	0
NZ_UGQW01000002.1	3p	-	54	117	156	138	132	543	5	10	5	2	1	0	1	0	0	0	1	4	0	0	0	0	0	0	0	0	0
NZ_UGQW01000002.1	3p	-	55	119	145	144	111	519	4	19	4	0	0	0	1	0	1	0	0	0	0	0	0	0	0	0	0	0	0
NZ_UGQW01000002.1	3p	-	56	106	131	142	118	497	3	10	4	3	0	0	0	0	0	0	1	1	0	0	0	0	0	0	0	0	0
NZ_UGQW01000002.1	3p	-	57	88	153	134	105	480	3	14	5	3	1	0	2	0	1	0	0	0	0	0	0	0	0	1	0	0	0
NZ_UGQW01000002.1	3p	-	58	106	126	115	113	460	2	7	4	1	0	0	0	0	0	0	1	0	0	0	0	0	0	0	0	0	0
NZ_UGQW01000002.1	3p	-	59	100	116	126	96	438	6	5	3	6	0	0	0	1	0	0	0	2	0	0	0	0	0	0	0	0	0
NZ_UGQW01000002.1	3p	-	60	81	103	132	101	417	1	5	4	3	0	0	1	1	0	0	2	0	0	0	0	0	0	0	0	0	0
NZ_UGQW01000002.1	3p	-	61	83	110	108	92	393	4	11	1	2	0	0	0	0	1	0	1	3	0	0	0	0	0	0	0	0	0
NZ_UGQW01000002.1	3p	-	62	83	107	100	85	375	4	7	3	2	0	0	0	0	0	0	1	1	0	0	0	0	0	0	0	0	0
NZ_UGQW01000002.1	3p	-	63	86	111	85	75	357	2	5	4	1	1	0	1	2	0	0	1	0	0	0	0	0	0	0	0	0	0
NZ_UGQW01000002.1	3p	-	64	74	91	98	79	342	3	6	1	1	0	0	0	0	0	0	0	0	0	0	0	0	0	0	0	0	0
NZ_UGQW01000002.1	3p	-	65	82	88	86	74	330	2	11	3	1	0	0	0	1	0	0	0	1	0	0	0	0	0	0	0	0	0
NZ_UGQW01000002.1	3p	-	66	69	103	81	65	318	3	12	1	1	0	0	0	0	0	1	0	1	0	0	0	0	0	0	0	0	0
NZ_UGQW01000002.1	3p	-	67	58	102	68	76	304	1	7	2	4	0	0	0	0	0	0	0	1	0	0	0	0	0	0	0	0	0
NZ_UGQW01000002.1	3p	-	68	53	71	81	81	286	1	2	3	2	1	0	1	0	0	0	0	1	0	0	0	0	0	0	0	0	0
NZ_UGQW01000002.1	3p	-	69	68	72	78	63	281	1	9	1	3	0	0	1	0	0	0	0	0	0	0	0	0	0	0	0	0	0
NZ_UGQW01000002.1	3p	-	70	52	81	65	69	267	3	9	0	2	0	0	0	0	1	0	0	0	0	0	0	0	0	0	0	0	0
NZ_UGQW01000002.1	5p	+	1	214	474	245	464	1397	11	182	8	6	1	3	2	4	2	2	1	6	0	0	0	0	0	0	0	0	1
NZ_UGQW01000002.1	5p	+	2	306	378	397	316	1397	10	69	8	6	1	1	2	4	1	2	3	1	0	0	0	0	0	0	0	0	1
NZ_UGQW01000002.1	5p	+	3	305	371	431	290	1397	8	32	4	6	2	4	4	5	3	2	4	4	0	0	0	0	0	0	0	0	0
NZ_UGQW01000002.1	5p	+	4	335	402	378	282	1397	9	32	10	9	4	1	2	2	0	4	0	2	1	0	0	1	0	0	0	0	0
NZ_UGQW01000002.1	5p	+	5	356	424	354	263	1397	12	27	9	4	0	1	1	1	2	1	5	5	1	0	0	0	0	0	0	0	0
NZ_UGQW01000002.1	5p	+	6	335	376	386	300	1397	11	16	10	2	1	2	3	0	2	0	3	0	0	0	1	0	0	0	0	0	0
NZ_UGQW01000002.1	5p	+	7	328	383	366	320	1397	9	23	10	3	3	1	2	2	0	1	7	2	0	1	0	0	0	0	0	0	0
NZ_UGQW01000002.1	5p	+	8	315	408	376	298	1397	11	15	4	11	3	0	2	5	1	2	1	2	0	0	0	0	0	0	0	0	0
NZ_UGQW01000002.1	5p	+	9	319	370	403	304	1396	5	21	13	6	1	2	2	1	1	2	1	2	0	0	1	0	0	1	0	0	0
NZ_UGQW01000002.1	5p	+	10	303	420	385	288	1396	9	10	10	8	4	0	2	4	0	0	1	2	0	0	0	0	1	0	0	0	0
NZ_UGQW01000002.1	5p	+	11	313	415	375	293	1396	9	14	7	4	0	1	4	0	3	0	4	2	0	0	0	1	0	0	0	1	0
NZ_UGQW01000002.1	5p	+	12	318	424	392	262	1396	10	15	13	6	0	0	4	2	1	1	1	3	0	0	0	0	0	1	0	0	0
NZ_UGQW01000002.1	5p	+	13	304	405	409	278	1396	13	16	11	9	0	0	2	2	0	0	3	2	0	0	0	0	1	0	0	0	0
NZ_UGQW01000002.1	5p	+	14	285	412	424	276	1397	13	15	3	8	1	1	1	0	1	0	0	3	0	0	0	0	0	0	0	0	0
NZ_UGQW01000002.1	5p	+	15	301	373	423	300	1397	10	20	10	10	1	1	2	2	0	0	2	0	0	0	0	0	0	0	0	0	0
NZ_UGQW01000002.1	5p	+	16	275	421	404	297	1397	9	12	6	9	2	0	4	3	1	1	3	1	0	0	0	0	0	0	0	0	0
NZ_UGQW01000002.1	5p	+	17	298	393	406	300	1397	14	6	9	7	2	1	3	3	0	0	0	2	0	0	0	0	0	0	0	0	0
NZ_UGQW01000002.1	5p	+	18	306	387	389	315	1397	10	18	9	8	9	0	0	2	3	2	2	1	0	0	0	0	0	0	0	0	0
NZ_UGQW01000002.1	5p	+	19	296	425	382	294	1397	6	15	7	13	1	0	6	1	1	0	1	2	0	0	0	0	0	0	0	0	0
NZ_UGQW01000002.1	5p	+	20	303	434	394	265	1396	13	10	10	5	0	0	2	4	1	2	5	0	0	0	0	0	0	1	0	0	0
NZ_UGQW01000002.1	5p	+	21	314	384	420	279	1397	4	14	12	8	0	0	4	0	4	0	4	2	0	0	0	0	0	0	0	0	0
NZ_UGQW01000002.1	5p	+	22	333	424	372	268	1397	8	15	7	7	2	0	1	3	3	2	4	2	0	0	0	0	0	0	0	0	0
NZ_UGQW01000002.1	5p	+	23	296	420	403	278	1397	8	13	7	9	2	1	3	4	1	0	1	3	0	0	0	0	0	0	0	0	0
NZ_UGQW01000002.1	5p	+	24	296	414	412	274	1396	7	11	6	8	0	0	2	4	3	0	3	2	0	0	0	0	0	1	0	0	0
NZ_UGQW01000002.1	5p	+	25	324	393	400	280	1397	8	17	10	9	3	0	4	2	1	2	2	0	0	0	0	0	0	0	0	0	0
NZ_UGQW01000002.1	5p	+	26	295	420	392	290	1397	7	16	10	6	2	0	1	2	5	0	0	3	0	0	0	0	0	0	0	0	0
NZ_UGQW01000002.1	5p	+	27	274	417	420	286	1397	9	11	7	10	1	0	2	3	1	0	0	3	0	0	0	0	0	0	0	0	0
NZ_UGQW01000002.1	5p	+	28	287	417	375	317	1396	11	9	5	5	1	0	1	0	1	4	3	1	0	0	1	0	0	0	1	0	0
NZ_UGQW01000002.1	5p	+	29	279	413	397	308	1397	18	13	7	14	1	1	2	1	3	0	4	1	0	0	0	0	0	0	0	0	0
NZ_UGQW01000002.1	5p	+	30	293	389	417	298	1397	20	15	4	3	0	1	2	2	2	0	4	5	0	0	0	0	0	0	0	0	0
NZ_UGQW01000002.1	5p	+	31	279	395	371	310	1355	18	7	9	10	1	1	1	1	1	2	1	1	0	0	0	0	0	0	0	0	0
NZ_UGQW01000002.1	5p	+	32	287	376	401	250	1314	19	15	8	10	1	1	2	2	2	0	2	3	0	0	0	0	0	0	0	0	0
NZ_UGQW01000002.1	5p	+	33	274	349	380	269	1272	27	5	8	12	3	1	1	2	0	0	0	2	0	0	0	0	0	0	0	0	0
NZ_UGQW01000002.1	5p	+	34	269	367	343	250	1229	23	12	9	6	2	0	4	3	3	2	4	2	0	0	0	0	0	0	0	0	0
NZ_UGQW01000002.1	5p	+	35	239	359	354	227	1179	25	15	5	7	1	0	1	2	1	0	2	1	0	0	0	0	0	0	0	0	0
NZ_UGQW01000002.1	5p	+	36	263	301	315	260	1139	21	9	6	12	0	1	1	0	1	0	1	0	0	0	0	0	0	0	0	0	0
NZ_UGQW01000002.1	5p	+	37	218	312	316	246	1092	11	7	6	5	0	0	0	2	0	1	7	2	0	0	0	0	0	0	0	0	0
NZ_UGQW01000002.1	5p	+	38	254	274	321	207	1056	26	6	7	4	2	0	0	2	2	1	1	6	0	0	0	0	0	0	0	0	0
NZ_UGQW01000002.1	5p	+	39	207	306	284	220	1017	14	8	5	8	1	0	0	1	1	1	0	3	0	0	0	0	0	0	1	0	0
NZ_UGQW01000002.1	5p	+	40	220	293	273	204	990	11	13	5	8	2	1	2	1	0	0	1	1	0	0	0	0	0	0	0	0	0
NZ_UGQW01000002.1	5p	+	41	225	278	272	183	958	17	7	8	3	4	0	3	0	1	0	2	2	0	0	0	0	0	0	0	0	0
NZ_UGQW01000002.1	5p	+	42	222	252	271	179	924	23	6	8	4	3	0	0	0	2	1	2	4	0	0	0	0	0	0	0	0	0
NZ_UGQW01000002.1	5p	+	43	210	228	231	198	867	17	3	5	6	0	0	1	1	1	1	1	0	0	0	0	0	0	0	0	0	0
NZ_UGQW01000002.1	5p	+	44	176	236	221	190	823	17	4	1	10	0	1	3	2	0	0	1	1	0	0	0	0	0	0	0	0	0
NZ_UGQW01000002.1	5p	+	45	181	200	238	174	793	25	5	6	9	1	0	2	3	1	0	1	1	0	0	0	0	0	0	0	0	0
NZ_UGQW01000002.1	5p	+	46	175	208	200	165	748	11	7	2	7	0	0	0	3	1	1	0	0	0	0	0	0	0	0	0	0	0
NZ_UGQW01000002.1	5p	+	47	161	232	184	142	719	5	8	3	3	1	0	2	1	1	0	2	0	0	0	0	0	0	0	0	0	0
NZ_UGQW01000002.1	5p	+	48	171	181	190	150	692	7	7	4	3	0	0	1	1	0	1	0	0	0	0	0	0	0	0	0	0	0
NZ_UGQW01000002.1	5p	+	49	155	176	178	141	650	11	6	5	0	0	0	0	0	1	0	0	2	0	0	0	0	0	0	0	0	0
NZ_UGQW01000002.1	5p	+	50	134	187	168	129	618	10	7	2	2	1	0	0	0	0	1	0	2	0	0	0	0	0	0	0	0	0
NZ_UGQW01000002.1	5p	+	51	136	170	162	133	601	11	4	3	5	0	0	0	1	0	1	1	2	0	0	0	0	0	0	0	0	0
NZ_UGQW01000002.1	5p	+	52	142	154	154	120	570	15	6	2	2	0	0	0	0	1	1	2	0	0	0	0	0	0	0	0	0	0
NZ_UGQW01000002.1	5p	+	53	128	166	148	109	551	9	7	2	5	0	0	1	0	0	0	1	2	0	0	0	0	0	0	0	0	0
NZ_UGQW01000002.1	5p	+	54	128	155	154	96	533	21	7	2	3	0	2	1	2	0	0	1	0	0	0	0	0	0	0	0	1	0
NZ_UGQW01000002.1	5p	+	55	115	148	139	105	507	15	3	2	5	0	0	0	2	0	1	0	0	0	0	0	0	0	0	0	0	0
NZ_UGQW01000002.1	5p	+	56	104	125	137	115	481	13	3	1	7	0	1	0	2	1	0	0	0	0	0	0	0	0	0	1	0	0
NZ_UGQW01000002.1	5p	+	57	105	118	139	102	464	12	6	6	1	0	1	0	1	1	0	0	0	0	0	0	0	0	0	0	0	0
NZ_UGQW01000002.1	5p	+	58	108	113	129	92	442	11	2	1	4	1	0	0	2	0	2	1	1	0	0	0	0	0	0	0	0	0
NZ_UGQW01000002.1	5p	+	59	106	107	117	93	423	13	4	3	2	0	0	1	0	1	0	2	1	0	0	0	0	0	0	0	0	0
NZ_UGQW01000002.1	5p	+	60	85	110	123	87	405	9	1	2	1	0	0	0	1	0	0	0	1	0	0	0	0	0	0	0	0	0
NZ_UGQW01000002.1	5p	+	61	99	99	96	90	384	6	2	3	2	0	0	0	0	0	0	1	0	0	0	0	0	0	0	0	0	0
NZ_UGQW01000002.1	5p	+	62	75	95	108	90	368	10	1	2	3	0	0	0	0	0	0	1	0	0	0	0	0	0	0	0	0	0
NZ_UGQW01000002.1	5p	+	63	79	91	105	85	360	6	3	0	3	0	1	0	0	0	1	2	0	0	0	0	0	0	0	0	0	0
NZ_UGQW01000002.1	5p	+	64	63	106	105	77	351	5	2	1	1	0	0	0	0	1	0	0	0	0	0	0	0	0	0	0	0	0
NZ_UGQW01000002.1	5p	+	65	82	102	83	73	340	7	3	1	2	2	1	0	1	1	0	1	0	0	0	0	0	0	0	0	0	0
NZ_UGQW01000002.1	5p	+	66	76	87	91	69	323	9	3	3	2	1	1	0	1	1	0	0	1	0	0	0	0	0	0	0	0	0
NZ_UGQW01000002.1	5p	+	67	77	69	89	73	308	6	1	2	1	1	0	0	0	0	0	0	1	0	0	0	0	0	0	0	0	0
NZ_UGQW01000002.1	5p	+	68	63	91	68	68	290	13	3	0	2	0	0	0	0	0	1	0	0	0	0	0	0	0	0	0	0	0
NZ_UGQW01000002.1	5p	+	69	68	72	82	58	280	5	4	1	0	0	0	0	0	0	0	0	0	0	0	0	0	0	0	0	0	0
NZ_UGQW01000002.1	5p	+	70	59	82	82	51	274	10	5	0	1	0	1	0	0	0	1	1	0	0	0	0	0	0	0	0	0	0
NZ_UGQW01000002.1	5p	-	1	247	489	289	420	1445	7	200	12	10	2	4	2	1	1	0	1	5	0	0	0	0	0	0	0	0	0
NZ_UGQW01000002.1	5p	-	2	337	375	384	349	1445	14	63	7	10	2	0	4	3	1	0	2	2	0	0	0	0	0	0	0	0	0
NZ_UGQW01000002.1	5p	-	3	313	371	435	326	1445	11	38	5	10	2	0	2	1	3	1	5	2	0	0	0	0	0	0	0	0	0
NZ_UGQW01000002.1	5p	-	4	376	391	362	315	1444	11	33	14	9	3	1	3	0	3	1	2	4	0	0	0	0	0	0	0	1	0
NZ_UGQW01000002.1	5p	-	5	312	404	407	321	1444	12	25	9	4	5	1	2	3	1	2	2	1	0	0	0	0	0	0	1	0	0
NZ_UGQW01000002.1	5p	-	6	293	405	438	309	1445	9	26	13	10	2	2	1	0	2	0	0	4	0	0	0	0	0	0	0	0	0
NZ_UGQW01000002.1	5p	-	7	308	417	393	327	1445	3	15	7	7	4	0	3	1	1	0	3	2	0	0	0	0	0	0	0	0	0
NZ_UGQW01000002.1	5p	-	8	278	428	436	303	1445	10	20	6	7	2	0	2	2	2	2	2	5	0	0	0	0	0	0	0	0	0
NZ_UGQW01000002.1	5p	-	9	284	409	426	325	1444	9	14	9	12	0	0	3	2	1	0	2	3	0	0	0	0	1	0	0	0	0
NZ_UGQW01000002.1	5p	-	10	303	396	387	359	1445	13	13	12	13	1	0	4	1	2	1	3	4	0	0	0	0	0	0	0	0	0
NZ_UGQW01000002.1	5p	-	11	308	433	436	267	1444	10	23	9	8	1	2	2	0	0	1	0	2	0	0	0	0	0	1	0	0	0
NZ_UGQW01000002.1	5p	-	12	321	420	383	321	1445	7	14	19	11	4	1	1	1	1	0	2	3	0	0	0	0	0	0	0	0	0
NZ_UGQW01000002.1	5p	-	13	305	408	417	315	1445	11	19	7	8	5	0	2	2	0	0	3	4	0	0	0	0	0	0	0	0	0
NZ_UGQW01000002.1	5p	-	14	306	403	422	314	1445	3	15	12	10	1	1	2	4	2	0	3	5	0	0	0	0	0	0	0	0	0
NZ_UGQW01000002.1	5p	-	15	291	434	425	295	1445	9	16	12	8	0	0	1	0	0	0	2	2	0	0	0	0	0	0	0	0	0
NZ_UGQW01000002.1	5p	-	16	293	443	407	302	1445	10	20	10	6	1	0	1	2	1	0	3	4	0	0	0	0	0	0	0	0	0
NZ_UGQW01000002.1	5p	-	17	281	419	450	295	1445	12	15	11	11	0	1	0	1	2	0	3	3	0	0	0	0	0	0	0	0	0
NZ_UGQW01000002.1	5p	-	18	282	447	434	282	1445	9	17	7	11	1	0	4	1	0	0	2	4	0	0	0	0	0	0	0	0	0
NZ_UGQW01000002.1	5p	-	19	290	465	387	303	1445	8	17	6	9	1	0	2	3	3	0	0	2	0	0	0	1	0	0	0	0	0
NZ_UGQW01000002.1	5p	-	20	278	457	395	315	1445	6	11	3	10	3	0	4	1	1	0	0	1	0	0	0	0	0	0	0	0	0
NZ_UGQW01000002.1	5p	-	21	277	412	469	287	1445	16	16	13	6	2	1	1	2	1	0	4	3	0	0	0	0	0	0	0	0	0
NZ_UGQW01000002.1	5p	-	22	293	452	402	298	1445	10	13	7	11	0	0	4	3	0	0	4	1	0	0	0	0	0	0	0	0	0
NZ_UGQW01000002.1	5p	-	23	292	441	398	314	1445	11	11	6	7	2	0	2	2	2	2	1	5	0	0	0	0	0	0	0	0	0
NZ_UGQW01000002.1	5p	-	24	292	418	422	313	1445	13	19	9	9	1	1	3	0	2	0	1	3	0	0	0	0	0	0	0	0	0
NZ_UGQW01000002.1	5p	-	25	308	422	408	307	1445	15	14	7	11	1	2	0	3	1	1	0	2	0	0	0	0	0	0	0	0	0
NZ_UGQW01000002.1	5p	-	26	315	397	413	319	1444	11	10	14	9	2	1	2	2	2	2	1	4	0	0	1	0	0	1	0	0	0
NZ_UGQW01000002.1	5p	-	27	301	396	449	299	1445	11	15	9	12	1	1	5	2	2	1	1	0	0	0	0	0	0	0	0	0	0
NZ_UGQW01000002.1	5p	-	28	315	434	426	270	1445	15	9	6	8	1	1	2	4	1	0	5	0	0	0	0	0	0	0	0	0	0
NZ_UGQW01000002.1	5p	-	29	275	423	413	334	1445	22	12	5	9	3	1	4	2	3	2	5	2	0	0	0	0	0	0	0	0	0
NZ_UGQW01000002.1	5p	-	30	282	400	453	309	1444	26	15	6	12	1	5	4	3	1	1	4	2	0	0	0	0	0	1	0	0	0
NZ_UGQW01000002.1	5p	-	31	292	363	428	317	1400	24	9	3	10	2	0	2	4	0	1	1	2	0	0	0	0	0	0	0	0	0
NZ_UGQW01000002.1	5p	-	32	286	419	372	286	1363	21	10	8	8	3	1	1	4	2	1	2	2	0	0	0	0	0	0	0	0	0
NZ_UGQW01000002.1	5p	-	33	284	375	382	284	1325	23	10	9	7	3	1	5	2	1	0	2	3	0	0	0	0	0	0	0	0	0
NZ_UGQW01000002.1	5p	-	34	284	331	375	302	1292	21	11	11	11	2	1	0	2	1	1	1	3	0	0	0	0	0	0	0	1	0
NZ_UGQW01000002.1	5p	-	35	263	363	352	263	1241	21	12	3	7	0	0	3	3	4	3	2	1	0	0	0	0	0	0	0	0	0
NZ_UGQW01000002.1	5p	-	36	268	352	334	243	1197	16	12	10	11	1	1	0	2	3	0	1	3	0	0	0	0	0	0	0	0	0
NZ_UGQW01000002.1	5p	-	37	270	309	319	266	1164	14	12	5	5	3	0	2	3	1	0	1	1	0	0	0	0	0	0	0	0	0
NZ_UGQW01000002.1	5p	-	38	234	327	322	239	1122	24	11	5	4	1	0	2	0	0	2	2	0	0	0	0	0	0	0	0	0	0
NZ_UGQW01000002.1	5p	-	39	232	301	303	249	1085	23	13	8	9	0	0	2	3	0	1	1	0	0	0	0	0	0	0	0	0	0
NZ_UGQW01000002.1	5p	-	40	233	280	270	254	1037	27	12	8	2	0	1	2	3	2	0	0	0	0	0	0	0	0	0	0	0	0
NZ_UGQW01000002.1	5p	-	41	221	274	286	220	1001	23	5	4	5	0	1	2	3	2	0	1	2	0	0	0	0	0	0	0	0	0
NZ_UGQW01000002.1	5p	-	42	210	268	281	207	966	26	7	9	8	0	2	2	2	3	0	1	2	0	0	0	0	0	0	0	0	0
NZ_UGQW01000002.1	5p	-	43	217	254	252	189	912	22	4	4	2	1	0	0	1	1	1	2	2	0	0	0	0	0	0	0	0	0
NZ_UGQW01000002.1	5p	-	44	171	268	240	175	854	12	5	6	6	2	0	2	2	2	0	0	2	0	0	0	0	0	0	0	0	0
NZ_UGQW01000002.1	5p	-	45	173	214	260	167	814	11	5	5	8	1	1	2	2	1	0	1	3	0	0	0	0	0	0	0	0	0
NZ_UGQW01000002.1	5p	-	46	177	199	241	160	777	14	3	5	2	1	1	1	2	0	0	0	1	0	0	0	0	0	0	0	0	0
NZ_UGQW01000002.1	5p	-	47	163	219	202	162	746	10	6	4	8	0	0	3	0	1	0	0	3	0	0	0	0	0	0	0	0	0
NZ_UGQW01000002.1	5p	-	48	146	186	202	182	716	19	3	4	4	0	0	2	1	1	3	0	0	0	0	1	0	0	0	0	0	0
NZ_UGQW01000002.1	5p	-	49	137	201	201	148	687	9	3	3	3	2	0	0	0	0	0	2	1	0	0	0	0	0	0	0	0	0
NZ_UGQW01000002.1	5p	-	50	141	198	191	128	658	15	7	2	7	0	0	0	0	0	0	1	1	0	0	0	0	0	0	0	0	0
NZ_UGQW01000002.1	5p	-	51	147	159	192	135	633	14	4	1	4	0	1	0	2	0	0	1	2	0	0	0	0	0	0	0	0	0
NZ_UGQW01000002.1	5p	-	52	139	152	165	144	600	8	7	6	4	0	0	0	4	0	1	2	0	0	1	0	1	0	0	0	0	0
NZ_UGQW01000002.1	5p	-	53	129	160	157	122	568	11	5	3	2	1	0	0	1	1	1	0	1	0	0	0	0	0	0	0	0	0
NZ_UGQW01000002.1	5p	-	54	114	148	170	111	543	13	4	1	0	1	0	1	1	0	1	2	2	0	0	0	0	0	0	0	0	0
NZ_UGQW01000002.1	5p	-	55	118	133	150	118	519	12	4	0	2	0	0	0	1	1	1	0	1	0	0	0	0	0	0	0	0	0
NZ_UGQW01000002.1	5p	-	56	84	149	154	109	496	8	4	1	2	0	0	0	0	0	1	0	0	0	0	0	0	0	0	0	1	0
NZ_UGQW01000002.1	5p	-	57	119	124	140	98	481	7	3	5	5	1	2	0	0	1	1	0	1	0	0	0	0	0	0	0	0	0
NZ_UGQW01000002.1	5p	-	58	105	133	128	94	460	6	7	3	1	0	0	1	2	0	0	1	0	0	0	0	0	0	0	0	0	0
NZ_UGQW01000002.1	5p	-	59	94	118	131	95	438	9	2	2	7	1	0	0	1	2	0	0	0	0	0	0	0	0	0	0	0	0
NZ_UGQW01000002.1	5p	-	60	106	97	129	85	417	7	2	2	1	1	0	0	0	0	0	0	2	0	0	0	0	0	0	0	0	0
NZ_UGQW01000002.1	5p	-	61	97	111	92	93	393	6	6	0	2	0	0	0	1	0	0	0	0	0	0	0	0	0	0	0	0	0
NZ_UGQW01000002.1	5p	-	62	91	100	92	92	375	5	1	1	2	0	0	0	0	1	0	0	0	0	0	0	0	0	0	0	0	0
NZ_UGQW01000002.1	5p	-	63	77	88	121	71	357	7	3	3	2	0	0	1	0	0	0	0	0	0	0	0	0	0	0	0	0	0
NZ_UGQW01000002.1	5p	-	64	86	85	94	77	342	4	2	0	1	0	0	1	1	1	0	2	0	0	0	0	0	0	0	0	0	0
NZ_UGQW01000002.1	5p	-	65	60	100	96	74	330	6	4	3	1	0	0	0	0	0	0	0	0	0	0	0	0	0	0	0	0	0
NZ_UGQW01000002.1	5p	-	66	60	91	73	94	318	5	2	1	2	0	1	1	0	1	0	1	1	0	0	0	0	0	0	0	0	0
NZ_UGQW01000002.1	5p	-	67	58	92	81	73	304	5	0	0	5	0	0	2	0	1	0	0	1	0	0	0	0	0	0	0	0	0
NZ_UGQW01000002.1	5p	-	68	61	78	81	66	286	4	5	2	1	0	0	0	0	0	0	0	0	0	0	0	0	0	0	0	0	0
NZ_UGQW01000002.1	5p	-	69	56	94	69	61	280	3	5	2	3	1	0	0	1	0	0	0	1	0	0	0	0	0	1	0	0	0
NZ_UGQW01000002.1	5p	-	70	61	75	70	61	267	7	4	3	1	0	0	0	1	0	0	0	1	0	0	0	0	0	0	0	0	0
