# table produced by mapDamage version 2.2.3
# using mapped file /mnt/archgen/microbiome_calculus/library_ds_vs_ss/04-analysis/normalize_kraken/mapping/lautropia_mirabilis/mapDamage2_ssLibs/input/CDM019.A0102.SG1.4_5M.mapped_l_mirabilis_q25l30_rmdup.bam and /mnt/archgen/microbiome_calculus/library_ds_vs_ss/04-analysis/normalize_kraken/mapping/lautropia_mirabilis/input/GCF_900637555.1_51726_E01_genomic.fna as reference file
# Chr: reference from sam/bam header, End: from which termini of DNA sequences, Std: strand of reads
Chr	End	Std	Pos	A	C	G	T	Total	G>A	C>T	A>G	T>C	A>C	A>T	C>G	C>A	T>G	T>A	G>C	G>T	A>-	T>-	C>-	G>-	->A	->T	->C	->G	S
NZ_LR134378.1	3p	+	1	209	422	295	187	1113	8	69	1	4	0	1	11	1	3	5	11	3	0	0	0	0	0	0	0	0	0
NZ_LR134378.1	3p	+	2	237	378	368	130	1113	8	59	8	2	1	0	3	3	2	0	7	0	0	0	0	0	0	0	0	0	0
NZ_LR134378.1	3p	+	3	173	327	412	201	1113	7	39	3	5	0	2	11	0	3	0	8	0	0	0	0	0	0	0	0	0	0
NZ_LR134378.1	3p	+	4	208	340	362	203	1113	4	42	5	8	1	1	5	1	0	3	3	3	0	0	0	0	0	0	0	0	0
NZ_LR134378.1	3p	+	5	221	349	325	218	1113	10	43	0	5	3	0	2	0	0	0	4	3	0	0	0	0	0	0	0	0	0
NZ_LR134378.1	3p	+	6	205	346	370	192	1113	5	38	1	2	0	0	6	1	2	2	4	3	0	0	0	0	0	0	0	0	0
NZ_LR134378.1	3p	+	7	208	366	336	203	1113	5	27	4	8	1	0	3	1	1	1	5	1	0	0	0	0	0	0	0	0	0
NZ_LR134378.1	3p	+	8	208	375	338	191	1112	5	24	2	3	2	0	2	1	1	1	4	1	0	0	0	0	0	0	1	0	0
NZ_LR134378.1	3p	+	9	214	358	343	198	1113	6	24	6	3	0	0	4	0	1	0	3	2	0	0	0	0	0	0	0	0	0
NZ_LR134378.1	3p	+	10	187	370	356	200	1113	5	21	4	5	0	3	7	1	1	0	2	2	0	0	0	0	0	0	0	0	0
NZ_LR134378.1	3p	+	11	192	352	352	217	1113	3	11	5	8	1	0	4	2	0	0	7	3	0	1	0	0	0	0	0	0	0
NZ_LR134378.1	3p	+	12	217	356	334	206	1113	2	16	3	6	1	0	8	2	1	1	11	3	0	0	0	0	0	0	0	0	0
NZ_LR134378.1	3p	+	13	182	358	391	182	1113	4	25	4	5	1	2	4	2	2	1	6	1	0	0	0	0	0	0	0	0	0
NZ_LR134378.1	3p	+	14	207	365	324	217	1113	3	12	11	5	0	0	6	0	0	1	7	0	0	1	0	0	0	0	0	0	0
NZ_LR134378.1	3p	+	15	186	373	357	197	1113	5	15	6	3	0	0	3	2	4	0	7	2	0	0	0	0	0	0	0	0	0
NZ_LR134378.1	3p	+	16	172	391	356	193	1112	4	9	4	6	0	0	7	4	1	0	7	2	0	0	0	0	1	0	0	0	0
NZ_LR134378.1	3p	+	17	210	350	332	221	1113	5	16	8	5	2	0	3	4	1	0	7	0	0	0	0	0	0	0	0	0	0
NZ_LR134378.1	3p	+	18	183	344	382	203	1112	6	19	5	1	1	3	6	1	1	1	6	1	0	0	0	1	0	0	1	0	0
NZ_LR134378.1	3p	+	19	184	348	384	197	1113	3	17	7	5	1	1	2	0	4	2	4	2	0	0	0	1	0	0	0	0	0
NZ_LR134378.1	3p	+	20	201	364	360	188	1113	8	15	2	4	1	1	3	2	0	0	2	2	0	0	1	0	0	0	0	0	0
NZ_LR134378.1	3p	+	21	212	342	371	187	1112	5	11	2	6	2	1	7	1	1	0	7	1	0	0	0	0	0	0	0	1	0
NZ_LR134378.1	3p	+	22	184	369	350	208	1111	3	17	4	2	2	0	5	1	2	2	6	1	0	0	0	1	1	0	1	0	0
NZ_LR134378.1	3p	+	23	208	355	334	216	1113	3	21	4	6	1	0	3	1	0	0	4	2	0	0	0	0	0	0	0	0	0
NZ_LR134378.1	3p	+	24	196	345	400	172	1113	7	21	3	2	0	0	1	2	2	0	5	0	0	0	0	0	0	0	0	0	0
NZ_LR134378.1	3p	+	25	206	347	364	195	1112	2	16	5	11	0	0	6	0	1	1	7	4	0	0	0	0	0	0	1	0	0
NZ_LR134378.1	3p	+	26	210	360	337	205	1112	7	19	5	4	0	1	6	0	1	0	7	5	0	0	1	1	0	0	0	1	0
NZ_LR134378.1	3p	+	27	190	354	356	213	1113	3	17	5	4	2	0	3	0	3	0	11	1	0	0	0	1	0	0	0	0	0
NZ_LR134378.1	3p	+	28	193	337	382	200	1112	6	21	4	6	2	1	2	2	1	0	4	5	0	0	0	1	0	0	1	0	0
NZ_LR134378.1	3p	+	29	181	384	348	200	1113	4	24	5	5	1	0	7	0	1	1	7	1	0	0	1	0	0	0	0	0	0
NZ_LR134378.1	3p	+	30	215	365	347	186	1113	6	31	3	6	3	0	10	3	2	0	6	0	1	1	0	2	0	0	0	0	0
NZ_LR134378.1	3p	+	31	179	345	334	174	1032	2	30	2	2	0	1	10	2	0	0	1	4	0	0	1	1	0	0	0	0	0
NZ_LR134378.1	3p	+	32	184	317	270	180	951	4	26	3	4	1	1	5	2	1	0	0	3	0	0	1	0	0	0	0	0	0
NZ_LR134378.1	3p	+	33	176	280	292	141	889	7	16	4	4	1	0	2	1	0	0	1	1	0	0	0	0	0	0	0	0	0
NZ_LR134378.1	3p	+	34	143	291	264	144	842	4	23	3	5	0	1	1	2	1	1	4	0	0	0	1	0	0	0	0	0	0
NZ_LR134378.1	3p	+	35	163	249	235	136	783	0	18	4	3	3	1	4	0	0	2	6	2	0	0	0	0	0	0	0	0	0
NZ_LR134378.1	3p	+	36	139	210	249	128	726	7	12	3	4	0	0	5	1	2	0	6	2	1	0	0	0	0	0	0	0	0
NZ_LR134378.1	3p	+	37	120	222	224	118	684	2	22	4	4	0	1	2	0	1	1	2	2	0	0	0	0	0	0	0	0	0
NZ_LR134378.1	3p	+	38	117	199	204	127	647	0	20	4	0	1	0	0	0	1	1	2	3	0	0	0	0	1	0	0	0	0
NZ_LR134378.1	3p	+	39	112	189	192	114	607	2	13	1	1	1	3	2	2	0	0	2	1	0	0	0	0	0	0	0	0	0
NZ_LR134378.1	3p	+	40	103	190	178	96	567	5	18	2	5	0	0	0	1	1	0	3	2	0	0	0	0	0	0	0	0	0
NZ_LR134378.1	3p	+	41	95	163	182	94	534	2	10	1	0	1	0	1	0	0	1	0	0	0	0	0	0	0	0	0	0	0
NZ_LR134378.1	3p	+	42	89	163	156	92	500	3	18	2	2	2	0	0	0	0	1	2	1	0	0	0	0	0	0	0	0	0
NZ_LR134378.1	3p	+	43	70	167	151	75	463	2	21	0	1	0	0	2	0	0	0	2	2	0	0	0	1	0	0	0	0	0
NZ_LR134378.1	3p	+	44	85	126	127	76	414	0	16	2	3	1	0	1	1	0	1	0	0	0	0	0	0	0	0	0	0	0
NZ_LR134378.1	3p	+	45	61	141	114	68	384	1	17	1	2	0	1	3	0	0	0	0	3	0	0	0	0	0	0	0	0	0
NZ_LR134378.1	3p	+	46	59	117	110	68	354	1	9	1	1	1	0	0	0	0	0	1	0	0	0	0	0	0	0	0	0	0
NZ_LR134378.1	3p	+	47	79	95	102	56	332	1	6	2	1	0	0	0	0	0	0	1	0	0	0	0	0	0	0	0	0	0
NZ_LR134378.1	3p	+	48	50	108	107	45	310	0	9	0	1	0	0	0	0	0	0	1	1	1	0	0	0	0	0	0	0	0
NZ_LR134378.1	3p	+	49	56	93	87	49	285	0	7	0	1	0	0	0	0	0	0	1	1	0	0	0	0	0	0	0	0	0
NZ_LR134378.1	3p	+	50	48	85	72	59	264	0	7	2	2	0	0	0	0	0	1	0	0	1	0	0	0	0	0	0	0	0
NZ_LR134378.1	3p	+	51	36	86	79	41	242	0	5	0	0	0	0	0	0	0	0	0	0	0	0	0	0	0	0	0	0	0
NZ_LR134378.1	3p	+	52	44	86	63	35	228	1	7	0	0	0	0	0	2	0	0	0	0	0	0	0	0	0	0	0	0	0
NZ_LR134378.1	3p	+	53	46	73	65	30	214	1	8	2	0	0	0	0	0	0	0	0	1	0	0	0	0	0	0	0	0	0
NZ_LR134378.1	3p	+	54	30	72	68	34	204	0	5	0	0	1	0	1	0	0	0	0	0	0	0	0	0	0	0	0	0	0
NZ_LR134378.1	3p	+	55	38	54	63	35	190	0	7	0	0	0	0	0	0	0	0	1	0	0	0	0	0	0	0	0	0	0
NZ_LR134378.1	3p	+	56	34	58	55	28	175	1	5	0	0	0	0	0	0	0	0	0	0	0	0	0	0	0	0	0	0	0
NZ_LR134378.1	3p	+	57	21	61	52	27	161	2	4	0	0	0	0	0	0	0	0	0	0	0	0	0	0	0	0	0	0	0
NZ_LR134378.1	3p	+	58	26	47	48	29	150	2	5	0	0	0	0	0	0	1	0	1	0	0	0	0	0	0	0	0	0	0
NZ_LR134378.1	3p	+	59	31	48	36	26	141	0	1	1	0	1	0	0	0	0	0	0	0	0	0	0	0	0	0	0	0	0
NZ_LR134378.1	3p	+	60	27	47	46	14	134	2	1	1	0	0	0	1	0	0	0	0	0	0	0	0	0	0	0	0	0	0
NZ_LR134378.1	3p	+	61	23	41	41	23	128	1	3	1	0	0	0	0	0	0	0	0	0	0	0	0	0	0	0	0	0	0
NZ_LR134378.1	3p	+	62	24	46	33	20	123	1	5	0	0	0	0	0	0	0	0	0	0	0	0	0	0	0	0	0	0	0
NZ_LR134378.1	3p	+	63	19	44	37	17	117	1	4	0	2	0	0	0	0	0	0	0	0	0	0	0	0	0	0	0	0	0
NZ_LR134378.1	3p	+	64	20	35	30	29	114	0	2	0	0	0	0	0	0	2	0	0	0	0	0	0	0	0	0	0	0	0
NZ_LR134378.1	3p	+	65	17	32	31	19	99	0	3	2	0	0	0	0	0	0	0	0	0	0	0	0	0	0	0	0	0	0
NZ_LR134378.1	3p	+	66	16	23	36	21	96	0	3	0	0	0	0	0	0	0	0	0	0	0	0	0	0	0	0	0	0	0
NZ_LR134378.1	3p	+	67	22	20	24	26	92	0	2	0	0	0	0	0	0	0	0	1	0	0	0	0	0	0	0	0	0	0
NZ_LR134378.1	3p	+	68	20	29	27	14	90	1	4	0	0	0	0	0	0	0	0	0	0	0	0	0	0	0	0	0	0	0
NZ_LR134378.1	3p	+	69	15	31	26	16	88	0	4	0	0	0	0	0	0	0	0	1	0	0	0	0	0	0	0	0	0	0
NZ_LR134378.1	3p	+	70	10	33	24	17	84	0	2	0	0	0	0	0	0	0	0	0	0	0	0	0	0	0	0	0	0	0
NZ_LR134378.1	3p	-	1	210	398	321	184	1113	5	82	5	9	4	2	8	3	1	1	5	5	0	0	0	0	0	0	0	0	0
NZ_LR134378.1	3p	-	2	277	341	374	121	1113	5	47	6	2	1	1	5	1	1	1	6	5	0	0	0	0	0	0	0	0	0
NZ_LR134378.1	3p	-	3	173	353	388	199	1113	8	51	4	4	0	2	11	4	2	0	8	1	0	0	0	0	0	0	0	0	0
NZ_LR134378.1	3p	-	4	194	360	351	208	1113	7	61	8	7	2	0	6	3	3	0	5	3	0	0	0	0	0	0	0	0	0
NZ_LR134378.1	3p	-	5	219	347	335	212	1113	12	32	4	3	1	0	4	2	1	3	3	4	0	0	0	0	0	0	0	0	0
NZ_LR134378.1	3p	-	6	210	360	360	182	1112	6	30	8	5	0	1	6	0	1	1	4	4	0	0	0	0	0	0	0	1	0
NZ_LR134378.1	3p	-	7	221	348	354	190	1113	4	26	3	1	2	2	5	2	0	0	6	2	0	1	0	0	0	0	0	0	0
NZ_LR134378.1	3p	-	8	214	341	319	238	1112	7	17	5	5	2	0	9	1	3	1	5	1	0	0	0	0	0	0	1	0	0
NZ_LR134378.1	3p	-	9	202	383	358	170	1113	4	29	5	2	4	0	5	0	2	0	6	2	0	0	0	0	0	0	0	0	0
NZ_LR134378.1	3p	-	10	195	334	383	201	1113	7	18	6	8	3	3	5	0	3	1	4	2	0	1	0	0	0	0	0	0	0
NZ_LR134378.1	3p	-	11	218	345	348	202	1113	4	8	4	5	2	0	4	2	1	0	2	1	0	0	0	0	0	0	0	0	0
NZ_LR134378.1	3p	-	12	179	398	358	178	1113	3	21	7	4	0	2	4	0	1	0	10	3	0	0	0	1	0	0	0	0	0
NZ_LR134378.1	3p	-	13	179	366	360	207	1112	3	15	3	4	1	1	5	1	1	0	6	3	0	0	0	1	0	0	1	0	0
NZ_LR134378.1	3p	-	14	226	323	363	201	1113	3	7	10	5	3	0	4	1	2	0	7	0	0	0	0	0	0	0	0	0	0
NZ_LR134378.1	3p	-	15	191	348	360	213	1112	5	12	8	7	0	0	10	3	2	1	10	1	0	0	0	0	1	0	0	0	0
NZ_LR134378.1	3p	-	16	186	389	313	225	1113	7	13	4	2	1	1	5	3	2	0	4	0	0	0	1	0	0	0	0	0	0
NZ_LR134378.1	3p	-	17	206	346	349	212	1113	1	11	3	3	1	0	4	1	0	0	4	3	0	0	0	0	0	0	0	0	0
NZ_LR134378.1	3p	-	18	181	359	391	182	1113	7	11	3	4	2	0	7	3	1	0	6	4	1	0	0	0	0	0	0	0	0
NZ_LR134378.1	3p	-	19	204	359	368	181	1112	6	12	3	6	4	1	6	3	1	0	7	5	0	0	1	0	0	0	0	1	0
NZ_LR134378.1	3p	-	20	197	375	337	204	1113	6	19	6	5	1	0	6	5	1	0	3	1	0	0	2	1	0	0	0	0	0
NZ_LR134378.1	3p	-	21	180	375	366	191	1112	5	11	4	3	0	0	8	1	0	2	6	3	0	0	0	0	0	0	1	0	0
NZ_LR134378.1	3p	-	22	185	398	326	204	1113	4	13	1	6	2	0	10	0	1	0	10	1	0	0	0	0	0	0	0	0	0
NZ_LR134378.1	3p	-	23	203	379	326	204	1112	5	14	1	2	2	0	10	1	2	0	3	1	1	1	0	1	0	1	0	0	0
NZ_LR134378.1	3p	-	24	200	336	368	209	1113	6	13	9	9	2	1	1	0	0	0	3	2	0	0	0	0	0	0	0	0	0
NZ_LR134378.1	3p	-	25	188	352	366	207	1113	5	13	5	6	0	1	6	0	2	1	4	5	0	0	0	0	0	0	0	0	0
NZ_LR134378.1	3p	-	26	185	353	368	206	1112	4	16	5	2	1	1	2	0	1	1	9	1	0	0	0	0	0	0	0	1	0
NZ_LR134378.1	3p	-	27	204	358	366	184	1112	5	21	7	2	1	1	5	2	0	0	3	2	1	0	0	0	0	0	1	0	0
NZ_LR134378.1	3p	-	28	174	386	373	180	1113	6	28	9	6	1	0	7	5	1	0	2	2	0	0	0	0	0	0	0	0	0
NZ_LR134378.1	3p	-	29	218	345	357	193	1113	4	26	7	4	0	1	2	0	3	0	5	3	0	0	0	0	0	0	0	0	0
NZ_LR134378.1	3p	-	30	183	374	362	194	1113	8	26	9	2	2	2	9	0	1	1	9	1	0	0	0	0	0	0	0	0	0
NZ_LR134378.1	3p	-	31	165	331	331	201	1028	3	26	4	2	0	1	3	2	2	0	6	1	0	0	0	0	0	0	0	0	0
NZ_LR134378.1	3p	-	32	187	292	280	192	951	4	26	6	3	2	2	6	1	0	0	6	2	0	0	0	0	0	1	0	0	0
NZ_LR134378.1	3p	-	33	161	289	292	137	879	5	23	4	3	3	0	5	1	1	1	0	1	0	0	0	0	0	0	0	0	0
NZ_LR134378.1	3p	-	34	124	265	273	159	821	5	20	0	4	0	1	3	1	1	0	6	1	0	0	0	0	0	0	0	1	0
NZ_LR134378.1	3p	-	35	137	238	222	163	760	3	23	2	4	0	1	2	0	0	0	1	1	0	0	1	0	0	0	0	0	0
NZ_LR134378.1	3p	-	36	128	213	238	121	700	4	20	4	4	1	1	3	1	2	0	7	2	0	1	0	0	0	0	0	0	0
NZ_LR134378.1	3p	-	37	124	199	211	119	653	2	20	3	3	0	0	1	2	0	1	6	2	0	0	0	0	0	0	0	0	0
NZ_LR134378.1	3p	-	38	101	213	184	100	598	2	14	3	1	1	0	2	0	0	0	4	4	0	0	0	0	0	0	0	0	0
NZ_LR134378.1	3p	-	39	96	183	173	108	560	2	22	2	1	0	0	0	1	0	0	3	1	0	0	0	0	0	0	0	0	0
NZ_LR134378.1	3p	-	40	92	175	165	98	530	7	9	2	2	0	1	1	1	0	1	0	2	0	0	0	0	0	0	0	0	0
NZ_LR134378.1	3p	-	41	104	151	144	102	501	3	9	0	0	0	0	0	0	1	0	0	0	0	0	0	0	0	0	0	0	0
NZ_LR134378.1	3p	-	42	89	142	161	86	478	1	12	3	3	1	0	1	0	1	0	4	0	1	0	0	0	0	0	0	0	0
NZ_LR134378.1	3p	-	43	89	132	153	70	444	2	12	0	2	0	0	1	0	1	0	0	1	0	0	0	0	0	0	0	0	0
NZ_LR134378.1	3p	-	44	74	137	126	65	402	3	14	1	2	0	0	0	0	0	0	2	2	0	0	0	0	0	0	0	0	0
NZ_LR134378.1	3p	-	45	76	122	108	61	367	1	11	2	1	0	0	1	0	0	0	2	1	0	0	0	0	0	0	0	0	0
NZ_LR134378.1	3p	-	46	55	113	110	63	341	2	13	1	3	0	0	0	0	0	0	0	1	0	0	0	0	0	0	0	0	0
NZ_LR134378.1	3p	-	47	62	96	99	60	317	0	12	1	1	0	0	0	0	0	1	1	0	0	0	0	0	0	0	0	0	0
NZ_LR134378.1	3p	-	48	45	96	95	59	295	0	10	1	1	0	1	0	2	0	0	1	1	0	0	0	0	0	0	0	0	0
NZ_LR134378.1	3p	-	49	53	78	103	42	276	1	8	1	2	1	0	1	0	0	0	1	0	0	0	0	0	0	0	0	0	0
NZ_LR134378.1	3p	-	50	47	81	87	44	259	0	10	1	0	0	1	0	0	0	0	0	2	0	0	0	0	0	0	0	0	0
NZ_LR134378.1	3p	-	51	40	82	73	38	233	2	6	1	0	0	0	2	0	0	0	0	0	0	0	0	0	0	0	0	0	0
NZ_LR134378.1	3p	-	52	44	64	80	31	219	2	2	0	0	1	0	1	0	0	0	0	0	0	0	0	0	0	0	0	0	0
NZ_LR134378.1	3p	-	53	31	68	63	37	199	3	4	2	0	0	1	0	0	0	0	1	0	0	0	0	0	0	0	0	0	0
NZ_LR134378.1	3p	-	54	31	57	68	24	180	0	1	1	0	0	0	0	0	0	0	1	0	0	0	0	0	0	0	0	0	0
NZ_LR134378.1	3p	-	55	28	56	55	31	170	0	5	0	1	0	0	1	0	0	0	0	0	0	0	0	0	0	0	0	0	0
NZ_LR134378.1	3p	-	56	42	41	52	28	163	3	7	1	0	0	0	0	0	0	0	0	0	0	0	0	0	0	0	0	0	0
NZ_LR134378.1	3p	-	57	36	53	43	20	152	1	3	1	0	0	0	1	0	0	0	0	0	0	0	0	1	0	0	0	0	0
NZ_LR134378.1	3p	-	58	18	58	40	26	142	0	9	1	0	0	0	0	0	0	0	0	0	0	0	0	0	0	0	0	0	0
NZ_LR134378.1	3p	-	59	22	48	42	24	136	0	3	0	1	0	0	0	0	0	0	1	1	0	0	0	0	0	0	0	0	0
NZ_LR134378.1	3p	-	60	21	37	44	21	123	0	2	0	0	0	0	0	0	0	0	1	0	0	0	0	0	0	0	0	0	0
NZ_LR134378.1	3p	-	61	20	31	42	19	112	0	4	0	0	0	0	0	0	0	0	2	0	0	0	0	0	0	0	0	0	0
NZ_LR134378.1	3p	-	62	25	29	30	24	108	0	7	0	1	0	0	0	0	1	1	0	1	0	0	0	0	0	0	0	0	0
NZ_LR134378.1	3p	-	63	25	32	27	18	102	2	2	0	1	0	0	0	0	0	0	0	0	0	0	0	0	0	0	0	0	0
NZ_LR134378.1	3p	-	64	14	43	19	19	95	0	5	1	0	0	0	0	0	0	1	0	0	0	0	0	0	0	0	0	0	0
NZ_LR134378.1	3p	-	65	25	22	32	11	90	0	2	0	0	0	0	0	0	0	0	0	0	0	0	0	0	0	0	0	0	0
NZ_LR134378.1	3p	-	66	12	34	24	14	84	0	5	1	0	0	0	2	0	0	0	0	0	0	0	0	0	0	0	0	0	0
NZ_LR134378.1	3p	-	67	17	22	21	18	78	0	2	1	0	0	0	0	0	0	0	0	0	0	0	0	0	0	0	0	0	0
NZ_LR134378.1	3p	-	68	10	29	19	13	71	0	2	0	0	0	0	1	0	0	1	0	0	0	0	0	0	0	0	0	0	0
NZ_LR134378.1	3p	-	69	13	22	19	10	64	0	2	1	0	1	0	1	0	0	0	0	0	0	0	0	0	0	0	0	0	0
NZ_LR134378.1	3p	-	70	15	16	16	12	59	0	0	1	0	0	0	0	1	0	0	0	0	0	0	0	0	0	0	0	0	0
NZ_LR134378.1	5p	+	1	210	358	262	283	1113	4	101	1	6	2	3	2	2	1	3	7	5	0	0	0	0	0	0	0	0	0
NZ_LR134378.1	5p	+	2	234	397	336	146	1113	5	56	6	4	2	3	6	3	1	1	6	3	0	0	0	1	0	0	0	0	0
NZ_LR134378.1	5p	+	3	225	324	412	152	1113	6	28	5	3	1	1	8	3	1	2	4	1	0	0	0	1	0	0	0	0	0
NZ_LR134378.1	5p	+	4	224	346	315	227	1112	10	43	3	6	1	0	5	1	3	0	7	3	0	0	1	0	0	0	1	0	0
NZ_LR134378.1	5p	+	5	189	390	355	179	1113	4	31	3	4	0	1	6	1	3	1	5	2	1	0	0	2	0	0	0	0	0
NZ_LR134378.1	5p	+	6	209	365	345	194	1113	3	34	6	7	2	0	7	1	1	0	9	1	1	0	0	1	0	0	0	0	0
NZ_LR134378.1	5p	+	7	206	323	364	220	1113	2	23	8	7	0	0	2	0	2	0	8	2	1	0	0	1	0	0	0	0	0
NZ_LR134378.1	5p	+	8	174	343	429	167	1113	1	25	2	2	1	1	4	1	4	0	5	4	0	0	0	0	0	0	0	0	0
NZ_LR134378.1	5p	+	9	206	345	360	201	1112	7	24	7	3	0	0	5	3	0	2	4	0	0	0	0	0	1	0	0	0	0
NZ_LR134378.1	5p	+	10	203	352	331	226	1112	3	21	5	8	1	0	3	0	1	0	1	2	0	0	1	0	0	0	0	1	0
NZ_LR134378.1	5p	+	11	180	403	323	206	1112	6	20	5	10	1	0	1	1	0	0	3	1	0	0	0	0	0	0	1	0	0
NZ_LR134378.1	5p	+	12	208	308	406	190	1112	4	15	5	2	2	1	4	2	0	0	8	4	0	0	0	0	0	0	0	1	0
NZ_LR134378.1	5p	+	13	198	322	362	231	1113	4	12	2	3	2	2	3	1	0	1	7	3	0	0	0	1	0	0	0	0	0
NZ_LR134378.1	5p	+	14	190	359	379	185	1113	6	11	4	2	3	0	5	0	2	1	5	4	0	1	0	0	0	0	0	0	0
NZ_LR134378.1	5p	+	15	209	344	374	186	1113	7	9	4	7	2	1	10	0	1	0	9	1	0	0	0	1	0	0	0	0	0
NZ_LR134378.1	5p	+	16	195	353	373	192	1113	4	14	6	3	2	0	5	2	1	1	3	0	0	0	1	0	0	0	0	0	0
NZ_LR134378.1	5p	+	17	179	408	373	153	1113	9	14	4	7	1	0	3	0	1	0	4	1	0	0	0	0	0	0	0	0	0
NZ_LR134378.1	5p	+	18	199	348	375	191	1113	3	13	2	6	1	0	4	5	1	1	9	3	0	0	0	0	0	0	0	0	0
NZ_LR134378.1	5p	+	19	208	350	322	232	1112	6	19	7	2	1	2	2	0	0	1	6	0	0	0	0	0	1	0	0	0	0
NZ_LR134378.1	5p	+	20	190	379	364	180	1113	5	17	5	5	0	0	2	2	2	2	11	2	0	0	0	0	0	0	0	0	0
NZ_LR134378.1	5p	+	21	201	368	368	175	1112	2	19	6	5	1	2	12	3	1	1	6	2	0	0	0	0	0	0	1	0	0
NZ_LR134378.1	5p	+	22	205	358	356	193	1112	2	8	4	2	0	0	7	1	0	0	3	2	0	0	0	0	1	0	0	0	0
NZ_LR134378.1	5p	+	23	202	410	330	171	1113	5	18	3	5	1	1	3	1	2	0	4	3	0	0	0	0	0	0	0	0	0
NZ_LR134378.1	5p	+	24	205	337	374	197	1113	7	19	5	6	1	0	6	0	1	0	8	1	0	0	0	0	0	0	0	0	0
NZ_LR134378.1	5p	+	25	217	362	332	202	1113	5	13	3	2	0	1	0	0	3	1	3	2	0	0	0	0	0	0	0	0	0
NZ_LR134378.1	5p	+	26	189	392	331	200	1112	4	23	3	4	1	0	5	2	0	1	3	3	0	0	1	0	0	0	1	0	0
NZ_LR134378.1	5p	+	27	207	341	360	205	1113	6	13	7	1	2	0	6	2	1	0	2	2	0	1	0	0	0	0	0	0	0
NZ_LR134378.1	5p	+	28	206	331	356	220	1113	5	22	1	3	1	1	4	1	2	1	7	4	0	0	0	0	0	0	0	0	0
NZ_LR134378.1	5p	+	29	175	407	338	193	1113	4	34	4	5	2	0	10	1	2	1	3	1	0	0	0	0	0	0	0	0	0
NZ_LR134378.1	5p	+	30	202	359	353	198	1112	3	23	4	2	0	0	4	3	0	3	7	3	0	1	0	0	0	0	1	0	0
NZ_LR134378.1	5p	+	31	179	309	340	204	1032	5	22	9	4	2	0	4	0	2	1	7	0	0	0	0	0	0	0	0	0	0
NZ_LR134378.1	5p	+	32	162	313	315	161	951	5	25	5	3	0	0	5	1	1	2	1	0	0	0	0	0	0	0	0	0	0
NZ_LR134378.1	5p	+	33	145	289	287	168	889	3	19	2	8	0	0	8	2	0	0	3	1	0	0	0	0	0	0	0	0	0
NZ_LR134378.1	5p	+	34	150	283	263	146	842	8	16	3	2	1	0	5	1	0	1	3	0	0	0	0	0	0	0	0	0	0
NZ_LR134378.1	5p	+	35	132	246	263	142	783	3	20	0	2	0	0	2	0	3	0	6	1	0	0	0	0	0	0	0	0	0
NZ_LR134378.1	5p	+	36	146	204	253	123	726	2	22	5	10	0	0	0	0	0	0	2	2	0	0	0	0	0	0	0	0	0
NZ_LR134378.1	5p	+	37	131	221	208	124	684	2	21	2	4	0	1	0	0	1	0	2	2	0	0	0	0	0	0	0	0	0
NZ_LR134378.1	5p	+	38	112	216	196	124	648	4	18	3	4	0	1	0	0	1	0	4	1	0	0	1	0	0	0	0	0	0
NZ_LR134378.1	5p	+	39	113	214	182	98	607	3	12	3	2	0	0	0	0	0	1	1	1	0	0	0	0	0	0	0	0	0
NZ_LR134378.1	5p	+	40	100	196	160	111	567	0	23	1	1	1	1	3	0	0	1	1	1	0	0	1	0	0	0	0	0	0
NZ_LR134378.1	5p	+	41	93	176	166	99	534	4	15	1	1	0	0	5	1	0	0	1	1	0	0	0	0	0	0	0	0	0
NZ_LR134378.1	5p	+	42	101	161	163	75	500	4	9	6	3	0	0	2	1	1	0	3	0	0	0	0	0	0	0	0	0	0
NZ_LR134378.1	5p	+	43	83	167	131	82	463	4	14	0	0	0	0	2	0	0	0	1	1	0	0	0	0	0	0	0	0	0
NZ_LR134378.1	5p	+	44	81	136	118	79	414	0	18	0	1	0	0	1	0	1	0	0	1	0	0	0	0	0	0	0	0	0
NZ_LR134378.1	5p	+	45	76	104	140	64	384	0	14	1	1	1	0	1	1	2	1	0	0	0	0	0	0	0	0	0	0	0
NZ_LR134378.1	5p	+	46	64	119	111	60	354	0	10	0	0	0	0	0	0	0	0	1	1	0	0	0	0	0	0	0	0	0
NZ_LR134378.1	5p	+	47	71	109	107	45	332	3	15	2	1	0	1	1	0	0	0	1	1	0	0	0	0	0	0	0	0	0
NZ_LR134378.1	5p	+	48	53	103	101	53	310	2	7	2	1	0	0	0	0	0	0	3	0	0	0	0	0	0	0	0	0	0
NZ_LR134378.1	5p	+	49	50	100	83	52	285	2	6	0	0	0	0	0	0	0	0	0	0	0	0	0	0	0	0	0	0	0
NZ_LR134378.1	5p	+	50	41	97	74	52	264	0	11	0	1	1	0	1	0	0	0	0	0	0	0	0	0	0	0	0	0	0
NZ_LR134378.1	5p	+	51	40	75	84	43	242	2	5	1	2	0	0	0	0	0	0	2	1	0	0	0	0	0	0	0	0	0
NZ_LR134378.1	5p	+	52	41	68	69	50	228	1	6	0	0	1	0	1	0	0	1	1	0	0	0	0	0	0	0	0	0	0
NZ_LR134378.1	5p	+	53	37	74	68	35	214	1	7	0	0	0	0	0	1	0	0	0	0	0	0	0	0	0	0	0	0	0
NZ_LR134378.1	5p	+	54	39	72	58	35	204	1	3	1	1	0	0	0	0	0	0	2	0	0	0	0	0	0	0	0	0	0
NZ_LR134378.1	5p	+	55	35	54	67	34	190	1	4	0	2	0	1	0	1	0	0	1	0	0	0	0	0	0	0	0	0	0
NZ_LR134378.1	5p	+	56	27	59	53	36	175	0	6	0	0	0	0	0	0	0	0	0	0	0	0	0	0	0	0	0	0	0
NZ_LR134378.1	5p	+	57	36	48	49	28	161	0	6	0	0	0	0	0	0	0	0	1	0	0	0	0	0	0	0	0	0	0
NZ_LR134378.1	5p	+	58	17	50	52	31	150	0	5	0	1	0	0	0	0	0	0	0	0	0	0	0	0	0	0	0	0	0
NZ_LR134378.1	5p	+	59	12	40	55	34	141	2	4	0	0	0	0	0	0	1	0	0	0	0	0	0	0	0	0	0	0	0
NZ_LR134378.1	5p	+	60	21	51	36	26	134	1	4	0	0	0	1	2	0	0	0	0	0	0	0	0	0	0	0	0	0	0
NZ_LR134378.1	5p	+	61	25	48	32	23	128	1	6	0	1	1	0	0	0	0	0	0	0	0	0	0	0	0	0	0	0	0
NZ_LR134378.1	5p	+	62	21	51	32	19	123	0	8	0	0	0	0	0	0	1	0	0	0	0	0	0	0	0	0	0	0	0
NZ_LR134378.1	5p	+	63	18	36	40	23	117	1	3	0	0	0	0	1	1	0	0	0	0	0	0	0	0	0	0	0	0	0
NZ_LR134378.1	5p	+	64	25	34	35	20	114	0	5	0	1	0	0	1	0	1	0	0	1	0	0	0	0	0	0	0	0	0
NZ_LR134378.1	5p	+	65	21	25	36	17	99	0	5	1	1	0	0	0	0	0	0	0	0	0	0	0	0	0	0	0	0	0
NZ_LR134378.1	5p	+	66	20	29	26	21	96	0	2	1	2	0	0	0	0	0	0	0	0	0	0	0	0	0	0	0	0	0
NZ_LR134378.1	5p	+	67	25	26	28	13	92	0	1	0	0	0	0	0	0	0	0	0	0	0	0	0	0	0	0	0	0	0
NZ_LR134378.1	5p	+	68	17	29	26	18	90	1	4	1	0	0	0	0	0	0	0	0	0	0	0	0	0	0	0	0	0	0
NZ_LR134378.1	5p	+	69	21	26	26	15	88	0	4	0	1	0	0	0	0	0	0	0	0	0	0	0	0	0	0	0	0	0
NZ_LR134378.1	5p	+	70	11	28	28	17	84	1	5	0	0	0	0	0	0	0	0	1	0	0	0	0	0	0	0	0	0	0
NZ_LR134378.1	5p	-	1	183	377	250	303	1113	8	102	1	2	1	5	6	1	3	2	6	4	0	0	0	0	0	0	0	0	0
NZ_LR134378.1	5p	-	2	216	373	355	169	1113	7	62	8	5	0	0	6	2	1	3	8	6	0	0	0	0	0	0	0	0	0
NZ_LR134378.1	5p	-	3	187	339	411	176	1113	8	35	5	3	2	0	7	1	2	0	5	0	0	0	0	0	0	0	0	0	0
NZ_LR134378.1	5p	-	4	219	353	336	204	1112	4	52	3	4	3	1	3	2	3	0	5	5	0	0	0	0	0	0	1	0	0
NZ_LR134378.1	5p	-	5	162	402	377	172	1113	4	35	8	5	2	1	1	0	1	0	14	3	0	0	0	0	0	0	0	0	0
NZ_LR134378.1	5p	-	6	205	331	369	208	1113	6	23	11	8	1	0	7	1	0	0	2	3	0	0	0	0	0	0	0	0	0
NZ_LR134378.1	5p	-	7	197	329	352	235	1113	1	16	3	7	0	0	6	0	0	1	8	2	0	0	0	0	0	0	0	0	0
NZ_LR134378.1	5p	-	8	177	365	404	166	1112	2	24	4	5	0	2	9	0	1	2	7	3	0	0	0	0	0	0	0	1	0
NZ_LR134378.1	5p	-	9	209	349	346	209	1113	4	15	6	4	1	1	4	3	0	0	3	0	0	0	0	0	0	0	0	0	0
NZ_LR134378.1	5p	-	10	204	344	330	234	1112	5	13	5	4	1	0	7	0	3	1	4	1	1	0	0	0	0	1	0	0	0
NZ_LR134378.1	5p	-	11	184	350	386	193	1113	2	15	4	2	3	1	5	1	0	0	10	6	0	0	0	0	0	0	0	0	0
NZ_LR134378.1	5p	-	12	209	359	357	188	1113	5	13	8	0	3	0	5	4	1	0	2	3	0	0	0	0	0	0	0	0	0
NZ_LR134378.1	5p	-	13	218	360	342	193	1113	9	12	4	4	0	0	5	0	0	0	7	2	1	0	1	0	0	0	0	0	0
NZ_LR134378.1	5p	-	14	171	401	352	189	1113	4	23	2	9	2	1	4	4	0	0	4	1	0	0	1	0	0	0	0	0	0
NZ_LR134378.1	5p	-	15	197	347	385	183	1112	6	12	14	3	1	2	9	3	0	1	5	1	1	0	0	0	0	1	0	0	0
NZ_LR134378.1	5p	-	16	221	379	310	202	1112	7	15	3	5	1	0	4	3	0	0	9	3	0	0	0	1	0	0	1	0	0
NZ_LR134378.1	5p	-	17	169	366	399	178	1112	8	19	6	2	1	0	4	2	2	0	7	2	0	0	0	0	1	0	0	0	0
NZ_LR134378.1	5p	-	18	223	337	367	186	1113	9	13	3	6	1	0	7	2	0	0	6	2	0	1	2	0	0	0	0	0	0
NZ_LR134378.1	5p	-	19	211	343	322	236	1112	2	11	4	2	1	1	4	3	0	0	6	1	0	0	1	0	0	0	0	1	0
NZ_LR134378.1	5p	-	20	178	376	367	192	1113	6	11	6	4	1	1	9	0	1	1	5	4	0	0	0	0	0	0	0	0	0
NZ_LR134378.1	5p	-	21	187	378	380	167	1112	3	9	6	3	2	1	12	1	1	0	7	0	0	0	0	1	0	0	1	0	0
NZ_LR134378.1	5p	-	22	226	359	313	215	1113	0	9	7	5	3	1	5	0	2	0	6	0	0	0	0	0	0	0	0	0	0
NZ_LR134378.1	5p	-	23	189	402	339	182	1112	4	16	7	6	3	1	7	3	2	0	4	3	0	0	0	0	0	0	1	0	0
NZ_LR134378.1	5p	-	24	210	348	376	179	1113	8	10	4	5	1	1	7	2	1	1	5	2	0	0	0	0	0	0	0	0	0
NZ_LR134378.1	5p	-	25	203	372	326	212	1113	4	16	3	1	3	0	6	2	4	0	3	4	0	1	0	0	0	0	0	0	0
NZ_LR134378.1	5p	-	26	171	376	374	192	1113	12	13	7	8	0	0	2	0	2	1	6	4	0	1	0	0	0	0	0	0	0
NZ_LR134378.1	5p	-	27	209	356	370	178	1113	8	16	4	6	3	4	11	2	1	0	6	3	0	0	0	0	0	0	0	0	0
NZ_LR134378.1	5p	-	28	211	358	327	217	1113	6	23	4	2	0	2	10	2	3	2	6	0	0	0	0	0	0	0	0	0	0
NZ_LR134378.1	5p	-	29	178	400	335	200	1113	8	25	6	4	1	0	8	2	3	1	7	1	0	0	0	1	0	0	0	0	0
NZ_LR134378.1	5p	-	30	206	327	382	198	1113	5	22	4	4	1	1	9	4	0	3	8	2	0	0	0	0	0	0	0	0	0
NZ_LR134378.1	5p	-	31	210	312	321	185	1028	3	22	2	2	1	2	3	3	2	0	4	1	0	0	0	0	0	0	0	0	0
NZ_LR134378.1	5p	-	32	163	321	328	140	952	6	24	3	4	2	1	8	1	0	0	2	2	1	0	0	0	0	0	0	0	0
NZ_LR134378.1	5p	-	33	175	273	284	146	878	3	22	9	3	0	0	1	0	3	0	2	3	0	0	0	1	0	0	0	1	0
NZ_LR134378.1	5p	-	34	162	272	223	165	822	2	21	6	5	2	0	2	0	0	0	5	0	0	1	0	0	0	0	0	0	0
NZ_LR134378.1	5p	-	35	153	237	245	125	760	5	14	2	4	0	0	3	0	0	0	4	3	0	0	0	0	0	0	0	0	0
NZ_LR134378.1	5p	-	36	127	208	246	119	700	4	20	3	3	2	0	0	0	0	0	1	4	0	0	0	0	0	0	0	0	0
NZ_LR134378.1	5p	-	37	121	203	218	111	653	2	20	2	3	1	2	1	1	4	0	1	2	0	0	0	0	0	0	0	0	0
NZ_LR134378.1	5p	-	38	106	190	197	105	598	3	13	3	1	1	0	2	0	0	0	1	0	0	0	0	0	0	0	0	0	0
NZ_LR134378.1	5p	-	39	102	181	174	102	559	3	18	2	2	1	0	0	0	0	0	3	1	0	0	0	0	0	0	0	1	0
NZ_LR134378.1	5p	-	40	100	154	175	101	530	3	20	2	0	0	0	0	0	0	0	0	0	0	0	0	0	0	0	0	0	0
NZ_LR134378.1	5p	-	41	68	163	176	94	501	4	16	2	1	0	0	4	0	0	1	3	2	0	0	0	0	0	0	0	0	0
NZ_LR134378.1	5p	-	42	85	151	149	93	478	3	19	3	1	0	0	0	0	0	0	2	3	0	0	0	0	0	0	0	0	0
NZ_LR134378.1	5p	-	43	87	145	134	78	444	0	13	3	3	1	0	1	0	1	0	1	0	0	0	0	0	0	0	0	0	0
NZ_LR134378.1	5p	-	44	81	144	129	48	402	3	22	2	2	1	0	0	0	0	0	1	1	0	0	0	0	0	0	0	0	0
NZ_LR134378.1	5p	-	45	62	107	132	66	367	3	10	1	1	0	0	2	1	0	0	0	0	0	0	0	0	0	0	0	0	0
NZ_LR134378.1	5p	-	46	65	105	103	68	341	0	5	0	2	1	0	0	0	0	0	1	0	0	0	0	0	0	0	0	0	0
NZ_LR134378.1	5p	-	47	43	107	120	47	317	3	6	0	1	0	0	1	0	0	0	2	0	0	0	0	0	0	0	0	0	0
NZ_LR134378.1	5p	-	48	69	97	65	64	295	1	12	1	0	0	0	0	0	1	0	0	0	0	0	0	0	0	0	0	0	0
NZ_LR134378.1	5p	-	49	55	87	87	47	276	0	7	2	2	1	1	0	1	0	0	0	0	0	0	0	0	0	0	0	0	0
NZ_LR134378.1	5p	-	50	33	99	82	45	259	1	14	2	1	0	1	0	0	1	0	1	0	0	0	0	0	0	0	0	0	0
NZ_LR134378.1	5p	-	51	52	72	70	39	233	1	10	0	0	1	0	1	0	0	0	1	0	0	0	0	0	0	0	0	0	0
NZ_LR134378.1	5p	-	52	40	70	61	48	219	0	9	2	1	0	0	0	0	0	0	1	1	0	0	0	0	0	0	0	0	0
NZ_LR134378.1	5p	-	53	34	67	61	37	199	1	11	0	1	0	0	0	0	0	0	0	0	0	0	0	0	0	0	0	0	0
NZ_LR134378.1	5p	-	54	28	58	59	35	180	1	7	0	3	0	0	0	0	0	0	0	0	0	0	0	0	0	0	0	0	0
NZ_LR134378.1	5p	-	55	36	59	51	24	170	0	4	0	1	0	0	1	0	0	0	0	1	0	0	0	0	0	0	0	0	0
NZ_LR134378.1	5p	-	56	25	70	51	17	163	0	7	2	0	0	0	0	0	0	1	0	0	0	0	0	0	0	0	0	0	0
NZ_LR134378.1	5p	-	57	28	43	55	26	152	1	5	0	0	0	0	0	1	0	0	0	1	0	0	0	0	0	0	0	0	0
NZ_LR134378.1	5p	-	58	31	40	50	21	142	0	4	0	1	0	0	0	0	0	0	0	0	0	0	0	0	0	0	0	0	0
NZ_LR134378.1	5p	-	59	28	40	45	23	136	0	6	0	0	0	0	0	0	0	0	2	0	0	0	0	0	0	0	0	0	0
NZ_LR134378.1	5p	-	60	20	40	38	25	123	0	3	0	0	0	0	0	0	0	0	0	1	0	0	0	0	0	0	0	0	0
NZ_LR134378.1	5p	-	61	17	46	35	14	112	0	5	0	0	0	0	0	0	0	0	0	0	0	0	0	0	0	0	0	0	0
NZ_LR134378.1	5p	-	62	17	34	41	16	108	1	3	0	0	0	0	0	0	0	0	0	0	0	0	0	0	0	0	0	0	0
NZ_LR134378.1	5p	-	63	22	33	25	22	102	0	2	0	0	0	0	0	0	0	0	0	0	0	0	0	0	0	0	0	0	0
NZ_LR134378.1	5p	-	64	21	25	26	23	95	0	1	0	0	0	0	0	0	0	0	0	0	0	0	0	0	0	0	0	0	0
NZ_LR134378.1	5p	-	65	18	25	30	17	90	0	4	1	0	0	0	0	0	0	0	0	0	0	0	0	1	0	0	0	0	0
NZ_LR134378.1	5p	-	66	25	28	16	15	84	0	2	0	1	0	0	0	1	0	0	0	0	0	0	0	0	0	0	0	0	0
NZ_LR134378.1	5p	-	67	13	19	30	16	78	0	2	0	0	0	0	0	0	0	0	0	0	0	0	0	0	0	0	0	0	0
NZ_LR134378.1	5p	-	68	18	22	20	11	71	0	1	2	0	0	0	0	0	0	0	0	0	0	0	0	0	0	0	0	0	0
NZ_LR134378.1	5p	-	69	13	23	14	14	64	0	2	0	0	0	0	0	0	0	0	0	0	0	0	0	0	0	0	0	0	0
NZ_LR134378.1	5p	-	70	13	18	20	8	59	0	3	0	0	0	0	0	0	0	0	0	0	0	0	0	0	0	0	0	0	0
