# table produced by mapDamage version 2.2.3
# using mapped file /mnt/archgen/microbiome_calculus/library_ds_vs_ss/04-analysis/normalize_kraken/mapping/lautropia_mirabilis/mapDamage2_ssLibs/input/GDN001.A0102.SG1.3_5M.mapped_l_mirabilis_q25l30_rmdup.bam and /mnt/archgen/microbiome_calculus/library_ds_vs_ss/04-analysis/normalize_kraken/mapping/lautropia_mirabilis/input/GCF_900637555.1_51726_E01_genomic.fna as reference file
# Chr: reference from sam/bam header, End: from which termini of DNA sequences, Std: strand of reads
Chr	End	Std	Pos	A	C	G	T	Total	G>A	C>T	A>G	T>C	A>C	A>T	C>G	C>A	T>G	T>A	G>C	G>T	A>-	T>-	C>-	G>-	->A	->T	->C	->G	S
NZ_LR134378.1	3p	+	1	46	117	67	51	281	5	26	0	1	2	3	3	0	2	0	5	3	0	0	0	0	0	0	0	0	0
NZ_LR134378.1	3p	+	2	71	90	77	43	281	0	10	1	2	0	1	6	0	1	1	7	2	0	0	0	0	0	0	0	0	0
NZ_LR134378.1	3p	+	3	47	91	98	45	281	2	7	1	2	1	1	4	2	0	2	4	0	0	0	0	0	0	0	0	0	0
NZ_LR134378.1	3p	+	4	54	98	89	40	281	2	3	2	2	1	0	2	0	0	1	7	1	0	0	0	0	0	0	0	0	0
NZ_LR134378.1	3p	+	5	67	95	74	45	281	2	1	1	3	2	0	3	0	2	0	3	1	0	0	0	0	0	0	0	0	0
NZ_LR134378.1	3p	+	6	57	84	98	42	281	4	1	1	1	1	0	3	1	0	0	5	1	0	0	0	0	0	0	0	0	0
NZ_LR134378.1	3p	+	7	49	102	81	49	281	3	3	1	1	1	2	3	1	1	1	6	1	0	0	0	0	0	0	0	0	0
NZ_LR134378.1	3p	+	8	65	88	83	45	281	2	1	5	1	0	0	3	5	1	2	6	0	1	0	0	1	0	0	0	0	0
NZ_LR134378.1	3p	+	9	62	91	100	28	281	0	3	2	2	1	0	4	2	0	0	9	0	0	0	0	0	0	0	0	0	0
NZ_LR134378.1	3p	+	10	55	91	91	43	280	1	3	2	3	1	0	3	0	2	0	3	2	0	0	0	0	0	0	0	1	0
NZ_LR134378.1	3p	+	11	68	85	83	45	281	0	0	1	1	1	0	3	1	0	0	0	0	0	0	0	0	0	0	0	0	0
NZ_LR134378.1	3p	+	12	41	116	76	46	279	2	2	2	3	0	0	4	1	0	0	1	0	1	0	0	0	0	1	0	1	0
NZ_LR134378.1	3p	+	13	53	105	71	51	280	1	5	1	1	2	0	4	0	1	1	7	2	1	0	0	0	1	0	0	0	0
NZ_LR134378.1	3p	+	14	65	75	93	48	281	0	2	0	2	1	1	2	2	0	1	7	0	0	0	0	0	0	0	0	0	0
NZ_LR134378.1	3p	+	15	52	89	104	35	280	3	1	3	1	0	0	5	1	0	1	4	1	0	0	0	1	0	0	1	0	0
NZ_LR134378.1	3p	+	16	44	111	80	46	281	0	2	0	2	1	0	2	0	2	0	7	2	0	0	1	0	0	0	0	0	0
NZ_LR134378.1	3p	+	17	59	101	65	56	281	0	0	2	1	0	2	5	0	0	1	2	2	0	0	0	0	0	0	0	0	0
NZ_LR134378.1	3p	+	18	64	84	98	34	280	2	1	5	0	0	0	4	1	0	1	5	1	0	0	0	0	0	0	1	0	0
NZ_LR134378.1	3p	+	19	46	98	82	54	280	1	1	1	4	3	0	5	1	0	1	6	0	0	0	0	0	0	0	1	0	0
NZ_LR134378.1	3p	+	20	60	86	84	51	281	3	0	4	0	0	0	1	2	0	0	4	0	0	0	0	0	0	0	0	0	0
NZ_LR134378.1	3p	+	21	60	98	92	31	281	2	3	2	0	0	1	5	1	0	0	4	0	0	0	0	0	0	0	0	0	0
NZ_LR134378.1	3p	+	22	53	93	90	43	279	2	2	1	3	0	1	1	1	1	0	6	1	0	0	0	0	0	0	2	0	0
NZ_LR134378.1	3p	+	23	55	90	95	41	281	0	2	2	1	0	0	1	0	0	2	2	0	0	0	0	0	0	0	0	0	0
NZ_LR134378.1	3p	+	24	42	92	94	52	280	1	4	2	2	0	1	4	0	0	1	4	1	0	0	0	0	0	0	0	1	0
NZ_LR134378.1	3p	+	25	64	105	70	41	280	0	3	1	3	0	3	1	1	0	0	3	1	1	0	0	0	1	0	0	0	0
NZ_LR134378.1	3p	+	26	56	91	98	35	280	0	1	1	0	0	1	6	1	1	1	8	1	0	0	0	0	0	0	1	0	0
NZ_LR134378.1	3p	+	27	42	87	101	51	281	1	4	2	2	1	1	4	2	0	1	3	2	0	0	0	0	0	0	0	0	0
NZ_LR134378.1	3p	+	28	44	104	89	44	281	1	1	1	3	1	0	0	1	0	1	4	2	0	0	0	0	0	0	0	0	0
NZ_LR134378.1	3p	+	29	59	86	84	52	281	2	1	3	1	1	1	1	1	0	1	5	3	0	0	0	0	0	0	0	0	0
NZ_LR134378.1	3p	+	30	58	97	74	52	281	0	4	2	0	1	0	10	0	1	3	5	1	0	0	0	0	0	0	0	0	0
NZ_LR134378.1	3p	+	31	42	86	59	47	234	1	7	1	0	0	0	1	1	0	0	8	3	0	0	0	0	0	0	1	0	0
NZ_LR134378.1	3p	+	32	30	69	58	39	196	0	1	0	2	2	0	1	2	1	0	2	0	0	0	0	0	0	0	0	0	0
NZ_LR134378.1	3p	+	33	29	53	58	27	167	0	3	3	0	0	0	2	0	0	2	4	0	0	0	0	1	0	0	0	0	0
NZ_LR134378.1	3p	+	34	16	47	64	23	150	1	0	0	0	0	0	0	0	0	0	6	1	0	0	0	0	0	0	0	0	0
NZ_LR134378.1	3p	+	35	17	40	39	29	125	2	1	0	1	1	0	2	0	0	0	2	0	0	0	0	0	0	0	0	0	0
NZ_LR134378.1	3p	+	36	23	37	22	24	106	1	1	0	0	1	0	4	1	2	1	3	0	0	0	0	0	0	0	1	0	0
NZ_LR134378.1	3p	+	37	11	33	36	15	95	2	1	0	2	1	1	1	0	0	0	2	2	0	0	0	0	0	0	0	0	0
NZ_LR134378.1	3p	+	38	14	29	22	17	82	1	2	0	0	0	0	3	1	0	0	1	0	0	0	0	0	0	0	0	0	0
NZ_LR134378.1	3p	+	39	13	22	20	16	71	1	1	0	1	0	0	1	0	0	0	0	0	0	0	0	0	0	0	0	0	0
NZ_LR134378.1	3p	+	40	12	26	12	14	64	0	0	0	0	0	0	1	0	0	0	1	0	0	0	0	0	0	0	0	0	0
NZ_LR134378.1	3p	+	41	13	21	12	12	58	1	2	0	0	0	0	0	0	0	0	1	0	0	0	0	0	0	0	0	0	0
NZ_LR134378.1	3p	+	42	13	16	16	10	55	1	0	0	1	0	0	2	0	0	0	2	0	0	0	0	0	0	0	0	0	0
NZ_LR134378.1	3p	+	43	10	17	13	8	48	0	2	2	0	0	0	1	0	1	1	1	0	0	0	0	0	0	0	0	0	0
NZ_LR134378.1	3p	+	44	7	12	10	9	38	0	2	0	0	0	0	1	0	0	0	0	0	0	0	0	0	0	0	0	0	0
NZ_LR134378.1	3p	+	45	6	7	12	6	31	0	2	0	1	0	0	0	0	0	0	1	0	0	0	0	0	0	0	0	0	0
NZ_LR134378.1	3p	+	46	2	12	8	6	28	0	0	0	1	0	0	0	0	0	0	0	0	0	0	0	0	0	0	0	0	0
NZ_LR134378.1	3p	+	47	3	6	8	6	23	0	1	0	0	0	0	0	0	0	0	0	1	0	0	0	0	0	0	0	0	0
NZ_LR134378.1	3p	+	48	3	11	5	2	21	0	0	0	0	0	0	0	0	0	0	0	0	0	0	0	0	0	0	0	0	0
NZ_LR134378.1	3p	+	49	3	6	5	0	14	0	0	0	0	0	0	0	0	0	0	0	0	0	0	0	0	0	0	0	0	0
NZ_LR134378.1	3p	+	50	2	5	1	3	11	0	0	0	0	0	0	1	0	0	0	0	0	0	0	0	0	0	0	0	0	0
NZ_LR134378.1	3p	+	51	6	3	2	0	11	0	0	0	0	0	0	0	0	0	0	0	0	0	0	0	0	0	0	0	0	0
NZ_LR134378.1	3p	+	52	1	4	4	0	9	0	0	0	0	1	0	0	0	0	0	1	0	0	0	0	0	0	0	0	0	0
NZ_LR134378.1	3p	+	53	2	3	1	1	7	0	0	0	0	0	0	0	0	0	0	0	0	0	0	0	0	0	0	0	0	0
NZ_LR134378.1	3p	+	54	1	3	1	0	5	0	0	0	0	0	0	0	0	0	0	0	0	0	0	0	0	0	0	0	0	0
NZ_LR134378.1	3p	+	55	0	3	1	0	4	0	0	0	0	0	0	0	0	0	0	0	0	0	0	0	0	0	0	0	0	0
NZ_LR134378.1	3p	+	56	0	2	0	1	3	0	0	0	0	0	0	0	0	0	0	0	0	0	0	0	0	0	0	0	0	0
NZ_LR134378.1	3p	+	57	2	1	0	0	3	0	0	0	0	0	0	0	0	0	0	0	0	0	0	0	0	0	0	0	0	0
NZ_LR134378.1	3p	+	58	0	2	0	0	2	0	1	0	0	0	0	0	0	0	0	0	0	0	0	0	0	0	0	0	0	0
NZ_LR134378.1	3p	+	59	1	0	1	0	2	0	0	0	0	0	0	0	0	0	0	0	0	0	0	0	0	0	0	0	0	0
NZ_LR134378.1	3p	+	60	0	0	2	0	2	0	0	0	0	0	0	0	0	0	0	0	0	0	0	0	0	0	0	0	0	0
NZ_LR134378.1	3p	+	61	0	1	1	0	2	0	0	0	0	0	0	0	0	0	0	0	0	0	0	0	0	0	0	0	0	0
NZ_LR134378.1	3p	+	62	1	0	0	1	2	0	0	0	0	0	0	0	0	0	0	0	0	0	0	0	0	0	0	0	0	0
NZ_LR134378.1	3p	+	63	0	2	0	0	2	0	0	0	0	0	0	0	0	0	0	0	0	0	0	0	0	0	0	0	0	0
NZ_LR134378.1	3p	+	64	0	2	0	0	2	0	0	0	0	0	0	0	0	0	0	0	0	0	0	0	0	0	0	0	0	0
NZ_LR134378.1	3p	+	65	0	0	1	0	1	0	0	0	0	0	0	0	0	0	0	0	0	0	0	0	0	0	0	0	0	0
NZ_LR134378.1	3p	+	66	0	0	0	0	0	0	0	0	0	0	0	0	0	0	0	0	0	0	0	0	0	0	0	0	0	0
NZ_LR134378.1	3p	+	67	0	0	0	0	0	0	0	0	0	0	0	0	0	0	0	0	0	0	0	0	0	0	0	0	0	0
NZ_LR134378.1	3p	+	68	0	0	0	0	0	0	0	0	0	0	0	0	0	0	0	0	0	0	0	0	0	0	0	0	0	0
NZ_LR134378.1	3p	+	69	0	0	0	0	0	0	0	0	0	0	0	0	0	0	0	0	0	0	0	0	0	0	0	0	0	0
NZ_LR134378.1	3p	+	70	0	0	0	0	0	0	0	0	0	0	0	0	0	0	0	0	0	0	0	0	0	0	0	0	0	0
NZ_LR134378.1	3p	-	1	57	90	81	62	290	2	12	1	2	1	3	2	1	1	1	5	6	0	0	0	0	0	0	0	0	0
NZ_LR134378.1	3p	-	2	79	88	69	54	290	4	7	2	3	3	1	3	1	0	0	2	1	0	0	0	0	0	0	0	0	0
NZ_LR134378.1	3p	-	3	61	95	101	33	290	5	7	1	3	1	1	3	0	0	0	5	1	0	0	0	0	0	0	0	0	0
NZ_LR134378.1	3p	-	4	59	85	100	45	289	0	5	1	1	1	0	2	1	0	1	3	4	0	0	0	0	0	0	1	0	0
NZ_LR134378.1	3p	-	5	70	92	80	47	289	2	5	2	1	2	2	4	0	1	0	4	0	0	0	0	0	0	0	0	1	0
NZ_LR134378.1	3p	-	6	36	121	89	44	290	2	4	0	1	0	2	5	1	0	1	5	0	0	0	0	1	0	0	0	0	0
NZ_LR134378.1	3p	-	7	48	105	87	49	289	1	2	1	1	0	1	2	0	3	1	1	2	0	0	0	0	0	1	0	0	0
NZ_LR134378.1	3p	-	8	59	89	99	42	289	2	2	0	1	2	2	7	1	1	0	4	0	0	0	0	0	0	0	1	0	0
NZ_LR134378.1	3p	-	9	48	103	92	47	290	1	3	3	4	2	1	7	4	1	0	6	0	0	0	0	0	0	0	0	0	0
NZ_LR134378.1	3p	-	10	52	105	70	63	290	2	1	1	3	0	1	5	0	2	0	3	0	0	0	0	0	0	0	0	0	0
NZ_LR134378.1	3p	-	11	48	106	94	41	289	1	3	0	5	0	0	4	0	0	0	4	0	0	0	0	0	0	0	0	1	0
NZ_LR134378.1	3p	-	12	49	99	98	44	290	3	0	0	3	0	2	5	1	1	1	3	0	0	0	0	0	0	0	0	0	0
NZ_LR134378.1	3p	-	13	53	97	87	53	290	0	2	1	3	1	0	3	0	0	0	5	2	0	0	0	0	0	0	0	0	0
NZ_LR134378.1	3p	-	14	52	89	97	52	290	2	1	2	2	0	1	7	1	0	1	3	0	0	0	0	0	0	0	0	0	0
NZ_LR134378.1	3p	-	15	45	119	90	36	290	0	4	2	2	3	0	5	2	1	1	3	2	0	0	0	0	0	0	0	0	0
NZ_LR134378.1	3p	-	16	55	108	92	35	290	0	3	1	1	1	0	5	1	1	1	6	0	1	0	0	0	0	0	0	0	0
NZ_LR134378.1	3p	-	17	48	93	93	56	290	3	2	0	4	1	1	4	0	2	0	6	2	0	0	0	0	0	0	0	0	0
NZ_LR134378.1	3p	-	18	34	112	93	51	290	1	1	0	2	1	0	5	1	3	2	8	0	0	0	0	0	0	0	0	0	0
NZ_LR134378.1	3p	-	19	52	102	77	58	289	0	3	0	1	0	1	2	2	0	1	5	0	0	0	0	0	0	0	1	0	0
NZ_LR134378.1	3p	-	20	66	80	95	49	290	1	3	1	0	1	0	3	2	1	0	1	1	1	0	1	0	0	0	0	0	0
NZ_LR134378.1	3p	-	21	40	105	101	44	290	4	0	2	2	0	4	3	1	0	0	1	1	0	0	0	0	0	0	0	0	0
NZ_LR134378.1	3p	-	22	63	105	78	44	290	1	0	6	3	0	1	2	3	0	0	1	1	0	0	0	0	0	0	0	0	0
NZ_LR134378.1	3p	-	23	70	86	96	37	289	0	1	2	1	3	1	4	0	0	2	4	1	0	0	0	0	1	0	0	0	0
NZ_LR134378.1	3p	-	24	51	100	96	43	290	0	2	5	1	0	0	3	0	0	1	3	1	0	0	1	0	0	0	0	0	0
NZ_LR134378.1	3p	-	25	52	91	101	45	289	0	4	1	0	1	1	6	0	0	0	5	0	0	0	0	0	0	0	1	0	0
NZ_LR134378.1	3p	-	26	60	89	82	57	288	1	2	2	2	2	1	3	2	1	1	4	1	0	0	0	0	1	1	0	0	0
NZ_LR134378.1	3p	-	27	55	92	98	45	290	1	3	1	2	2	0	2	0	0	1	4	1	0	0	0	0	0	0	0	0	0
NZ_LR134378.1	3p	-	28	60	102	84	44	290	1	2	1	1	1	1	3	0	0	2	2	0	0	0	0	0	0	0	0	0	0
NZ_LR134378.1	3p	-	29	60	85	92	53	290	5	3	2	2	1	2	5	0	1	0	2	2	0	0	0	0	0	0	0	0	0
NZ_LR134378.1	3p	-	30	45	95	103	47	290	1	6	3	1	0	0	5	1	1	1	7	1	0	0	0	0	0	0	0	0	0
NZ_LR134378.1	3p	-	31	49	82	65	52	248	1	6	0	0	0	2	5	0	0	0	3	3	0	0	0	0	0	0	0	0	0
NZ_LR134378.1	3p	-	32	49	66	54	36	205	2	2	0	5	2	3	3	1	1	0	2	1	0	0	0	0	0	0	0	0	0
NZ_LR134378.1	3p	-	33	24	58	56	28	166	2	5	2	0	3	2	3	3	1	0	4	1	0	0	0	0	0	0	0	0	0
NZ_LR134378.1	3p	-	34	27	44	35	26	132	2	1	2	1	0	3	4	2	0	0	2	0	0	0	0	0	0	0	0	0	0
NZ_LR134378.1	3p	-	35	20	43	20	23	106	1	1	1	0	0	0	4	0	2	0	1	0	0	0	0	0	0	0	0	0	0
NZ_LR134378.1	3p	-	36	11	36	37	12	96	0	2	2	1	0	0	3	1	1	0	0	0	0	0	0	0	0	0	0	0	0
NZ_LR134378.1	3p	-	37	14	32	34	9	89	0	4	0	1	0	0	1	0	0	0	2	0	0	0	0	0	0	0	0	0	0
NZ_LR134378.1	3p	-	38	11	23	19	19	72	2	2	0	1	0	0	2	0	0	0	0	1	0	0	0	0	0	0	0	0	0
NZ_LR134378.1	3p	-	39	11	22	17	12	62	0	3	1	1	0	0	2	1	1	0	0	0	0	0	0	0	0	0	0	0	0
NZ_LR134378.1	3p	-	40	11	21	14	11	57	1	2	0	0	1	0	0	0	0	0	0	0	0	0	0	0	0	0	0	0	0
NZ_LR134378.1	3p	-	41	9	13	16	14	52	0	0	0	0	0	0	0	0	1	0	1	0	0	0	0	0	0	0	0	0	0
NZ_LR134378.1	3p	-	42	7	13	21	8	49	0	2	0	0	0	0	0	0	0	0	0	2	0	0	0	0	0	0	0	0	0
NZ_LR134378.1	3p	-	43	8	11	12	8	39	0	0	0	1	0	0	0	1	1	0	1	0	0	0	0	0	0	0	0	0	0
NZ_LR134378.1	3p	-	44	8	10	10	8	36	0	5	0	0	0	0	0	0	0	0	1	1	0	0	0	0	0	0	0	0	0
NZ_LR134378.1	3p	-	45	4	10	9	3	26	0	1	0	0	0	0	0	0	0	0	0	0	0	0	0	0	0	0	0	0	0
NZ_LR134378.1	3p	-	46	3	8	8	5	24	0	0	0	0	0	0	1	0	0	0	0	1	0	0	0	0	0	0	0	0	0
NZ_LR134378.1	3p	-	47	1	9	2	7	19	0	0	0	0	0	0	0	1	0	0	0	0	0	0	0	0	0	0	0	0	0
NZ_LR134378.1	3p	-	48	4	5	5	1	15	0	0	0	0	0	1	0	0	0	0	0	0	0	0	0	0	0	0	0	0	0
NZ_LR134378.1	3p	-	49	0	2	6	5	13	0	0	0	1	0	0	1	0	0	0	1	0	0	0	0	0	0	0	0	0	0
NZ_LR134378.1	3p	-	50	2	1	2	5	10	0	0	0	0	0	0	0	0	0	0	0	0	0	0	0	0	0	0	0	0	0
NZ_LR134378.1	3p	-	51	0	5	1	1	7	0	0	0	0	0	0	0	0	0	0	0	0	0	0	0	0	0	0	0	0	0
NZ_LR134378.1	3p	-	52	1	2	3	0	6	0	0	0	0	0	0	0	0	0	0	0	0	0	0	0	0	0	0	0	0	0
NZ_LR134378.1	3p	-	53	2	2	0	2	6	0	0	0	0	0	0	1	0	0	0	0	0	0	0	0	0	0	0	0	0	0
NZ_LR134378.1	3p	-	54	0	1	4	1	6	0	0	0	0	0	0	0	0	0	0	0	0	0	0	0	0	0	0	0	0	0
NZ_LR134378.1	3p	-	55	1	0	1	2	4	0	0	0	0	0	0	0	0	0	0	0	0	0	0	0	0	0	0	0	0	0
NZ_LR134378.1	3p	-	56	1	1	1	1	4	0	0	0	0	0	0	0	0	0	0	0	0	0	0	0	0	0	0	0	0	0
NZ_LR134378.1	3p	-	57	0	1	2	0	3	0	0	0	0	0	0	0	0	0	0	0	0	0	0	0	0	0	0	0	0	0
NZ_LR134378.1	3p	-	58	0	1	2	0	3	0	0	0	0	0	0	0	0	0	0	0	0	0	0	0	0	0	0	0	0	0
NZ_LR134378.1	3p	-	59	0	1	1	1	3	0	0	0	0	0	0	0	0	0	0	0	0	0	0	0	0	0	0	0	0	0
NZ_LR134378.1	3p	-	60	1	2	0	0	3	0	0	0	0	0	0	0	0	0	0	0	0	0	0	0	0	0	0	0	0	0
NZ_LR134378.1	3p	-	61	0	2	1	0	3	0	0	0	0	0	0	0	0	0	0	0	0	0	0	0	0	0	0	0	0	0
NZ_LR134378.1	3p	-	62	2	1	0	0	3	0	0	0	0	0	0	0	0	0	0	0	0	0	0	0	0	0	0	0	0	0
NZ_LR134378.1	3p	-	63	1	2	0	0	3	0	0	0	0	0	0	0	0	0	0	0	0	0	0	0	0	0	0	0	0	0
NZ_LR134378.1	3p	-	64	0	1	1	1	3	0	0	0	0	0	0	0	0	0	0	0	0	0	0	0	0	0	0	0	0	0
NZ_LR134378.1	3p	-	65	1	0	1	0	2	0	0	0	0	0	0	0	0	0	0	0	0	0	0	0	0	0	0	0	0	0
NZ_LR134378.1	3p	-	66	0	1	1	0	2	0	0	0	0	0	0	0	0	0	0	0	0	0	0	0	0	0	0	0	0	0
NZ_LR134378.1	3p	-	67	0	1	1	0	2	0	0	0	0	0	0	0	0	0	0	0	0	0	0	0	0	0	0	0	0	0
NZ_LR134378.1	3p	-	68	2	0	0	0	2	0	0	0	0	0	0	0	0	0	0	0	0	0	0	0	0	0	0	0	0	0
NZ_LR134378.1	3p	-	69	1	1	0	0	2	0	0	0	0	0	0	0	0	0	0	0	0	0	0	0	0	0	0	0	0	0
NZ_LR134378.1	3p	-	70	0	0	1	0	1	0	0	0	0	0	0	0	0	0	0	0	0	0	0	0	0	0	0	0	0	0
NZ_LR134378.1	5p	+	1	48	96	59	78	281	0	13	1	1	2	1	3	4	0	2	6	3	0	0	0	0	0	0	0	0	0
NZ_LR134378.1	5p	+	2	44	111	74	52	281	2	8	1	0	2	0	5	1	1	4	5	3	0	0	0	0	0	0	0	0	0
NZ_LR134378.1	5p	+	3	49	87	108	37	281	3	2	2	1	1	0	4	0	0	1	11	1	0	0	0	0	0	0	0	0	0
NZ_LR134378.1	5p	+	4	72	78	75	55	280	1	2	0	0	1	0	2	1	1	1	2	0	0	0	0	0	0	0	1	0	0
NZ_LR134378.1	5p	+	5	39	103	92	46	280	0	3	2	1	0	0	4	0	2	0	3	1	0	0	0	1	0	0	1	0	0
NZ_LR134378.1	5p	+	6	45	95	93	47	280	2	3	3	2	0	2	3	2	0	0	4	3	0	0	0	0	1	0	0	0	0
NZ_LR134378.1	5p	+	7	53	92	83	52	280	1	1	0	1	2	2	3	1	1	1	6	1	0	0	0	0	0	0	0	1	0
NZ_LR134378.1	5p	+	8	34	100	105	42	281	2	4	3	5	0	1	3	0	0	2	3	0	0	0	0	0	0	0	0	0	0
NZ_LR134378.1	5p	+	9	66	91	81	42	280	0	0	3	3	1	0	8	0	1	0	6	0	0	0	0	0	0	0	1	0	0
NZ_LR134378.1	5p	+	10	57	98	79	47	281	0	1	0	0	0	0	2	0	0	0	2	0	0	0	0	0	0	0	0	0	0
NZ_LR134378.1	5p	+	11	47	104	80	50	281	1	3	4	0	0	0	2	2	0	0	5	0	0	0	0	0	0	0	0	0	0
NZ_LR134378.1	5p	+	12	53	90	99	38	280	4	2	0	4	0	1	2	3	0	1	4	0	1	0	0	0	0	0	1	0	0
NZ_LR134378.1	5p	+	13	62	77	87	53	279	2	1	1	2	1	1	2	0	0	0	4	1	0	0	0	0	0	0	2	0	0
NZ_LR134378.1	5p	+	14	54	106	76	45	281	1	2	2	2	1	1	6	0	0	0	6	0	0	0	0	0	0	0	0	0	0
NZ_LR134378.1	5p	+	15	50	103	79	48	280	1	1	3	1	0	0	6	0	1	0	4	1	0	0	0	0	0	0	1	0	0
NZ_LR134378.1	5p	+	16	53	81	88	59	281	1	1	1	2	1	1	1	1	0	0	8	2	0	0	0	0	0	0	0	0	0
NZ_LR134378.1	5p	+	17	54	91	98	38	281	1	2	3	0	2	0	4	1	0	2	6	3	0	0	0	1	0	0	0	0	0
NZ_LR134378.1	5p	+	18	48	100	93	40	281	2	0	2	2	0	0	6	0	0	0	4	0	0	0	0	0	0	0	0	0	0
NZ_LR134378.1	5p	+	19	52	96	82	50	280	3	2	3	2	2	1	3	1	1	0	4	2	0	0	0	0	0	0	0	1	0
NZ_LR134378.1	5p	+	20	42	103	97	38	280	3	3	1	1	0	0	2	0	0	1	5	0	0	0	0	0	0	1	0	0	0
NZ_LR134378.1	5p	+	21	64	85	93	39	281	2	1	1	2	1	0	1	0	1	0	4	0	0	0	0	0	0	0	0	0	0
NZ_LR134378.1	5p	+	22	61	103	73	44	281	0	1	1	0	0	1	4	0	1	1	5	2	1	0	0	0	0	0	0	0	0
NZ_LR134378.1	5p	+	23	63	93	81	43	280	0	4	3	1	0	0	5	2	1	0	7	0	0	0	1	0	0	0	1	0	0
NZ_LR134378.1	5p	+	24	41	98	97	45	281	2	2	0	3	0	1	5	2	1	2	3	4	0	0	0	0	0	0	0	0	0
NZ_LR134378.1	5p	+	25	56	103	75	46	280	2	4	1	1	1	0	2	0	0	2	5	2	0	0	0	0	0	0	0	1	0
NZ_LR134378.1	5p	+	26	41	123	85	31	280	0	3	0	1	1	0	6	1	1	0	5	0	1	0	0	0	1	0	0	0	0
NZ_LR134378.1	5p	+	27	60	88	94	39	281	4	0	4	0	1	0	4	1	0	0	4	1	0	0	0	1	0	0	0	0	0
NZ_LR134378.1	5p	+	28	67	87	82	45	281	0	3	2	2	2	0	2	2	0	0	1	0	0	0	0	0	0	0	0	0	0
NZ_LR134378.1	5p	+	29	55	90	97	39	281	0	3	5	2	0	1	5	1	1	0	8	0	0	0	0	0	0	0	0	0	0
NZ_LR134378.1	5p	+	30	66	95	80	40	281	2	10	2	1	0	1	3	2	0	2	6	0	0	0	0	0	0	0	0	0	0
NZ_LR134378.1	5p	+	31	57	80	58	40	235	2	6	2	1	0	0	2	1	1	0	3	1	0	0	0	0	0	0	0	0	0
NZ_LR134378.1	5p	+	32	39	70	54	33	196	1	11	0	1	0	0	5	0	0	1	0	1	0	0	0	0	0	0	0	0	0
NZ_LR134378.1	5p	+	33	36	54	51	26	167	2	2	0	1	0	0	2	0	0	0	2	0	0	0	0	0	0	0	0	0	0
NZ_LR134378.1	5p	+	34	31	51	37	31	150	1	3	0	1	1	1	0	0	0	0	3	2	0	0	0	0	0	0	0	0	0
NZ_LR134378.1	5p	+	35	20	41	46	18	125	0	1	0	2	0	0	2	0	1	0	3	0	0	0	0	0	0	0	0	0	0
NZ_LR134378.1	5p	+	36	22	36	30	19	107	0	1	0	1	1	1	1	1	0	1	2	0	0	0	0	0	0	0	0	0	0
NZ_LR134378.1	5p	+	37	21	32	19	23	95	0	2	1	3	0	1	1	0	0	1	2	0	0	0	0	0	0	0	0	0	0
NZ_LR134378.1	5p	+	38	17	19	36	10	82	0	1	1	1	1	0	0	0	0	0	6	1	0	0	0	0	0	0	0	0	0
NZ_LR134378.1	5p	+	39	9	24	29	9	71	0	0	0	0	0	0	0	0	0	0	0	1	0	0	0	0	0	0	0	0	0
NZ_LR134378.1	5p	+	40	13	31	9	11	64	1	2	0	0	1	0	1	0	0	1	0	0	1	0	0	0	0	0	0	0	0
NZ_LR134378.1	5p	+	41	12	21	19	6	58	1	1	0	0	0	0	0	1	0	0	3	0	0	0	0	0	0	0	0	0	0
NZ_LR134378.1	5p	+	42	20	14	11	10	55	0	2	0	0	0	2	0	0	0	0	0	2	0	0	0	0	0	0	0	0	0
NZ_LR134378.1	5p	+	43	7	15	16	10	48	1	1	0	1	1	0	0	0	0	0	1	0	0	0	0	0	0	0	0	0	0
NZ_LR134378.1	5p	+	44	5	18	10	5	38	0	1	0	1	0	0	1	1	1	0	1	0	0	0	0	0	0	0	0	0	0
NZ_LR134378.1	5p	+	45	8	7	9	7	31	0	1	0	0	0	0	0	0	1	0	1	0	0	0	0	0	0	0	0	0	0
NZ_LR134378.1	5p	+	46	5	8	9	6	28	1	1	0	0	0	0	0	0	1	0	0	0	0	0	0	0	0	0	0	0	0
NZ_LR134378.1	5p	+	47	7	6	8	2	23	0	0	0	0	1	0	0	0	0	0	0	0	0	0	0	0	0	0	0	0	0
NZ_LR134378.1	5p	+	48	6	5	5	5	21	1	1	0	0	0	0	0	0	0	1	0	0	0	0	0	0	0	0	0	0	0
NZ_LR134378.1	5p	+	49	1	5	2	6	14	0	0	0	0	0	0	0	0	0	0	0	0	0	0	0	0	0	0	0	0	0
NZ_LR134378.1	5p	+	50	0	3	8	0	11	0	1	0	0	0	0	0	0	0	0	0	0	0	0	0	0	0	0	0	0	0
NZ_LR134378.1	5p	+	51	1	3	4	3	11	0	0	0	0	0	0	0	0	0	0	0	0	0	0	0	0	0	0	0	0	0
NZ_LR134378.1	5p	+	52	3	3	2	1	9	0	1	0	0	0	0	0	0	0	0	1	0	0	0	0	0	0	0	0	0	0
NZ_LR134378.1	5p	+	53	0	0	6	1	7	0	0	0	1	0	0	0	0	0	0	1	0	0	0	0	0	0	0	0	0	0
NZ_LR134378.1	5p	+	54	1	1	2	1	5	0	0	0	0	0	0	0	0	0	0	0	0	0	0	0	0	0	0	0	0	0
NZ_LR134378.1	5p	+	55	0	2	1	1	4	0	0	0	0	0	0	0	0	0	0	1	0	0	0	0	0	0	0	0	0	0
NZ_LR134378.1	5p	+	56	0	1	2	0	3	0	0	0	0	0	0	0	1	0	0	0	0	0	0	0	0	0	0	0	0	0
NZ_LR134378.1	5p	+	57	0	0	2	1	3	0	0	0	0	0	0	0	0	0	0	0	0	0	0	0	0	0	0	0	0	0
NZ_LR134378.1	5p	+	58	0	1	1	0	2	0	0	0	0	0	0	0	0	0	0	1	0	0	0	0	0	0	0	0	0	0
NZ_LR134378.1	5p	+	59	1	1	0	0	2	0	0	0	0	0	0	0	0	0	0	0	0	0	0	0	0	0	0	0	0	0
NZ_LR134378.1	5p	+	60	0	1	0	1	2	0	0	0	0	0	0	0	0	0	0	0	0	0	0	0	0	0	0	0	0	0
NZ_LR134378.1	5p	+	61	1	1	0	0	2	0	0	0	0	0	0	0	0	0	0	0	0	0	0	0	0	0	0	0	0	0
NZ_LR134378.1	5p	+	62	1	0	1	0	2	0	0	0	0	0	0	0	0	0	0	0	0	0	0	0	0	0	0	0	0	0
NZ_LR134378.1	5p	+	63	0	0	1	1	2	0	0	0	0	0	0	0	0	0	0	0	0	0	0	0	0	0	0	0	0	0
NZ_LR134378.1	5p	+	64	1	0	1	0	2	0	0	0	0	0	0	0	0	0	0	0	0	0	0	0	0	0	0	0	0	0
NZ_LR134378.1	5p	+	65	0	0	1	0	1	0	0	0	0	0	0	0	0	0	0	0	0	0	0	0	0	0	0	0	0	0
NZ_LR134378.1	5p	+	66	0	0	0	0	0	0	0	0	0	0	0	0	0	0	0	0	0	0	0	0	0	0	0	0	0	0
NZ_LR134378.1	5p	+	67	0	0	0	0	0	0	0	0	0	0	0	0	0	0	0	0	0	0	0	0	0	0	0	0	0	0
NZ_LR134378.1	5p	+	68	0	0	0	0	0	0	0	0	0	0	0	0	0	0	0	0	0	0	0	0	0	0	0	0	0	0
NZ_LR134378.1	5p	+	69	0	0	0	0	0	0	0	0	0	0	0	0	0	0	0	0	0	0	0	0	0	0	0	0	0	0
NZ_LR134378.1	5p	+	70	0	0	0	0	0	0	0	0	0	0	0	0	0	0	0	0	0	0	0	0	0	0	0	0	0	0
NZ_LR134378.1	5p	-	1	54	89	54	93	290	3	21	1	3	1	4	2	3	3	1	1	4	0	0	0	0	0	0	0	0	0
NZ_LR134378.1	5p	-	2	44	106	88	52	290	1	10	1	3	2	1	6	3	3	0	7	5	0	0	0	0	0	0	0	0	0
NZ_LR134378.1	5p	-	3	60	86	118	26	290	4	3	2	0	0	2	5	1	0	0	3	1	0	0	0	0	0	0	0	0	0
NZ_LR134378.1	5p	-	4	61	93	71	65	290	0	3	0	5	0	2	6	1	1	1	3	1	0	0	0	0	0	0	0	0	0
NZ_LR134378.1	5p	-	5	42	107	97	43	289	2	7	0	1	0	1	4	0	2	0	5	1	0	0	0	0	1	0	0	0	0
NZ_LR134378.1	5p	-	6	47	88	108	46	289	3	3	3	2	1	1	5	0	0	0	9	0	0	0	0	0	0	1	0	0	0
NZ_LR134378.1	5p	-	7	67	97	71	55	290	2	2	1	1	2	0	4	2	0	1	2	1	0	0	0	0	0	0	0	0	0
NZ_LR134378.1	5p	-	8	55	92	101	41	289	1	4	0	0	4	1	6	1	2	0	8	2	0	0	1	0	0	0	1	0	0
NZ_LR134378.1	5p	-	9	53	86	112	39	290	1	0	8	4	1	1	6	1	0	0	4	2	0	0	0	0	0	0	0	0	0
NZ_LR134378.1	5p	-	10	71	93	82	44	290	2	2	4	1	1	2	6	2	0	2	0	0	0	0	0	0	0	0	0	0	0
NZ_LR134378.1	5p	-	11	48	110	101	31	290	1	1	1	1	0	0	2	0	0	0	1	0	0	0	0	0	0	0	0	0	0
NZ_LR134378.1	5p	-	12	55	87	105	43	290	1	2	3	1	1	1	3	3	1	0	3	1	0	0	0	0	0	0	0	0	0
NZ_LR134378.1	5p	-	13	49	84	88	69	290	1	2	0	2	1	2	1	1	0	2	0	0	0	0	0	0	0	0	0	0	0
NZ_LR134378.1	5p	-	14	43	120	86	40	289	1	2	2	2	0	0	3	1	2	1	3	1	0	0	0	0	0	0	1	0	0
NZ_LR134378.1	5p	-	15	52	93	109	36	290	2	4	2	2	2	1	3	1	1	0	10	1	1	0	0	0	0	0	0	0	0
NZ_LR134378.1	5p	-	16	63	95	65	67	290	0	3	1	2	2	0	3	1	2	2	6	0	0	0	0	0	0	0	0	0	0
NZ_LR134378.1	5p	-	17	53	111	80	46	290	0	1	1	2	2	1	3	0	2	0	4	1	1	0	0	0	0	0	0	0	0
NZ_LR134378.1	5p	-	18	47	102	103	37	289	0	3	3	1	1	1	3	1	0	1	6	0	0	0	0	0	1	0	0	0	0
NZ_LR134378.1	5p	-	19	59	95	78	58	290	2	1	1	3	1	1	2	1	0	0	1	0	0	0	0	0	0	0	0	0	0
NZ_LR134378.1	5p	-	20	42	118	95	35	290	1	2	2	2	0	0	7	1	0	0	2	0	0	0	0	0	0	0	0	0	0
NZ_LR134378.1	5p	-	21	56	97	93	43	289	4	1	1	5	1	1	2	0	1	0	3	0	0	0	1	0	0	0	0	1	0
NZ_LR134378.1	5p	-	22	73	96	61	60	290	1	0	0	2	1	0	7	2	0	2	4	0	0	0	0	0	0	0	0	0	0
NZ_LR134378.1	5p	-	23	47	102	101	39	289	2	2	0	2	0	2	4	2	0	0	5	0	0	0	0	0	0	0	1	0	0
NZ_LR134378.1	5p	-	24	41	107	94	48	290	2	3	4	0	0	0	7	1	1	0	1	1	0	0	0	0	0	0	0	0	0
NZ_LR134378.1	5p	-	25	47	114	78	51	290	1	1	0	1	1	1	4	1	0	0	1	0	0	0	0	0	0	0	0	0	0
NZ_LR134378.1	5p	-	26	34	116	90	50	290	1	2	1	1	0	1	6	1	2	1	3	0	0	0	0	0	0	0	0	0	0
NZ_LR134378.1	5p	-	27	61	81	115	32	289	1	1	2	1	2	0	5	0	1	1	6	1	0	0	0	0	0	0	1	0	0
NZ_LR134378.1	5p	-	28	74	97	66	53	290	1	5	2	1	1	3	5	0	1	0	2	2	0	0	0	0	0	0	0	0	0
NZ_LR134378.1	5p	-	29	45	107	84	53	289	2	5	0	5	0	2	6	0	0	1	3	2	0	0	0	0	0	0	0	1	0
NZ_LR134378.1	5p	-	30	51	98	96	45	290	3	6	1	1	1	0	5	1	1	0	6	2	0	0	0	0	0	0	0	0	0
NZ_LR134378.1	5p	-	31	56	70	67	55	248	3	5	1	2	0	1	1	0	1	1	3	2	0	0	0	0	0	0	0	0	0
NZ_LR134378.1	5p	-	32	41	63	69	32	205	1	4	0	5	1	1	2	1	0	0	7	2	0	0	0	0	0	0	0	0	0
NZ_LR134378.1	5p	-	33	31	58	50	27	166	4	2	1	0	1	0	3	1	0	0	3	0	0	0	0	0	0	0	0	0	0
NZ_LR134378.1	5p	-	34	36	36	33	26	131	0	2	1	0	0	0	0	0	0	0	0	0	0	0	0	0	0	1	0	0	0
NZ_LR134378.1	5p	-	35	18	38	32	18	106	0	3	0	1	1	0	1	0	1	0	1	2	0	0	0	0	0	0	0	0	0
NZ_LR134378.1	5p	-	36	17	35	28	16	96	0	2	0	1	1	3	2	0	1	1	1	1	0	0	0	0	0	0	0	0	0
NZ_LR134378.1	5p	-	37	15	29	21	24	89	0	1	0	1	0	1	0	0	0	0	0	0	0	0	0	0	0	0	0	0	0
NZ_LR134378.1	5p	-	38	10	23	26	13	72	0	1	0	0	0	0	2	0	0	0	2	1	0	0	0	0	0	0	0	0	0
NZ_LR134378.1	5p	-	39	14	13	24	11	62	0	0	2	0	0	2	0	0	0	0	1	0	0	0	0	0	0	0	0	0	0
NZ_LR134378.1	5p	-	40	10	15	19	13	57	0	0	0	1	1	0	1	0	0	0	0	0	0	0	0	0	0	0	0	0	0
NZ_LR134378.1	5p	-	41	5	21	17	9	52	0	1	0	0	0	0	1	0	0	0	0	0	0	0	0	0	0	0	0	0	0
NZ_LR134378.1	5p	-	42	11	14	20	4	49	1	0	0	0	0	0	0	0	0	0	0	1	0	0	0	0	0	0	0	0	0
NZ_LR134378.1	5p	-	43	9	12	10	8	39	1	1	0	1	0	0	1	1	0	0	0	0	0	0	0	1	0	0	0	0	0
NZ_LR134378.1	5p	-	44	6	14	11	5	36	0	1	0	0	0	0	1	0	0	0	1	1	0	0	0	0	0	0	0	0	0
NZ_LR134378.1	5p	-	45	4	7	13	2	26	0	0	0	0	0	0	2	0	0	0	1	0	0	0	0	0	0	0	0	0	0
NZ_LR134378.1	5p	-	46	8	5	9	2	24	0	0	0	0	1	0	0	0	0	0	0	1	0	0	0	0	0	0	0	0	0
NZ_LR134378.1	5p	-	47	4	7	6	2	19	0	1	0	0	1	0	0	0	0	0	0	0	0	0	0	0	0	0	0	0	0
NZ_LR134378.1	5p	-	48	3	4	5	3	15	0	0	0	0	0	0	0	0	0	1	0	0	0	0	0	0	0	0	0	0	0
NZ_LR134378.1	5p	-	49	7	2	3	1	13	0	0	0	0	0	1	1	0	0	0	1	0	0	0	0	0	0	0	0	0	0
NZ_LR134378.1	5p	-	50	4	3	3	0	10	0	0	0	0	0	0	0	0	0	0	0	0	0	0	0	0	0	0	0	0	0
NZ_LR134378.1	5p	-	51	0	2	3	2	7	0	1	0	1	0	0	0	0	0	0	0	0	0	0	0	0	0	0	0	0	0
NZ_LR134378.1	5p	-	52	0	4	2	0	6	0	0	0	0	0	0	0	0	0	0	0	0	0	0	0	0	0	0	0	0	0
NZ_LR134378.1	5p	-	53	2	1	3	0	6	0	0	0	0	0	0	0	0	0	0	0	0	0	0	0	0	0	0	0	0	0
NZ_LR134378.1	5p	-	54	1	1	3	1	6	0	0	0	0	0	0	0	0	0	0	0	0	0	0	0	0	0	0	0	0	0
NZ_LR134378.1	5p	-	55	0	1	2	1	4	0	0	0	0	0	0	0	0	0	0	0	0	0	0	0	0	0	0	0	0	0
NZ_LR134378.1	5p	-	56	1	1	2	0	4	0	0	0	0	0	0	0	0	0	0	0	0	0	0	0	0	0	0	0	0	0
NZ_LR134378.1	5p	-	57	1	0	1	1	3	0	0	0	0	0	0	0	0	0	0	0	0	0	0	0	0	0	0	0	0	0
NZ_LR134378.1	5p	-	58	1	0	1	1	3	0	0	0	0	0	0	0	0	0	0	0	0	0	0	0	0	0	0	0	0	0
NZ_LR134378.1	5p	-	59	1	1	1	0	3	0	0	0	0	0	0	0	0	0	0	0	0	0	0	0	0	0	0	0	0	0
NZ_LR134378.1	5p	-	60	0	2	1	0	3	0	0	0	0	0	0	0	0	0	0	0	0	0	0	0	0	0	0	0	0	0
NZ_LR134378.1	5p	-	61	0	2	0	1	3	0	0	0	0	0	0	0	0	0	0	0	0	0	0	0	0	0	0	0	0	0
NZ_LR134378.1	5p	-	62	0	2	0	1	3	0	0	0	0	0	0	0	0	0	0	0	0	0	0	0	0	0	0	0	0	0
NZ_LR134378.1	5p	-	63	1	1	1	0	3	0	0	0	0	0	0	0	0	0	0	0	0	0	0	0	0	0	0	0	0	0
NZ_LR134378.1	5p	-	64	0	1	1	1	3	0	0	0	0	0	0	0	0	0	0	0	0	0	0	0	0	0	0	0	0	0
NZ_LR134378.1	5p	-	65	1	0	1	0	2	0	0	0	0	0	0	0	0	0	0	0	0	0	0	0	0	0	0	0	0	0
NZ_LR134378.1	5p	-	66	0	2	0	0	2	0	0	0	0	0	0	0	1	0	0	0	0	0	0	0	0	0	0	0	0	0
NZ_LR134378.1	5p	-	67	1	0	1	0	2	1	0	0	0	0	0	0	0	0	0	0	0	0	0	0	0	0	0	0	0	0
NZ_LR134378.1	5p	-	68	0	2	0	0	2	0	1	0	0	0	0	0	0	0	0	0	0	0	0	0	0	0	0	0	0	0
NZ_LR134378.1	5p	-	69	0	2	0	0	2	0	0	0	0	0	0	0	0	0	0	0	0	0	0	0	0	0	0	0	0	0
NZ_LR134378.1	5p	-	70	0	0	0	1	1	0	0	0	0	0	0	0	0	0	0	0	0	0	0	0	0	0	0	0	0	0
