# table produced by mapDamage version 2.2.3
# using mapped file /mnt/archgen/microbiome_calculus/library_ds_vs_ss/04-analysis/normalize_kraken/mapping/neisseria_elongata/out/VLD001.A0101.SG1.1_5M.mapped_n_elongata_q25l30_rmdup.bam and /mnt/archgen/microbiome_calculus/library_ds_vs_ss/04-analysis/normalize_kraken/mapping/neisseria_elongata/input/GCF_900453895.1_42925_E01_genomic.fna as reference file
# Chr: reference from sam/bam header, End: from which termini of DNA sequences, Std: strand of reads
Chr	End	Std	Pos	A	C	G	T	Total	G>A	C>T	A>G	T>C	A>C	A>T	C>G	C>A	T>G	T>A	G>C	G>T	A>-	T>-	C>-	G>-	->A	->T	->C	->G	S
NZ_UGQW01000001.1	3p	+	1	3	6	2	3	14	1	1	0	0	0	0	0	0	0	0	0	0	0	0	0	0	0	0	0	0	0
NZ_UGQW01000001.1	3p	+	2	6	4	1	3	14	0	0	0	0	0	0	0	0	0	0	0	0	0	0	0	0	0	0	0	0	0
NZ_UGQW01000001.1	3p	+	3	3	3	3	5	14	0	0	0	0	0	0	0	0	0	0	0	0	0	0	0	0	0	0	0	0	0
NZ_UGQW01000001.1	3p	+	4	3	4	4	3	14	0	0	0	1	0	0	0	0	0	0	0	0	0	0	0	0	0	0	0	0	0
NZ_UGQW01000001.1	3p	+	5	4	4	4	2	14	0	0	0	0	1	0	0	0	0	0	0	0	0	0	0	0	0	0	0	0	0
NZ_UGQW01000001.1	3p	+	6	3	5	5	1	14	0	1	0	1	0	0	1	0	0	0	0	0	0	0	0	0	0	0	0	0	0
NZ_UGQW01000001.1	3p	+	7	3	5	4	2	14	0	0	0	0	0	0	0	0	0	0	1	0	0	0	0	0	0	0	0	0	0
NZ_UGQW01000001.1	3p	+	8	2	5	6	1	14	0	0	0	0	0	1	0	0	0	0	0	0	0	0	0	0	0	0	0	0	0
NZ_UGQW01000001.1	3p	+	9	2	6	2	4	14	0	0	0	0	0	1	0	0	0	0	0	0	0	0	0	0	0	0	0	0	0
NZ_UGQW01000001.1	3p	+	10	7	2	2	3	14	0	0	0	1	0	0	0	0	0	0	0	0	0	0	0	0	0	0	0	0	0
NZ_UGQW01000001.1	3p	+	11	5	5	3	1	14	0	0	0	0	0	0	0	0	0	0	0	0	0	0	0	0	0	0	0	0	0
NZ_UGQW01000001.1	3p	+	12	3	7	3	1	14	0	0	0	0	0	0	0	0	0	0	0	0	0	0	0	0	0	0	0	0	0
NZ_UGQW01000001.1	3p	+	13	4	3	6	1	14	0	0	0	0	0	0	0	0	0	0	0	0	0	0	0	0	0	0	0	0	0
NZ_UGQW01000001.1	3p	+	14	3	5	4	2	14	0	0	1	0	0	0	0	0	0	0	0	0	0	0	0	0	0	0	0	0	0
NZ_UGQW01000001.1	3p	+	15	4	4	3	3	14	0	0	0	0	0	0	1	0	0	0	1	0	0	0	0	0	0	0	0	0	0
NZ_UGQW01000001.1	3p	+	16	2	4	5	3	14	0	0	0	0	0	0	0	0	1	0	0	0	0	0	0	0	0	0	0	0	0
NZ_UGQW01000001.1	3p	+	17	3	6	5	0	14	0	0	0	0	0	0	0	0	0	0	0	0	0	0	0	0	0	0	0	0	0
NZ_UGQW01000001.1	3p	+	18	4	3	4	3	14	0	0	0	0	0	0	0	0	1	0	0	0	0	0	0	0	0	0	0	0	0
NZ_UGQW01000001.1	3p	+	19	5	1	4	4	14	0	0	0	0	0	0	0	0	0	0	0	0	0	0	0	0	0	0	0	0	0
NZ_UGQW01000001.1	3p	+	20	1	7	4	2	14	0	0	0	0	0	0	0	0	0	0	0	0	0	0	0	0	0	0	0	0	0
NZ_UGQW01000001.1	3p	+	21	2	5	6	1	14	0	0	0	1	0	0	1	0	0	0	0	0	0	0	0	0	0	0	0	0	0
NZ_UGQW01000001.1	3p	+	22	4	2	4	4	14	0	0	0	0	0	0	0	0	0	0	0	0	0	0	0	0	0	0	0	0	0
NZ_UGQW01000001.1	3p	+	23	5	5	2	2	14	0	0	1	0	0	1	0	0	0	0	1	0	0	0	0	0	0	0	0	0	0
NZ_UGQW01000001.1	3p	+	24	4	6	3	1	14	0	0	0	0	0	0	0	0	0	0	0	0	0	0	0	0	0	0	0	0	0
NZ_UGQW01000001.1	3p	+	25	3	3	5	3	14	0	0	0	0	0	0	0	0	0	0	0	0	0	0	0	0	0	0	0	0	0
NZ_UGQW01000001.1	3p	+	26	2	3	8	1	14	1	0	0	0	0	0	1	0	0	0	0	0	0	0	0	0	0	0	0	0	0
NZ_UGQW01000001.1	3p	+	27	5	6	2	1	14	0	1	0	0	0	1	0	0	0	0	0	0	0	0	0	0	0	0	0	0	0
NZ_UGQW01000001.1	3p	+	28	2	3	4	5	14	0	0	1	1	0	0	0	0	0	0	0	0	0	0	0	0	0	0	0	0	0
NZ_UGQW01000001.1	3p	+	29	3	3	4	4	14	0	0	0	0	0	0	1	0	0	0	0	0	0	0	0	0	0	0	0	0	0
NZ_UGQW01000001.1	3p	+	30	4	4	4	2	14	0	0	0	0	0	0	0	0	0	0	0	0	0	0	0	0	0	0	0	0	0
NZ_UGQW01000001.1	3p	+	31	1	3	2	3	9	0	0	0	0	0	0	0	0	0	0	0	0	0	0	0	0	0	0	0	0	0
NZ_UGQW01000001.1	3p	+	32	2	3	2	1	8	0	0	1	0	0	0	0	0	0	0	0	0	0	0	0	0	0	0	0	0	0
NZ_UGQW01000001.1	3p	+	33	1	1	4	0	6	0	0	0	0	0	0	0	0	0	0	0	0	0	0	0	0	0	0	0	0	0
NZ_UGQW01000001.1	3p	+	34	1	2	0	2	5	0	0	0	0	0	0	0	0	0	0	0	0	0	0	0	0	0	0	0	0	0
NZ_UGQW01000001.1	3p	+	35	0	3	1	0	4	0	0	0	0	0	0	0	0	0	0	0	0	0	0	0	0	0	0	0	0	0
NZ_UGQW01000001.1	3p	+	36	0	1	1	2	4	0	0	0	0	0	0	0	0	0	0	0	0	0	0	0	0	0	0	0	0	0
NZ_UGQW01000001.1	3p	+	37	0	1	2	1	4	0	0	0	0	0	0	0	0	0	0	1	0	0	0	0	0	0	0	0	0	0
NZ_UGQW01000001.1	3p	+	38	0	2	1	1	4	0	0	0	0	0	0	0	0	0	0	0	0	0	0	0	0	0	0	0	0	0
NZ_UGQW01000001.1	3p	+	39	1	0	0	2	3	0	0	0	0	0	0	0	0	0	0	0	0	0	0	0	0	0	0	0	0	0
NZ_UGQW01000001.1	3p	+	40	1	1	1	0	3	0	0	0	0	0	0	0	0	0	0	0	0	0	0	0	0	0	0	0	0	0
NZ_UGQW01000001.1	3p	+	41	0	1	2	0	3	0	0	0	0	0	0	0	0	0	0	0	0	0	0	0	0	0	0	0	0	0
NZ_UGQW01000001.1	3p	+	42	0	1	1	1	3	0	1	0	0	0	0	0	0	0	0	0	0	0	0	0	0	0	0	0	0	0
NZ_UGQW01000001.1	3p	+	43	1	0	2	0	3	0	0	0	0	0	0	0	0	0	0	0	0	0	0	0	0	0	0	0	0	0
NZ_UGQW01000001.1	3p	+	44	0	3	0	0	3	0	0	0	0	0	0	0	0	0	0	0	0	0	0	0	0	0	0	0	0	0
NZ_UGQW01000001.1	3p	+	45	2	1	0	0	3	0	0	0	0	0	0	1	0	0	0	0	0	0	0	0	0	0	0	0	0	0
NZ_UGQW01000001.1	3p	+	46	0	0	0	2	2	0	0	0	0	0	0	0	0	0	0	0	0	0	0	0	0	0	0	0	0	0
NZ_UGQW01000001.1	3p	+	47	0	0	2	0	2	0	0	0	0	0	0	0	0	0	0	0	0	0	0	0	0	0	0	0	0	0
NZ_UGQW01000001.1	3p	+	48	1	1	0	0	2	0	0	0	0	0	0	0	0	0	0	0	0	0	0	0	0	0	0	0	0	0
NZ_UGQW01000001.1	3p	+	49	0	1	0	1	2	0	0	0	0	0	0	0	0	0	0	0	0	0	0	0	0	0	0	0	0	0
NZ_UGQW01000001.1	3p	+	50	0	1	1	0	2	0	0	0	0	0	0	0	0	0	0	0	0	0	0	0	0	0	0	0	0	0
NZ_UGQW01000001.1	3p	+	51	1	0	0	1	2	0	0	0	0	0	0	0	0	0	0	0	0	0	0	0	0	0	0	0	0	0
NZ_UGQW01000001.1	3p	+	52	2	0	0	0	2	0	0	0	0	0	0	0	0	0	0	0	0	0	0	0	0	0	0	0	0	0
NZ_UGQW01000001.1	3p	+	53	1	1	0	0	2	0	0	0	0	0	0	0	0	0	0	0	0	0	0	0	0	0	0	0	0	0
NZ_UGQW01000001.1	3p	+	54	0	1	0	1	2	0	0	0	0	0	0	0	0	0	0	0	0	0	0	0	0	0	0	0	0	0
NZ_UGQW01000001.1	3p	+	55	1	0	1	0	2	0	0	0	0	0	0	0	0	0	0	0	0	0	0	0	0	0	0	0	0	0
NZ_UGQW01000001.1	3p	+	56	0	0	2	0	2	0	0	0	0	0	0	0	0	0	0	0	0	0	0	0	0	0	0	0	0	0
NZ_UGQW01000001.1	3p	+	57	0	1	0	1	2	0	0	0	0	0	0	0	0	0	0	0	0	0	0	0	0	0	0	0	0	0
NZ_UGQW01000001.1	3p	+	58	0	0	2	0	2	0	0	0	0	0	0	0	0	0	0	0	0	0	0	0	0	0	0	0	0	0
NZ_UGQW01000001.1	3p	+	59	1	0	0	1	2	0	0	0	0	0	0	0	0	0	0	0	0	0	0	0	0	0	0	0	0	0
NZ_UGQW01000001.1	3p	+	60	0	1	1	0	2	0	0	0	0	0	0	0	0	0	0	0	0	0	0	0	0	0	0	0	0	0
NZ_UGQW01000001.1	3p	+	61	0	1	1	0	2	0	0	0	0	0	0	0	0	0	0	0	0	0	0	0	0	0	0	0	0	0
NZ_UGQW01000001.1	3p	+	62	0	1	0	1	2	0	0	0	0	0	0	0	0	0	0	0	0	0	0	0	0	0	0	0	0	0
NZ_UGQW01000001.1	3p	+	63	0	0	2	0	2	0	0	0	0	0	0	0	0	0	0	0	1	0	0	0	0	0	0	0	0	0
NZ_UGQW01000001.1	3p	+	64	0	1	1	0	2	0	0	0	0	0	0	0	0	0	0	0	0	0	0	0	0	0	0	0	0	0
NZ_UGQW01000001.1	3p	+	65	0	1	1	0	2	0	0	0	0	0	0	0	0	0	0	0	0	0	0	0	0	0	0	0	0	0
NZ_UGQW01000001.1	3p	+	66	0	0	2	0	2	0	0	0	0	0	0	0	0	0	0	0	0	0	0	0	0	0	0	0	0	0
NZ_UGQW01000001.1	3p	+	67	1	0	1	0	2	0	0	0	0	0	0	0	0	0	0	0	0	0	0	0	0	0	0	0	0	0
NZ_UGQW01000001.1	3p	+	68	1	0	0	1	2	0	0	0	0	0	0	0	0	0	0	0	0	0	0	0	0	0	0	0	0	0
NZ_UGQW01000001.1	3p	+	69	1	1	0	0	2	0	0	0	0	0	0	0	0	0	0	0	0	0	0	0	0	0	0	0	0	0
NZ_UGQW01000001.1	3p	+	70	0	2	0	0	2	0	0	0	0	0	0	0	0	0	0	0	0	0	0	0	0	0	0	0	0	0
NZ_UGQW01000001.1	3p	-	1	3	1	6	6	16	0	0	1	0	0	0	0	0	0	0	0	0	0	0	0	0	0	0	0	0	0
NZ_UGQW01000001.1	3p	-	2	4	5	4	3	16	0	0	0	0	0	0	0	0	0	0	0	0	0	0	0	0	0	0	0	0	0
NZ_UGQW01000001.1	3p	-	3	5	3	3	5	16	0	0	0	0	0	0	0	0	0	0	0	0	0	0	0	0	0	0	0	0	0
NZ_UGQW01000001.1	3p	-	4	4	6	3	3	16	1	0	0	0	0	0	0	0	0	0	0	0	0	0	0	0	0	0	0	0	0
NZ_UGQW01000001.1	3p	-	5	1	8	5	2	16	0	0	0	0	0	0	0	0	0	0	0	0	0	0	0	0	0	0	0	0	0
NZ_UGQW01000001.1	3p	-	6	2	7	3	4	16	0	0	0	0	1	0	0	0	0	0	0	0	0	0	0	0	0	0	0	0	0
NZ_UGQW01000001.1	3p	-	7	1	3	10	2	16	2	0	0	0	0	0	0	0	0	0	0	0	0	0	0	0	0	0	0	0	0
NZ_UGQW01000001.1	3p	-	8	2	5	6	3	16	0	0	0	1	0	0	0	0	0	0	1	0	0	0	0	0	0	0	0	0	0
NZ_UGQW01000001.1	3p	-	9	2	6	5	3	16	0	0	1	0	0	0	0	0	0	0	0	0	0	0	0	0	0	0	0	0	0
NZ_UGQW01000001.1	3p	-	10	3	4	6	3	16	0	0	0	0	0	0	0	0	0	0	0	0	0	0	0	0	0	0	0	0	0
NZ_UGQW01000001.1	3p	-	11	2	7	6	1	16	1	0	0	0	0	0	0	0	0	0	0	0	0	0	0	0	0	0	0	0	0
NZ_UGQW01000001.1	3p	-	12	2	4	8	2	16	0	0	0	0	0	0	0	0	0	0	0	0	0	0	0	0	0	0	0	0	0
NZ_UGQW01000001.1	3p	-	13	3	5	3	5	16	0	0	0	0	0	0	0	0	0	0	0	0	0	0	0	0	0	0	0	0	0
NZ_UGQW01000001.1	3p	-	14	2	8	3	3	16	0	0	0	1	0	0	0	0	0	0	0	0	0	0	0	0	0	0	0	0	0
NZ_UGQW01000001.1	3p	-	15	5	4	5	2	16	0	1	1	1	0	0	0	0	0	0	0	0	0	0	0	0	0	0	0	0	0
NZ_UGQW01000001.1	3p	-	16	1	8	3	4	16	1	0	0	0	0	0	0	0	0	0	0	0	0	0	0	0	0	0	0	0	0
NZ_UGQW01000001.1	3p	-	17	5	3	5	3	16	1	0	0	1	0	0	0	0	0	0	0	0	0	0	0	0	0	0	0	0	0
NZ_UGQW01000001.1	3p	-	18	2	5	5	4	16	0	0	0	0	0	0	0	0	0	0	0	0	0	0	0	0	0	0	0	0	0
NZ_UGQW01000001.1	3p	-	19	2	3	6	5	16	0	0	0	0	0	0	0	0	0	0	0	0	0	0	0	0	0	0	0	0	0
NZ_UGQW01000001.1	3p	-	20	4	6	2	4	16	1	0	0	0	0	0	0	0	0	0	0	0	0	0	0	0	0	0	0	0	0
NZ_UGQW01000001.1	3p	-	21	5	4	3	4	16	0	0	0	1	1	0	0	0	0	0	1	0	0	0	0	0	0	0	0	0	0
NZ_UGQW01000001.1	3p	-	22	1	5	8	2	16	0	0	0	0	0	0	1	1	0	0	0	0	0	0	0	0	0	0	0	0	0
NZ_UGQW01000001.1	3p	-	23	2	4	6	4	16	0	1	0	2	0	0	0	0	0	0	0	0	0	0	0	0	0	0	0	0	0
NZ_UGQW01000001.1	3p	-	24	2	4	5	5	16	0	1	0	1	0	0	0	0	0	0	0	0	0	0	0	0	0	0	0	0	0
NZ_UGQW01000001.1	3p	-	25	0	9	4	3	16	0	0	0	0	0	0	1	0	0	0	0	0	0	0	0	0	0	0	0	0	0
NZ_UGQW01000001.1	3p	-	26	2	4	6	4	16	0	0	0	0	0	0	0	0	0	0	0	0	0	0	0	0	0	0	0	0	0
NZ_UGQW01000001.1	3p	-	27	2	6	4	4	16	0	0	0	0	0	0	0	0	0	0	0	0	0	0	0	0	0	0	0	0	0
NZ_UGQW01000001.1	3p	-	28	3	5	4	4	16	0	0	0	0	0	0	1	0	0	0	1	0	0	0	0	0	0	0	0	0	0
NZ_UGQW01000001.1	3p	-	29	3	3	3	7	16	0	0	1	1	0	0	0	0	0	0	0	0	0	0	0	0	0	0	0	0	0
NZ_UGQW01000001.1	3p	-	30	4	3	4	5	16	0	0	0	1	0	0	1	0	0	0	0	1	0	0	0	0	0	0	0	0	0
NZ_UGQW01000001.1	3p	-	31	7	2	2	3	14	0	0	0	0	0	0	0	0	0	0	0	0	0	0	0	0	0	0	0	0	0
NZ_UGQW01000001.1	3p	-	32	3	6	2	2	13	0	0	1	2	0	0	0	0	0	0	0	0	0	0	0	0	0	0	0	0	0
NZ_UGQW01000001.1	3p	-	33	4	2	4	1	11	0	0	0	0	0	0	0	0	0	0	0	0	0	0	0	0	0	0	0	0	0
NZ_UGQW01000001.1	3p	-	34	1	4	2	3	10	0	0	0	0	0	0	0	0	0	0	0	0	0	0	0	0	0	0	0	0	0
NZ_UGQW01000001.1	3p	-	35	4	1	1	1	7	0	0	0	0	0	0	0	0	0	0	0	0	0	0	0	0	0	0	0	0	0
NZ_UGQW01000001.1	3p	-	36	2	1	3	1	7	0	0	0	0	0	0	0	0	0	0	0	0	0	0	0	0	0	0	0	0	0
NZ_UGQW01000001.1	3p	-	37	0	1	2	3	6	0	0	0	0	0	0	0	0	0	0	0	0	0	0	0	0	0	0	0	0	0
NZ_UGQW01000001.1	3p	-	38	2	1	1	2	6	0	0	0	0	0	0	0	0	0	0	0	0	0	0	0	0	0	0	0	0	0
NZ_UGQW01000001.1	3p	-	39	3	1	1	1	6	0	0	0	0	0	0	0	0	0	0	0	0	0	0	0	0	0	0	0	0	0
NZ_UGQW01000001.1	3p	-	40	0	1	3	1	5	0	0	0	0	0	0	0	0	0	0	0	0	0	0	0	0	0	0	0	0	0
NZ_UGQW01000001.1	3p	-	41	0	2	1	2	5	0	0	0	0	0	0	0	0	0	0	0	0	0	0	0	0	0	0	0	0	0
NZ_UGQW01000001.1	3p	-	42	0	0	1	4	5	0	0	0	0	0	0	0	0	0	0	0	0	0	0	0	0	0	0	0	0	0
NZ_UGQW01000001.1	3p	-	43	0	2	1	2	5	0	0	0	0	0	0	1	0	0	0	0	0	0	0	0	0	0	0	0	0	0
NZ_UGQW01000001.1	3p	-	44	0	1	1	3	5	0	0	0	0	0	0	0	0	0	0	0	0	0	0	0	0	0	0	0	0	0
NZ_UGQW01000001.1	3p	-	45	1	0	2	1	4	0	0	0	0	0	0	0	0	0	0	1	0	0	0	0	0	0	0	0	0	0
NZ_UGQW01000001.1	3p	-	46	0	1	1	1	3	0	0	0	0	0	0	0	0	0	0	0	0	0	0	0	0	0	0	0	0	0
NZ_UGQW01000001.1	3p	-	47	1	2	0	0	3	0	0	0	0	0	0	0	0	0	0	0	0	0	0	0	0	0	0	0	0	0
NZ_UGQW01000001.1	3p	-	48	1	0	2	0	3	0	0	0	0	0	0	0	0	0	0	0	0	0	0	0	0	0	0	0	0	0
NZ_UGQW01000001.1	3p	-	49	0	1	1	1	3	1	0	0	0	0	0	0	0	0	0	0	0	0	0	0	0	0	0	0	0	0
NZ_UGQW01000001.1	3p	-	50	0	2	0	1	3	0	1	0	0	0	0	0	0	0	0	0	0	0	0	0	0	0	0	0	0	0
NZ_UGQW01000001.1	3p	-	51	0	1	1	0	2	0	0	0	0	0	0	0	0	0	0	0	0	0	0	0	0	0	0	0	0	0
NZ_UGQW01000001.1	3p	-	52	0	1	0	1	2	0	0	0	0	0	0	0	0	0	0	0	0	0	0	0	0	0	0	0	0	0
NZ_UGQW01000001.1	3p	-	53	1	0	0	1	2	0	0	1	0	0	0	0	0	0	0	0	0	0	0	0	0	0	0	0	0	0
NZ_UGQW01000001.1	3p	-	54	1	0	0	1	2	0	0	0	0	0	0	0	0	0	0	0	0	0	0	0	0	0	0	0	0	0
NZ_UGQW01000001.1	3p	-	55	0	0	2	0	2	0	0	0	0	0	0	0	0	0	0	0	0	0	0	0	0	0	0	0	0	0
NZ_UGQW01000001.1	3p	-	56	1	0	1	0	2	0	0	0	0	0	0	0	0	0	0	0	0	0	0	0	0	0	0	0	0	0
NZ_UGQW01000001.1	3p	-	57	0	1	0	1	2	0	0	0	0	0	0	0	0	0	0	0	0	0	0	0	0	0	0	0	0	0
NZ_UGQW01000001.1	3p	-	58	0	1	1	0	2	0	1	0	0	0	0	0	0	0	0	0	0	0	0	0	0	0	0	0	0	0
NZ_UGQW01000001.1	3p	-	59	0	0	1	0	1	0	0	0	0	0	0	0	0	0	0	0	0	0	0	0	0	0	0	0	0	0
NZ_UGQW01000001.1	3p	-	60	1	0	0	0	1	0	0	0	0	0	0	0	0	0	0	0	0	0	0	0	0	0	0	0	0	0
NZ_UGQW01000001.1	3p	-	61	0	0	1	0	1	0	0	0	0	0	0	0	0	0	0	0	0	0	0	0	0	0	0	0	0	0
NZ_UGQW01000001.1	3p	-	62	1	0	0	0	1	0	0	0	0	0	0	0	0	0	0	0	0	0	0	0	0	0	0	0	0	0
NZ_UGQW01000001.1	3p	-	63	1	0	0	0	1	0	0	0	0	0	0	0	0	0	0	0	0	0	0	0	0	0	0	0	0	0
NZ_UGQW01000001.1	3p	-	64	0	0	1	0	1	0	0	0	0	0	0	0	0	0	0	0	0	0	0	0	0	0	0	0	0	0
NZ_UGQW01000001.1	3p	-	65	0	0	1	0	1	0	0	0	0	0	0	0	0	0	0	0	1	0	0	0	0	0	0	0	0	0
NZ_UGQW01000001.1	3p	-	66	0	0	1	0	1	0	0	0	0	0	0	0	0	0	0	0	0	0	0	0	0	0	0	0	0	0
NZ_UGQW01000001.1	3p	-	67	0	0	0	0	0	0	0	0	0	0	0	0	0	0	0	0	0	0	0	0	0	0	0	0	0	0
NZ_UGQW01000001.1	3p	-	68	0	0	0	0	0	0	0	0	0	0	0	0	0	0	0	0	0	0	0	0	0	0	0	0	0	0
NZ_UGQW01000001.1	3p	-	69	0	0	0	0	0	0	0	0	0	0	0	0	0	0	0	0	0	0	0	0	0	0	0	0	0	0
NZ_UGQW01000001.1	3p	-	70	0	0	0	0	0	0	0	0	0	0	0	0	0	0	0	0	0	0	0	0	0	0	0	0	0	0
NZ_UGQW01000001.1	5p	+	1	3	4	4	3	14	0	0	0	0	0	0	0	0	0	0	0	0	0	0	0	0	0	0	0	0	0
NZ_UGQW01000001.1	5p	+	2	3	5	3	3	14	0	0	0	0	0	0	1	0	0	0	0	0	0	0	0	0	0	0	0	0	0
NZ_UGQW01000001.1	5p	+	3	2	3	5	4	14	0	0	1	0	0	0	0	0	0	0	0	0	0	0	0	0	0	0	0	0	0
NZ_UGQW01000001.1	5p	+	4	5	7	0	2	14	0	0	0	0	0	0	0	0	0	0	0	0	0	0	0	0	0	0	0	0	0
NZ_UGQW01000001.1	5p	+	5	5	4	2	3	14	0	0	0	0	0	0	1	0	0	0	0	0	0	0	0	0	0	0	0	0	0
NZ_UGQW01000001.1	5p	+	6	2	2	6	4	14	1	0	0	0	0	0	0	0	0	0	0	0	0	0	0	0	0	0	0	0	0
NZ_UGQW01000001.1	5p	+	7	0	7	4	3	14	0	0	0	0	0	0	0	0	0	0	0	0	0	0	0	0	0	0	0	0	0
NZ_UGQW01000001.1	5p	+	8	4	8	1	1	14	0	0	1	0	0	0	0	0	0	0	0	0	0	0	0	0	0	0	0	0	0
NZ_UGQW01000001.1	5p	+	9	5	3	4	2	14	0	0	0	0	0	0	0	0	0	0	1	0	0	0	0	0	0	0	0	0	0
NZ_UGQW01000001.1	5p	+	10	3	5	3	3	14	0	0	0	0	0	0	1	0	0	0	1	0	0	0	0	0	0	0	0	0	0
NZ_UGQW01000001.1	5p	+	11	3	3	3	5	14	0	0	0	0	0	0	0	0	0	0	0	0	0	0	0	0	0	0	0	0	0
NZ_UGQW01000001.1	5p	+	12	6	1	4	3	14	0	0	0	0	0	2	0	0	0	0	0	0	0	0	0	0	0	0	0	0	0
NZ_UGQW01000001.1	5p	+	13	3	5	5	1	14	0	0	0	0	0	0	0	0	1	0	0	0	0	0	0	0	0	0	0	0	0
NZ_UGQW01000001.1	5p	+	14	5	3	5	1	14	0	0	1	0	0	0	0	0	0	0	0	1	0	0	0	0	0	0	0	0	0
NZ_UGQW01000001.1	5p	+	15	3	5	4	2	14	0	0	0	0	0	0	0	0	1	0	0	0	0	0	0	0	0	0	0	0	0
NZ_UGQW01000001.1	5p	+	16	2	6	4	2	14	0	0	0	0	0	0	0	0	0	0	1	0	0	0	0	0	0	0	0	0	0
NZ_UGQW01000001.1	5p	+	17	1	6	4	3	14	0	0	0	0	0	0	0	0	0	0	0	0	0	0	0	0	0	0	0	0	0
NZ_UGQW01000001.1	5p	+	18	5	1	5	3	14	0	0	0	1	0	0	1	0	0	0	0	0	0	0	0	0	0	0	0	0	0
NZ_UGQW01000001.1	5p	+	19	3	5	5	1	14	0	0	0	0	0	0	0	0	0	0	0	0	0	0	0	0	0	0	0	0	0
NZ_UGQW01000001.1	5p	+	20	0	6	4	4	14	0	0	0	0	0	0	0	0	0	0	0	0	0	0	0	0	0	0	0	0	0
NZ_UGQW01000001.1	5p	+	21	5	4	4	1	14	0	0	0	0	0	0	0	0	0	0	0	0	0	0	0	0	0	0	0	0	0
NZ_UGQW01000001.1	5p	+	22	8	5	1	0	14	0	0	0	0	0	1	0	0	0	0	0	0	0	0	0	0	0	0	0	0	0
NZ_UGQW01000001.1	5p	+	23	3	9	0	2	14	0	0	0	1	0	1	0	0	0	0	0	0	0	0	0	0	0	0	0	0	0
NZ_UGQW01000001.1	5p	+	24	3	4	4	3	14	0	0	0	0	0	0	0	0	0	0	1	0	0	0	0	0	0	0	0	0	0
NZ_UGQW01000001.1	5p	+	25	3	5	4	2	14	0	0	1	1	0	0	0	0	0	0	0	0	0	0	0	0	0	0	0	0	0
NZ_UGQW01000001.1	5p	+	26	4	3	5	2	14	0	0	0	0	1	0	1	0	0	0	0	0	0	0	0	0	0	0	0	0	0
NZ_UGQW01000001.1	5p	+	27	2	5	5	2	14	0	1	0	0	0	0	0	0	0	0	0	0	0	0	0	0	0	0	0	0	0
NZ_UGQW01000001.1	5p	+	28	1	5	3	5	14	0	0	0	0	0	0	0	0	0	0	0	0	0	0	0	0	0	0	0	0	0
NZ_UGQW01000001.1	5p	+	29	6	4	3	1	14	0	0	0	0	0	0	0	0	0	0	0	0	0	0	0	0	0	0	0	0	0
NZ_UGQW01000001.1	5p	+	30	2	4	5	3	14	1	0	0	0	0	0	0	0	0	0	0	0	0	0	0	0	0	0	0	0	0
NZ_UGQW01000001.1	5p	+	31	1	3	4	1	9	0	1	0	0	0	0	0	0	0	0	0	0	0	0	0	0	0	0	0	0	0
NZ_UGQW01000001.1	5p	+	32	2	3	0	3	8	0	0	0	0	0	0	1	0	0	0	0	0	0	0	0	0	0	0	0	0	0
NZ_UGQW01000001.1	5p	+	33	1	1	3	1	6	0	0	0	0	0	0	0	0	0	0	0	0	0	0	0	0	0	0	0	0	0
NZ_UGQW01000001.1	5p	+	34	0	1	2	2	5	0	0	0	0	0	0	0	0	0	0	0	0	0	0	0	0	0	0	0	0	0
NZ_UGQW01000001.1	5p	+	35	0	2	1	1	4	0	1	0	1	0	0	0	0	0	0	0	0	0	0	0	0	0	0	0	0	0
NZ_UGQW01000001.1	5p	+	36	1	0	2	1	4	0	0	0	0	0	0	0	0	0	0	0	0	0	0	0	0	0	0	0	0	0
NZ_UGQW01000001.1	5p	+	37	0	1	1	2	4	0	0	0	0	0	0	0	0	0	0	0	0	0	0	0	0	0	0	0	0	0
NZ_UGQW01000001.1	5p	+	38	2	0	2	0	4	0	0	0	0	0	0	0	0	0	0	0	0	0	0	0	0	0	0	0	0	0
NZ_UGQW01000001.1	5p	+	39	1	0	1	1	3	0	0	0	0	0	0	0	0	0	0	0	0	0	0	0	0	0	0	0	0	0
NZ_UGQW01000001.1	5p	+	40	1	0	2	0	3	0	0	0	0	0	0	0	0	0	0	0	0	0	0	0	0	0	0	0	0	0
NZ_UGQW01000001.1	5p	+	41	0	1	2	0	3	0	0	0	0	0	0	0	0	0	0	0	0	0	0	0	0	0	0	0	0	0
NZ_UGQW01000001.1	5p	+	42	1	2	0	0	3	0	0	0	0	0	0	0	0	0	0	0	0	0	0	0	0	0	0	0	0	0
NZ_UGQW01000001.1	5p	+	43	1	0	0	2	3	0	0	0	0	0	0	0	0	0	0	0	0	0	0	0	0	0	0	0	0	0
NZ_UGQW01000001.1	5p	+	44	0	1	2	0	3	0	0	0	0	0	0	0	0	0	0	0	0	0	0	0	0	0	0	0	0	0
NZ_UGQW01000001.1	5p	+	45	0	1	0	2	3	0	0	0	0	0	0	0	0	0	0	0	0	0	0	0	0	0	0	0	0	0
NZ_UGQW01000001.1	5p	+	46	1	0	1	0	2	0	0	0	0	0	0	0	0	0	0	0	0	0	0	0	0	0	0	0	0	0
NZ_UGQW01000001.1	5p	+	47	0	2	0	0	2	0	0	0	0	0	0	0	0	0	0	0	0	0	0	0	0	0	0	0	0	0
NZ_UGQW01000001.1	5p	+	48	1	0	1	0	2	0	0	0	0	0	0	0	0	0	0	0	0	0	0	0	0	0	0	0	0	0
NZ_UGQW01000001.1	5p	+	49	0	1	1	0	2	0	0	0	0	0	0	0	0	0	0	0	0	0	0	0	0	0	0	0	0	0
NZ_UGQW01000001.1	5p	+	50	0	1	1	0	2	0	1	0	0	0	0	0	0	0	0	0	0	0	0	0	0	0	0	0	0	0
NZ_UGQW01000001.1	5p	+	51	0	0	1	1	2	0	0	0	0	0	0	0	0	0	0	0	0	0	0	0	0	0	0	0	0	0
NZ_UGQW01000001.1	5p	+	52	1	0	0	1	2	0	0	0	0	0	0	0	0	0	0	0	0	0	0	0	0	0	0	0	0	0
NZ_UGQW01000001.1	5p	+	53	0	1	1	0	2	0	0	0	0	0	0	0	0	0	0	0	0	0	0	0	0	0	0	0	0	0
NZ_UGQW01000001.1	5p	+	54	0	1	1	0	2	0	0	0	0	0	0	0	0	0	0	0	0	0	0	0	0	0	0	0	0	0
NZ_UGQW01000001.1	5p	+	55	0	1	1	0	2	0	0	0	0	0	0	0	0	0	0	0	0	0	0	0	0	0	0	0	0	0
NZ_UGQW01000001.1	5p	+	56	0	0	1	1	2	0	0	0	1	0	0	0	0	0	0	0	0	0	0	0	0	0	0	0	0	0
NZ_UGQW01000001.1	5p	+	57	0	2	0	0	2	0	0	0	0	0	0	0	0	0	0	0	0	0	0	0	0	0	0	0	0	0
NZ_UGQW01000001.1	5p	+	58	0	0	1	1	2	0	0	0	0	0	0	0	0	0	0	0	0	0	0	0	0	0	0	0	0	0
NZ_UGQW01000001.1	5p	+	59	0	0	1	1	2	0	0	0	0	0	0	0	0	0	0	0	0	0	0	0	0	0	0	0	0	0
NZ_UGQW01000001.1	5p	+	60	0	1	1	0	2	0	0	0	0	0	0	0	0	0	0	0	0	0	0	0	0	0	0	0	0	0
NZ_UGQW01000001.1	5p	+	61	1	1	0	0	2	0	0	0	0	0	0	0	0	0	0	0	0	0	0	0	0	0	0	0	0	0
NZ_UGQW01000001.1	5p	+	62	0	0	1	1	2	0	0	0	0	0	0	0	0	0	0	0	0	0	0	0	0	0	0	0	0	0
NZ_UGQW01000001.1	5p	+	63	1	0	1	0	2	0	0	0	0	0	0	0	0	0	0	0	0	0	0	0	0	0	0	0	0	0
NZ_UGQW01000001.1	5p	+	64	1	1	0	0	2	0	0	0	0	0	0	0	0	0	0	0	0	0	0	0	0	0	0	0	0	0
NZ_UGQW01000001.1	5p	+	65	0	1	1	0	2	0	0	0	0	0	0	0	0	0	0	0	0	0	0	0	0	0	0	0	0	0
NZ_UGQW01000001.1	5p	+	66	1	0	1	0	2	0	0	0	0	0	0	0	0	0	0	0	0	0	0	0	0	0	0	0	0	0
NZ_UGQW01000001.1	5p	+	67	0	0	1	1	2	0	0	0	0	0	0	0	0	0	0	0	0	0	0	0	0	0	0	0	0	0
NZ_UGQW01000001.1	5p	+	68	0	2	0	0	2	0	0	0	0	0	0	0	0	0	0	0	0	0	0	0	0	0	0	0	0	0
NZ_UGQW01000001.1	5p	+	69	0	0	2	0	2	0	0	0	0	0	0	0	0	0	0	0	0	0	0	0	0	0	0	0	0	0
NZ_UGQW01000001.1	5p	+	70	0	0	1	1	2	0	0	0	0	0	0	0	0	0	0	0	0	0	0	0	0	0	0	0	0	0
NZ_UGQW01000001.1	5p	-	1	2	4	5	5	16	0	1	0	1	0	0	1	0	0	0	0	0	0	0	0	0	0	0	0	0	0
NZ_UGQW01000001.1	5p	-	2	3	4	6	3	16	1	0	0	1	0	0	1	0	0	0	0	1	0	0	0	0	0	0	0	0	0
NZ_UGQW01000001.1	5p	-	3	4	5	4	3	16	0	0	0	0	0	0	0	0	0	0	0	0	0	0	0	0	0	0	0	0	0
NZ_UGQW01000001.1	5p	-	4	4	5	5	2	16	0	0	0	0	0	0	0	0	0	0	1	0	0	0	0	0	0	0	0	0	0
NZ_UGQW01000001.1	5p	-	5	5	4	4	3	16	0	0	1	0	0	0	0	0	0	0	0	1	0	0	0	0	0	0	0	0	0
NZ_UGQW01000001.1	5p	-	6	3	3	4	6	16	0	0	0	0	0	0	0	0	0	0	0	0	0	0	0	0	0	0	0	0	0
NZ_UGQW01000001.1	5p	-	7	3	6	3	4	16	0	0	0	0	0	0	1	0	0	0	0	0	0	0	0	0	0	0	0	0	0
NZ_UGQW01000001.1	5p	-	8	1	6	6	3	16	0	0	1	1	0	0	0	0	0	0	0	0	0	0	0	0	0	0	0	0	0
NZ_UGQW01000001.1	5p	-	9	1	7	5	3	16	0	1	0	0	0	0	0	1	0	0	0	0	0	0	0	0	0	0	0	0	0
NZ_UGQW01000001.1	5p	-	10	2	3	3	8	16	0	0	0	2	0	0	0	0	0	0	1	0	0	0	0	0	0	0	0	0	0
NZ_UGQW01000001.1	5p	-	11	3	3	5	5	16	0	0	0	1	0	0	0	0	0	0	0	0	0	0	0	0	0	0	0	0	0
NZ_UGQW01000001.1	5p	-	12	4	3	5	4	16	0	0	0	1	0	0	1	0	0	0	0	0	0	0	0	0	0	0	0	0	0
NZ_UGQW01000001.1	5p	-	13	1	7	7	1	16	0	0	0	0	0	0	0	0	0	0	0	0	0	0	0	0	0	0	0	0	0
NZ_UGQW01000001.1	5p	-	14	5	6	4	1	16	0	1	1	0	1	0	0	0	0	0	1	0	0	0	0	0	0	0	0	0	0
NZ_UGQW01000001.1	5p	-	15	4	4	5	3	16	1	0	0	0	0	0	0	0	0	0	0	0	0	0	0	0	0	0	0	0	0
NZ_UGQW01000001.1	5p	-	16	1	5	6	4	16	1	0	0	1	0	0	0	0	0	0	0	0	0	0	0	0	0	0	0	0	0
NZ_UGQW01000001.1	5p	-	17	1	10	1	4	16	0	0	0	0	0	0	1	0	0	0	0	0	0	0	0	0	0	0	0	0	0
NZ_UGQW01000001.1	5p	-	18	3	3	7	3	16	0	0	1	0	0	0	0	0	0	0	0	0	0	0	0	0	0	0	0	0	0
NZ_UGQW01000001.1	5p	-	19	1	3	7	5	16	0	0	0	2	0	0	0	0	0	0	0	0	0	0	0	0	0	0	0	0	0
NZ_UGQW01000001.1	5p	-	20	2	8	3	3	16	0	1	0	0	0	0	0	0	0	0	0	0	0	0	0	0	0	0	0	0	0
NZ_UGQW01000001.1	5p	-	21	5	2	6	3	16	0	0	0	0	0	0	0	0	0	0	0	0	0	0	0	0	0	0	0	0	0
NZ_UGQW01000001.1	5p	-	22	3	4	4	5	16	0	0	1	0	0	0	0	0	0	0	0	0	0	0	0	0	0	0	0	0	0
NZ_UGQW01000001.1	5p	-	23	1	5	8	2	16	0	0	0	0	0	0	0	0	0	0	0	0	0	0	0	0	0	0	0	0	0
NZ_UGQW01000001.1	5p	-	24	2	4	7	3	16	1	0	0	0	0	0	0	0	0	0	0	0	0	0	0	0	0	0	0	0	0
NZ_UGQW01000001.1	5p	-	25	3	7	2	4	16	0	0	0	0	1	0	0	0	0	0	0	0	0	0	0	0	0	0	0	0	0
NZ_UGQW01000001.1	5p	-	26	3	8	4	1	16	1	0	0	0	0	0	0	0	0	0	1	0	0	0	0	0	0	0	0	0	0
NZ_UGQW01000001.1	5p	-	27	4	3	3	6	16	0	0	0	1	0	0	0	0	0	0	0	0	0	0	0	0	0	0	0	0	0
NZ_UGQW01000001.1	5p	-	28	3	5	4	4	16	0	0	0	0	0	0	0	0	0	0	0	0	0	0	0	0	0	0	0	0	0
NZ_UGQW01000001.1	5p	-	29	5	4	3	4	16	0	0	0	0	0	0	0	0	0	0	0	0	0	0	0	0	0	0	0	0	0
NZ_UGQW01000001.1	5p	-	30	4	2	6	4	16	0	0	0	0	0	0	0	0	0	0	0	0	0	0	0	0	0	0	0	0	0
NZ_UGQW01000001.1	5p	-	31	1	6	5	2	14	1	0	0	0	0	0	0	0	0	0	0	0	0	0	0	0	0	0	0	0	0
NZ_UGQW01000001.1	5p	-	32	2	4	4	3	13	0	0	0	0	0	0	0	0	0	0	0	0	0	0	0	0	0	0	0	0	0
NZ_UGQW01000001.1	5p	-	33	1	2	3	5	11	0	0	0	0	0	0	0	0	0	0	0	0	0	0	0	0	0	0	0	0	0
NZ_UGQW01000001.1	5p	-	34	2	3	2	3	10	0	0	0	0	0	0	0	0	0	0	0	0	0	0	0	0	0	0	0	0	0
NZ_UGQW01000001.1	5p	-	35	0	5	2	0	7	1	1	0	0	0	0	0	0	0	0	0	0	0	0	0	0	0	0	0	0	0
NZ_UGQW01000001.1	5p	-	36	3	0	4	0	7	0	0	0	0	0	0	0	0	0	0	0	0	0	0	0	0	0	0	0	0	0
NZ_UGQW01000001.1	5p	-	37	2	2	0	2	6	0	0	0	0	0	0	0	0	0	0	0	0	0	0	0	0	0	0	0	0	0
NZ_UGQW01000001.1	5p	-	38	1	1	3	1	6	1	0	0	0	0	0	0	0	0	0	0	0	0	0	0	0	0	0	0	0	0
NZ_UGQW01000001.1	5p	-	39	2	0	1	3	6	0	0	0	0	0	0	0	0	0	0	0	0	0	0	0	0	0	0	0	0	0
NZ_UGQW01000001.1	5p	-	40	0	1	2	2	5	0	0	0	0	0	0	0	0	0	0	0	0	0	0	0	0	0	0	0	0	0
NZ_UGQW01000001.1	5p	-	41	0	1	0	4	5	0	0	0	0	0	0	0	0	0	0	0	0	0	0	0	0	0	0	0	0	0
NZ_UGQW01000001.1	5p	-	42	0	1	1	3	5	0	0	0	0	0	0	0	0	0	0	0	0	0	0	0	0	0	0	0	0	0
NZ_UGQW01000001.1	5p	-	43	1	1	0	3	5	0	0	0	0	0	0	0	0	0	0	0	0	0	0	0	0	0	0	0	0	0
NZ_UGQW01000001.1	5p	-	44	1	0	4	0	5	0	0	0	0	0	0	0	0	0	0	0	0	0	0	0	0	0	0	0	0	0
NZ_UGQW01000001.1	5p	-	45	1	1	2	0	4	0	0	1	0	0	0	0	0	0	0	0	0	0	0	0	0	0	0	0	0	0
NZ_UGQW01000001.1	5p	-	46	1	2	0	0	3	0	0	0	0	0	0	0	0	0	0	0	0	0	0	0	0	0	0	0	0	0
NZ_UGQW01000001.1	5p	-	47	1	1	1	0	3	0	0	0	0	0	0	0	0	0	0	0	0	0	0	0	0	0	0	0	0	0
NZ_UGQW01000001.1	5p	-	48	2	0	1	0	3	0	0	0	0	0	0	0	0	0	0	0	0	0	0	0	0	0	0	0	0	0
NZ_UGQW01000001.1	5p	-	49	1	1	1	0	3	0	0	0	0	0	0	0	0	0	0	0	0	0	0	0	0	0	0	0	0	0
NZ_UGQW01000001.1	5p	-	50	0	1	0	2	3	0	0	0	1	0	0	0	0	0	0	0	0	0	0	0	0	0	0	0	0	0
NZ_UGQW01000001.1	5p	-	51	0	1	1	0	2	0	0	0	0	0	0	0	0	0	0	0	0	0	0	0	0	0	0	0	0	0
NZ_UGQW01000001.1	5p	-	52	1	0	1	0	2	0	0	0	0	0	0	0	0	0	0	0	0	0	0	0	0	0	0	0	0	0
NZ_UGQW01000001.1	5p	-	53	1	0	0	1	2	0	0	0	0	0	0	0	0	0	0	0	0	0	0	0	0	0	0	0	0	0
NZ_UGQW01000001.1	5p	-	54	1	0	0	1	2	0	0	0	0	0	0	0	0	0	0	0	0	0	0	0	0	0	0	0	0	0
NZ_UGQW01000001.1	5p	-	55	1	0	0	1	2	0	0	0	0	0	0	0	0	0	0	0	0	0	0	0	0	0	0	0	0	0
NZ_UGQW01000001.1	5p	-	56	0	1	1	0	2	0	0	0	0	0	0	0	0	0	0	0	0	0	0	0	0	0	0	0	0	0
NZ_UGQW01000001.1	5p	-	57	1	1	0	0	2	0	0	0	0	0	0	0	0	0	0	0	0	0	0	0	0	0	0	0	0	0
NZ_UGQW01000001.1	5p	-	58	0	1	0	1	2	0	0	0	0	0	0	0	0	0	0	0	0	0	0	0	0	0	0	0	0	0
NZ_UGQW01000001.1	5p	-	59	0	0	1	0	1	0	0	0	0	0	0	0	0	0	0	0	0	0	0	0	0	0	0	0	0	0
NZ_UGQW01000001.1	5p	-	60	1	0	0	0	1	0	0	0	0	0	0	0	0	0	0	0	0	0	0	0	0	0	0	0	0	0
NZ_UGQW01000001.1	5p	-	61	0	0	1	0	1	0	0	0	0	0	0	0	0	0	0	0	0	0	0	0	0	0	0	0	0	0
NZ_UGQW01000001.1	5p	-	62	0	1	0	0	1	0	0	0	0	0	0	0	0	0	0	0	0	0	0	0	0	0	0	0	0	0
NZ_UGQW01000001.1	5p	-	63	0	1	0	0	1	0	0	0	0	0	0	0	0	0	0	0	0	0	0	0	0	0	0	0	0	0
NZ_UGQW01000001.1	5p	-	64	0	0	1	0	1	0	0	0	0	0	0	0	0	0	0	0	0	0	0	0	0	0	0	0	0	0
NZ_UGQW01000001.1	5p	-	65	0	1	0	0	1	0	0	0	0	0	0	0	0	0	0	0	0	0	0	0	0	0	0	0	0	0
NZ_UGQW01000001.1	5p	-	66	0	0	1	0	1	0	0	0	0	0	0	0	0	0	0	0	0	0	0	0	0	0	0	0	0	0
NZ_UGQW01000001.1	5p	-	67	0	0	0	0	0	0	0	0	0	0	0	0	0	0	0	0	0	0	0	0	0	0	0	0	0	0
NZ_UGQW01000001.1	5p	-	68	0	0	0	0	0	0	0	0	0	0	0	0	0	0	0	0	0	0	0	0	0	0	0	0	0	0
NZ_UGQW01000001.1	5p	-	69	0	0	0	0	0	0	0	0	0	0	0	0	0	0	0	0	0	0	0	0	0	0	0	0	0	0
NZ_UGQW01000001.1	5p	-	70	0	0	0	0	0	0	0	0	0	0	0	0	0	0	0	0	0	0	0	0	0	0	0	0	0	0
NZ_UGQW01000002.1	3p	+	1	50	61	52	31	194	2	2	6	1	0	0	2	0	0	1	0	1	0	0	0	0	0	0	0	0	0
NZ_UGQW01000002.1	3p	+	2	39	68	52	35	194	3	2	1	1	0	0	1	2	1	1	3	0	0	0	0	0	0	0	0	0	0
NZ_UGQW01000002.1	3p	+	3	41	65	58	30	194	3	4	1	1	2	0	2	2	0	4	2	1	0	0	0	0	0	0	0	0	0
NZ_UGQW01000002.1	3p	+	4	49	64	48	33	194	0	3	0	3	0	0	4	0	0	2	1	0	0	0	0	0	0	0	0	0	0
NZ_UGQW01000002.1	3p	+	5	39	55	60	40	194	1	0	2	4	1	1	0	3	1	1	0	1	0	0	0	0	0	0	0	0	0
NZ_UGQW01000002.1	3p	+	6	39	54	55	46	194	4	1	3	4	0	1	1	0	2	3	3	1	0	0	0	0	0	0	0	0	0
NZ_UGQW01000002.1	3p	+	7	50	52	53	39	194	0	1	1	2	1	0	1	2	1	0	3	1	0	0	0	0	0	0	0	0	0
NZ_UGQW01000002.1	3p	+	8	37	65	54	37	193	1	2	2	4	0	0	3	1	2	0	3	0	0	0	0	1	0	0	1	0	0
NZ_UGQW01000002.1	3p	+	9	41	59	52	42	194	1	5	4	2	3	0	2	1	2	1	1	0	0	0	0	0	0	0	0	0	0
NZ_UGQW01000002.1	3p	+	10	53	67	48	26	194	3	1	2	2	2	0	2	1	2	0	3	1	0	0	0	0	0	0	0	0	0
NZ_UGQW01000002.1	3p	+	11	44	58	67	25	194	0	1	3	1	1	0	1	1	0	0	3	0	0	0	0	1	0	0	0	0	0
NZ_UGQW01000002.1	3p	+	12	40	68	63	22	193	4	2	2	1	0	0	2	2	0	0	1	0	0	0	0	0	0	1	0	0	0
NZ_UGQW01000002.1	3p	+	13	37	66	53	37	193	0	3	4	1	0	1	1	1	2	0	0	0	0	0	0	0	1	0	0	0	0
NZ_UGQW01000002.1	3p	+	14	41	45	58	49	193	1	2	2	6	0	0	4	0	1	0	1	1	0	0	0	0	1	0	0	0	0
NZ_UGQW01000002.1	3p	+	15	25	65	63	41	194	3	0	2	4	0	0	1	2	1	1	0	2	0	0	0	0	0	0	0	0	0
NZ_UGQW01000002.1	3p	+	16	34	58	63	39	194	0	1	0	1	1	1	1	2	0	2	0	0	0	1	0	0	0	0	0	0	0
NZ_UGQW01000002.1	3p	+	17	33	52	62	47	194	1	0	1	3	0	1	1	0	3	0	1	0	0	0	0	0	0	0	0	0	0
NZ_UGQW01000002.1	3p	+	18	41	64	61	28	194	0	3	2	0	0	1	2	0	1	0	1	0	0	0	0	0	0	0	0	0	0
NZ_UGQW01000002.1	3p	+	19	39	52	59	44	194	1	1	1	2	0	1	1	2	0	1	2	2	0	0	0	0	0	0	0	0	0
NZ_UGQW01000002.1	3p	+	20	31	50	66	46	193	2	1	3	7	0	0	0	0	0	0	3	0	0	0	0	0	0	1	0	0	0
NZ_UGQW01000002.1	3p	+	21	35	67	61	31	194	2	1	2	2	0	0	3	0	1	0	1	1	0	0	0	0	0	0	0	0	0
NZ_UGQW01000002.1	3p	+	22	36	52	58	48	194	0	3	5	0	0	0	0	2	1	0	2	0	0	0	0	0	0	0	0	0	0
NZ_UGQW01000002.1	3p	+	23	40	50	58	46	194	1	2	0	1	1	0	1	0	1	0	2	0	0	1	0	0	0	0	0	0	0
NZ_UGQW01000002.1	3p	+	24	35	75	57	27	194	1	1	2	1	0	0	0	1	2	0	0	0	0	0	0	0	0	0	0	0	0
NZ_UGQW01000002.1	3p	+	25	42	56	58	38	194	2	0	1	1	1	0	2	0	0	0	1	2	0	0	0	0	0	0	0	0	0
NZ_UGQW01000002.1	3p	+	26	40	52	63	39	194	1	2	2	5	2	0	3	0	0	0	1	0	0	0	0	0	0	0	0	0	0
NZ_UGQW01000002.1	3p	+	27	27	74	63	29	193	2	1	2	3	0	0	4	0	1	0	0	2	0	0	0	0	0	1	0	0	0
NZ_UGQW01000002.1	3p	+	28	39	63	52	40	194	2	1	3	1	1	0	1	1	1	0	1	0	0	0	0	0	0	0	0	0	0
NZ_UGQW01000002.1	3p	+	29	43	50	62	39	194	3	2	2	4	0	1	0	0	0	0	1	0	0	0	0	0	0	0	0	0	0
NZ_UGQW01000002.1	3p	+	30	39	66	48	41	194	2	0	4	2	1	1	3	0	1	0	1	0	0	0	0	0	0	0	0	0	0
NZ_UGQW01000002.1	3p	+	31	44	58	42	26	170	0	2	2	1	0	0	3	0	0	1	1	1	0	0	0	0	0	0	0	0	0
NZ_UGQW01000002.1	3p	+	32	31	41	51	25	148	1	0	1	1	1	0	2	0	0	1	2	1	0	0	0	0	0	0	0	0	0
NZ_UGQW01000002.1	3p	+	33	19	45	33	22	119	1	1	3	1	1	1	1	0	2	0	1	1	0	0	0	0	0	0	0	0	0
NZ_UGQW01000002.1	3p	+	34	21	30	31	22	104	0	0	1	0	0	0	2	1	0	0	0	0	0	0	0	0	0	0	0	0	0
NZ_UGQW01000002.1	3p	+	35	17	34	24	15	90	0	1	2	1	0	0	2	1	0	0	0	0	0	0	0	0	0	0	0	0	0
NZ_UGQW01000002.1	3p	+	36	17	27	26	15	85	0	1	3	0	0	0	0	1	0	0	1	0	0	0	0	0	0	0	0	0	0
NZ_UGQW01000002.1	3p	+	37	9	27	23	18	77	1	1	0	1	0	0	1	0	0	2	0	0	0	0	0	0	0	0	0	0	0
NZ_UGQW01000002.1	3p	+	38	11	18	26	15	70	1	1	0	0	0	0	0	0	0	0	0	0	0	0	0	0	0	0	0	0	0
NZ_UGQW01000002.1	3p	+	39	13	28	13	7	61	0	0	1	0	0	0	0	0	0	0	1	0	0	0	0	0	0	0	0	0	0
NZ_UGQW01000002.1	3p	+	40	8	12	18	19	57	1	1	0	1	0	0	0	0	0	0	1	1	0	0	0	0	0	0	0	0	0
NZ_UGQW01000002.1	3p	+	41	10	15	12	13	50	0	0	0	0	0	0	0	0	1	0	0	0	0	0	0	0	0	0	0	0	0
NZ_UGQW01000002.1	3p	+	42	7	20	14	7	48	2	1	1	1	0	0	0	0	0	0	0	0	0	0	0	0	0	0	0	0	0
NZ_UGQW01000002.1	3p	+	43	8	11	15	6	40	1	0	0	1	0	0	0	0	0	0	0	0	0	0	0	0	0	0	0	0	0
NZ_UGQW01000002.1	3p	+	44	9	7	15	6	37	0	0	0	1	0	0	0	0	0	0	1	1	0	0	0	0	0	0	0	0	0
NZ_UGQW01000002.1	3p	+	45	8	9	6	9	32	2	1	1	0	2	0	1	0	0	0	0	0	0	0	0	0	0	0	0	0	0
NZ_UGQW01000002.1	3p	+	46	6	6	7	8	27	0	0	0	0	0	0	0	0	1	0	0	0	0	0	0	0	0	0	0	0	0
NZ_UGQW01000002.1	3p	+	47	3	8	9	4	24	0	1	0	0	0	0	0	0	0	0	0	0	0	0	0	0	0	0	0	0	0
NZ_UGQW01000002.1	3p	+	48	3	8	7	4	22	0	1	0	0	0	0	0	0	0	1	0	0	0	0	0	0	1	0	0	0	0
NZ_UGQW01000002.1	3p	+	49	4	7	6	4	21	0	1	0	0	1	1	0	0	0	0	0	0	0	0	0	0	0	0	0	0	0
NZ_UGQW01000002.1	3p	+	50	5	6	5	3	19	0	0	0	1	0	0	0	0	0	0	0	0	0	0	0	0	0	0	0	0	0
NZ_UGQW01000002.1	3p	+	51	4	6	7	1	18	1	0	0	0	0	0	0	0	0	0	0	0	0	0	0	0	0	0	0	0	0
NZ_UGQW01000002.1	3p	+	52	4	5	4	4	17	0	0	0	0	0	0	0	0	0	0	0	0	0	0	0	0	0	0	0	0	0
NZ_UGQW01000002.1	3p	+	53	4	7	4	2	17	0	0	0	0	0	0	0	1	0	0	0	0	0	0	0	0	0	0	0	0	0
NZ_UGQW01000002.1	3p	+	54	3	5	6	3	17	0	0	0	0	0	0	0	0	0	0	0	0	0	0	0	0	0	0	0	0	0
NZ_UGQW01000002.1	3p	+	55	5	4	6	1	16	0	0	0	0	0	0	0	0	0	0	0	0	0	0	0	0	0	0	0	0	0
NZ_UGQW01000002.1	3p	+	56	3	2	7	3	15	0	0	0	0	0	0	0	0	0	0	0	0	0	0	0	0	0	0	0	0	0
NZ_UGQW01000002.1	3p	+	57	7	2	4	0	13	1	0	0	0	0	0	0	0	0	0	0	0	0	0	0	0	0	0	0	0	0
NZ_UGQW01000002.1	3p	+	58	2	2	1	5	10	0	0	0	0	0	0	0	0	0	0	0	0	0	0	0	0	0	0	0	0	0
NZ_UGQW01000002.1	3p	+	59	4	2	2	2	10	1	0	1	0	0	0	0	0	0	0	0	0	0	0	0	0	0	0	0	0	0
NZ_UGQW01000002.1	3p	+	60	1	0	4	4	9	0	0	0	0	0	0	0	0	0	0	0	0	0	0	0	0	0	0	0	0	0
NZ_UGQW01000002.1	3p	+	61	1	1	6	1	9	0	0	0	0	0	0	0	0	0	0	0	0	0	0	0	0	0	0	0	0	0
NZ_UGQW01000002.1	3p	+	62	1	2	3	2	8	0	0	0	0	0	0	0	0	0	0	0	0	0	0	0	0	0	0	0	0	0
NZ_UGQW01000002.1	3p	+	63	3	1	3	0	7	0	0	0	0	0	0	0	0	0	0	0	0	0	0	0	0	0	0	0	0	0
NZ_UGQW01000002.1	3p	+	64	3	1	2	0	6	0	0	0	0	0	0	0	0	0	0	0	0	0	0	0	0	0	0	0	0	0
NZ_UGQW01000002.1	3p	+	65	0	2	1	1	4	0	0	0	0	0	0	0	0	0	0	0	0	0	0	0	0	0	0	0	0	0
NZ_UGQW01000002.1	3p	+	66	1	2	0	1	4	0	0	0	0	0	0	0	0	0	0	0	0	0	0	0	0	0	0	0	0	0
NZ_UGQW01000002.1	3p	+	67	1	1	1	1	4	0	0	0	0	0	0	0	0	0	0	0	0	0	0	0	0	0	0	0	0	0
NZ_UGQW01000002.1	3p	+	68	1	2	0	1	4	0	0	0	0	0	0	0	0	0	0	0	0	0	0	0	0	0	0	0	0	0
NZ_UGQW01000002.1	3p	+	69	1	1	1	1	4	1	0	0	0	0	0	0	1	0	0	0	0	0	0	0	0	0	0	0	0	0
NZ_UGQW01000002.1	3p	+	70	0	2	1	1	4	0	0	0	0	0	0	0	0	0	0	0	0	0	0	0	0	0	0	0	0	0
NZ_UGQW01000002.1	3p	-	1	47	37	62	37	183	6	0	1	2	1	0	3	0	0	1	1	0	0	0	0	0	0	0	0	0	0
NZ_UGQW01000002.1	3p	-	2	34	57	47	45	183	3	2	4	7	0	0	1	1	0	0	2	0	0	0	0	0	0	0	0	0	0
NZ_UGQW01000002.1	3p	-	3	45	48	42	48	183	4	2	2	4	2	0	3	0	1	0	2	0	0	0	0	0	0	0	0	0	0
NZ_UGQW01000002.1	3p	-	4	37	52	54	40	183	1	1	1	2	0	0	1	1	1	1	1	0	0	0	0	0	0	0	0	0	0
NZ_UGQW01000002.1	3p	-	5	41	56	62	24	183	2	0	1	2	3	0	3	2	1	1	0	0	0	0	0	0	0	0	0	0	0
NZ_UGQW01000002.1	3p	-	6	34	57	50	42	183	2	2	3	3	0	2	0	2	2	0	4	1	0	0	0	0	0	0	0	0	0
NZ_UGQW01000002.1	3p	-	7	35	49	61	38	183	4	0	3	2	1	0	1	0	0	0	1	1	0	1	0	0	0	0	0	0	0
NZ_UGQW01000002.1	3p	-	8	33	54	62	32	181	1	0	2	5	0	0	2	0	0	1	4	0	0	0	0	0	1	0	0	1	0
NZ_UGQW01000002.1	3p	-	9	34	54	55	40	183	3	0	2	0	0	1	0	1	0	1	3	0	0	0	0	0	0	0	0	0	0
NZ_UGQW01000002.1	3p	-	10	44	57	43	38	182	2	0	2	4	0	1	4	2	2	0	0	0	0	0	0	0	0	1	0	0	0
NZ_UGQW01000002.1	3p	-	11	27	49	60	47	183	3	0	2	6	0	0	1	0	4	0	1	0	0	0	0	0	0	0	0	0	0
NZ_UGQW01000002.1	3p	-	12	34	57	64	28	183	1	2	1	1	0	0	0	1	0	1	0	0	0	0	0	0	0	0	0	0	0
NZ_UGQW01000002.1	3p	-	13	27	52	65	39	183	0	1	0	3	0	0	1	0	2	1	3	0	0	0	0	0	0	0	0	0	0
NZ_UGQW01000002.1	3p	-	14	38	45	67	33	183	2	0	3	2	2	0	1	1	1	0	3	2	0	0	0	0	0	0	0	0	0
NZ_UGQW01000002.1	3p	-	15	23	54	62	44	183	0	0	0	3	1	1	2	2	1	0	4	1	0	0	0	0	0	0	0	0	0
NZ_UGQW01000002.1	3p	-	16	22	47	68	46	183	4	2	2	1	0	0	0	0	0	0	1	1	0	0	0	0	0	0	0	0	0
NZ_UGQW01000002.1	3p	-	17	31	58	59	35	183	1	1	4	3	0	0	0	0	2	1	0	1	0	0	0	0	0	0	0	0	0
NZ_UGQW01000002.1	3p	-	18	31	53	62	37	183	1	1	0	1	0	1	1	0	0	0	4	1	0	0	0	0	0	0	0	0	0
NZ_UGQW01000002.1	3p	-	19	30	51	73	29	183	3	0	0	2	0	0	1	0	3	1	2	1	0	0	0	0	0	0	0	0	0
NZ_UGQW01000002.1	3p	-	20	30	62	62	29	183	0	1	1	4	1	0	2	1	0	1	1	0	0	0	0	0	0	0	0	0	0
NZ_UGQW01000002.1	3p	-	21	31	48	68	36	183	3	2	1	3	1	0	1	1	0	0	1	2	0	0	0	0	0	0	0	0	0
NZ_UGQW01000002.1	3p	-	22	33	42	73	35	183	0	1	2	0	0	0	2	0	2	1	1	0	0	0	0	0	0	0	0	0	0
NZ_UGQW01000002.1	3p	-	23	28	61	55	39	183	1	1	1	2	0	0	0	0	1	0	1	0	0	0	0	0	0	0	0	0	0
NZ_UGQW01000002.1	3p	-	24	36	52	50	45	183	2	2	6	2	1	0	0	0	1	0	3	0	0	0	0	0	0	0	0	0	0
NZ_UGQW01000002.1	3p	-	25	46	45	56	36	183	3	0	2	3	1	0	1	0	0	0	4	0	0	0	0	0	0	0	0	0	0
NZ_UGQW01000002.1	3p	-	26	31	44	73	35	183	2	1	3	6	0	1	3	0	1	0	2	3	0	0	0	0	0	0	0	0	0
NZ_UGQW01000002.1	3p	-	27	34	49	60	40	183	1	0	2	1	0	1	0	0	0	0	1	1	0	0	0	0	0	0	0	0	0
NZ_UGQW01000002.1	3p	-	28	37	50	45	51	183	0	1	1	0	1	1	2	1	0	0	6	1	0	0	0	0	0	0	0	0	0
NZ_UGQW01000002.1	3p	-	29	27	43	62	51	183	2	1	4	2	1	1	1	0	2	0	2	1	0	0	0	0	0	0	0	0	0
NZ_UGQW01000002.1	3p	-	30	45	38	51	49	183	2	1	2	2	1	0	0	0	1	0	2	0	0	0	0	0	0	0	0	0	0
NZ_UGQW01000002.1	3p	-	31	28	39	48	35	150	1	3	0	2	0	0	0	0	1	0	0	0	0	0	0	0	0	0	0	0	0
NZ_UGQW01000002.1	3p	-	32	22	34	37	36	129	3	3	0	0	0	0	1	0	0	1	0	0	0	0	0	0	0	0	0	0	0
NZ_UGQW01000002.1	3p	-	33	20	25	35	30	110	0	1	2	2	0	0	0	0	0	0	0	0	0	0	0	0	0	0	0	0	0
NZ_UGQW01000002.1	3p	-	34	21	23	29	24	97	1	0	1	3	0	0	0	0	0	0	0	0	0	0	0	0	0	0	0	0	0
NZ_UGQW01000002.1	3p	-	35	13	33	21	19	86	0	2	1	2	0	0	1	0	0	0	0	0	0	0	0	0	0	0	0	0	0
NZ_UGQW01000002.1	3p	-	36	18	17	23	19	77	0	0	1	1	0	0	1	0	0	0	2	0	0	0	0	0	0	0	0	0	0
NZ_UGQW01000002.1	3p	-	37	14	19	24	15	72	0	0	0	0	0	0	0	0	0	0	0	0	0	0	0	0	0	0	0	0	0
NZ_UGQW01000002.1	3p	-	38	21	17	13	15	66	0	4	0	0	0	0	0	0	0	1	1	1	0	0	0	0	0	0	0	0	0
NZ_UGQW01000002.1	3p	-	39	12	21	15	12	60	0	0	1	1	0	0	2	0	0	0	2	0	0	0	0	0	0	0	0	0	0
NZ_UGQW01000002.1	3p	-	40	11	18	14	12	55	1	0	1	1	0	0	0	0	0	0	0	1	0	0	0	0	0	0	0	0	0
NZ_UGQW01000002.1	3p	-	41	8	12	18	12	50	0	0	0	1	0	0	1	0	0	0	1	0	0	0	0	0	0	0	0	0	0
NZ_UGQW01000002.1	3p	-	42	11	7	12	14	44	0	0	1	0	0	0	0	0	1	1	1	1	0	0	0	0	0	0	0	0	0
NZ_UGQW01000002.1	3p	-	43	5	15	9	8	37	0	0	1	0	0	0	0	0	0	0	1	0	0	0	0	0	0	0	0	0	0
NZ_UGQW01000002.1	3p	-	44	8	4	10	11	33	1	0	0	0	0	0	0	0	0	0	0	0	0	0	0	0	0	0	0	0	0
NZ_UGQW01000002.1	3p	-	45	4	8	10	7	29	0	0	0	1	0	0	0	0	0	1	0	0	0	0	0	0	0	0	0	0	0
NZ_UGQW01000002.1	3p	-	46	3	9	9	3	24	0	0	1	0	0	0	0	0	0	0	0	0	0	0	0	0	0	0	0	0	0
NZ_UGQW01000002.1	3p	-	47	3	9	7	4	23	1	1	1	2	0	0	0	0	0	0	0	0	0	0	0	0	0	0	0	0	0
NZ_UGQW01000002.1	3p	-	48	4	5	6	6	21	0	0	0	0	0	0	0	0	0	0	0	0	0	0	0	0	0	0	0	0	0
NZ_UGQW01000002.1	3p	-	49	3	2	11	2	18	0	0	0	1	0	0	0	0	0	0	0	0	0	0	0	0	0	0	0	0	0
NZ_UGQW01000002.1	3p	-	50	3	5	2	7	17	0	0	0	2	0	0	0	0	0	0	0	0	0	0	0	0	0	0	0	0	0
NZ_UGQW01000002.1	3p	-	51	2	4	7	3	16	0	1	0	0	0	0	0	0	0	0	0	0	0	0	0	0	0	0	0	0	0
NZ_UGQW01000002.1	3p	-	52	1	4	4	5	14	0	0	0	1	0	0	0	0	0	0	0	0	0	0	0	0	0	0	0	0	0
NZ_UGQW01000002.1	3p	-	53	3	1	4	3	11	0	0	0	0	0	0	0	0	0	0	0	0	0	0	0	0	0	0	0	0	0
NZ_UGQW01000002.1	3p	-	54	4	1	2	3	10	0	0	0	0	0	0	0	0	0	0	0	0	0	0	0	0	0	0	0	0	0
NZ_UGQW01000002.1	3p	-	55	2	3	3	2	10	0	0	0	0	0	0	0	0	0	0	0	0	0	0	0	0	0	0	0	0	0
NZ_UGQW01000002.1	3p	-	56	4	2	3	1	10	0	0	0	0	0	0	0	0	0	0	0	0	0	0	0	0	0	0	0	0	0
NZ_UGQW01000002.1	3p	-	57	3	0	4	2	9	0	0	0	1	0	0	0	0	0	0	0	0	0	0	0	0	0	0	0	0	0
NZ_UGQW01000002.1	3p	-	58	2	1	3	3	9	0	0	0	0	0	0	0	0	0	0	0	0	0	0	0	0	0	0	0	0	0
NZ_UGQW01000002.1	3p	-	59	4	2	1	2	9	0	0	0	0	0	0	0	0	0	0	0	0	0	0	0	0	0	0	0	0	0
NZ_UGQW01000002.1	3p	-	60	4	1	0	4	9	0	0	0	0	0	0	0	0	0	0	0	0	0	0	0	0	0	0	0	0	0
NZ_UGQW01000002.1	3p	-	61	3	3	3	0	9	0	0	0	0	0	0	0	0	0	0	0	0	0	0	0	0	0	0	0	0	0
NZ_UGQW01000002.1	3p	-	62	3	2	1	3	9	0	0	0	0	0	0	0	0	0	0	0	0	0	0	0	0	0	0	0	0	0
NZ_UGQW01000002.1	3p	-	63	4	1	1	2	8	0	0	0	0	0	0	0	1	0	0	0	0	0	0	0	0	0	0	0	0	0
NZ_UGQW01000002.1	3p	-	64	2	2	3	1	8	0	0	0	0	0	0	0	0	0	0	0	0	0	0	0	0	0	0	0	0	0
NZ_UGQW01000002.1	3p	-	65	2	1	4	1	8	0	0	0	0	0	0	0	0	0	0	0	0	0	0	0	0	0	0	0	0	0
NZ_UGQW01000002.1	3p	-	66	1	1	2	3	7	0	0	0	1	0	0	0	0	0	0	0	0	0	0	0	0	0	0	0	0	0
NZ_UGQW01000002.1	3p	-	67	0	3	3	1	7	0	0	0	0	0	0	0	0	0	0	0	0	0	0	0	0	0	0	0	0	0
NZ_UGQW01000002.1	3p	-	68	2	3	1	1	7	0	0	1	0	0	0	0	0	0	0	0	0	0	0	0	0	0	0	0	0	0
NZ_UGQW01000002.1	3p	-	69	2	1	1	3	7	0	0	1	0	0	0	0	0	0	0	0	0	0	0	0	0	0	0	0	0	0
NZ_UGQW01000002.1	3p	-	70	0	2	3	2	7	0	0	0	1	0	0	0	0	0	0	0	0	0	0	0	0	0	0	0	0	0
NZ_UGQW01000002.1	5p	+	1	44	54	52	44	194	0	5	2	3	2	1	0	2	1	2	1	0	0	0	0	0	0	0	0	0	0
NZ_UGQW01000002.1	5p	+	2	40	63	55	36	194	1	2	3	4	0	0	2	0	0	0	0	1	0	0	0	0	0	0	0	0	0
NZ_UGQW01000002.1	5p	+	3	35	64	64	31	194	5	1	5	2	0	0	2	0	1	0	1	0	0	0	0	0	0	0	0	0	0
NZ_UGQW01000002.1	5p	+	4	40	46	72	36	194	2	0	0	2	1	0	1	0	1	0	2	0	0	0	0	0	0	0	0	0	0
NZ_UGQW01000002.1	5p	+	5	46	56	46	46	194	3	1	3	2	1	1	2	1	0	0	0	1	0	0	0	0	0	0	0	0	0
NZ_UGQW01000002.1	5p	+	6	35	68	57	34	194	3	3	5	6	0	0	3	0	0	0	2	2	0	0	0	0	0	0	0	0	0
NZ_UGQW01000002.1	5p	+	7	49	67	49	28	193	2	1	2	2	2	0	4	0	1	0	0	0	0	0	0	0	0	1	0	0	0
NZ_UGQW01000002.1	5p	+	8	33	56	65	40	194	1	1	2	2	1	0	0	0	0	0	4	1	0	0	0	0	0	0	0	0	0
NZ_UGQW01000002.1	5p	+	9	34	58	66	35	193	1	1	1	1	2	0	2	1	0	0	2	0	0	0	0	0	1	0	0	0	0
NZ_UGQW01000002.1	5p	+	10	34	62	52	46	194	1	4	1	0	0	0	2	1	0	0	0	1	0	0	0	0	0	0	0	0	0
NZ_UGQW01000002.1	5p	+	11	36	66	54	38	194	0	1	1	2	0	1	0	1	1	0	1	0	0	0	0	0	0	0	0	0	0
NZ_UGQW01000002.1	5p	+	12	34	52	74	34	194	2	1	3	3	0	0	2	0	1	0	2	1	0	0	0	0	0	0	0	0	0
NZ_UGQW01000002.1	5p	+	13	34	63	59	38	194	2	1	2	1	1	1	0	1	0	1	0	0	0	1	0	0	0	0	0	0	0
NZ_UGQW01000002.1	5p	+	14	33	67	56	38	194	0	0	0	2	0	1	1	1	2	1	2	0	0	0	0	0	0	0	0	0	0
NZ_UGQW01000002.1	5p	+	15	28	56	69	41	194	4	2	3	1	0	0	2	0	1	2	0	1	0	0	0	0	0	0	0	0	0
NZ_UGQW01000002.1	5p	+	16	38	67	49	39	193	1	2	2	2	0	0	2	0	1	1	0	0	0	0	0	0	0	1	0	0	0
NZ_UGQW01000002.1	5p	+	17	32	48	78	36	194	0	0	2	3	0	0	4	1	0	0	0	0	0	0	0	0	0	0	0	0	0
NZ_UGQW01000002.1	5p	+	18	34	54	65	40	193	0	1	4	3	0	0	1	1	2	0	1	1	0	0	0	0	1	0	0	0	0
NZ_UGQW01000002.1	5p	+	19	38	60	53	43	194	0	3	1	3	0	0	1	0	4	0	0	1	0	0	0	0	0	0	0	0	0
NZ_UGQW01000002.1	5p	+	20	35	51	64	44	194	0	2	1	1	1	0	1	0	2	0	0	1	0	0	0	0	0	0	0	0	0
NZ_UGQW01000002.1	5p	+	21	43	59	62	30	194	2	2	5	2	1	0	0	1	0	0	3	2	0	0	0	0	0	0	0	0	0
NZ_UGQW01000002.1	5p	+	22	41	67	56	30	194	1	1	2	0	0	2	3	2	0	1	3	0	0	1	0	0	0	0	0	0	0
NZ_UGQW01000002.1	5p	+	23	44	67	48	35	194	1	2	3	4	1	0	3	1	1	0	3	0	0	0	0	0	0	0	0	0	0
NZ_UGQW01000002.1	5p	+	24	31	67	69	26	193	1	1	4	1	0	0	3	4	1	0	3	1	0	0	0	0	0	0	1	0	0
NZ_UGQW01000002.1	5p	+	25	50	57	56	31	194	3	1	1	2	1	1	1	0	2	0	3	0	0	0	0	0	0	0	0	0	0
NZ_UGQW01000002.1	5p	+	26	47	63	49	35	194	3	3	2	4	0	0	2	2	2	1	1	0	0	0	0	0	0	0	0	0	0
NZ_UGQW01000002.1	5p	+	27	47	54	63	30	194	0	1	2	1	1	1	0	1	1	0	0	0	0	0	0	0	0	0	0	0	0
NZ_UGQW01000002.1	5p	+	28	46	49	55	43	193	2	2	1	4	0	0	2	3	1	1	2	1	0	0	0	0	1	0	0	0	0
NZ_UGQW01000002.1	5p	+	29	34	62	51	47	194	4	0	2	4	1	0	3	1	0	2	0	1	0	0	0	0	0	0	0	0	0
NZ_UGQW01000002.1	5p	+	30	37	69	52	36	194	2	1	2	3	1	1	2	3	2	0	2	0	0	0	0	0	0	0	0	0	0
NZ_UGQW01000002.1	5p	+	31	35	55	52	28	170	3	1	0	0	0	0	0	2	0	0	0	0	0	0	0	1	0	0	0	0	0
NZ_UGQW01000002.1	5p	+	32	34	52	37	25	148	2	2	1	2	1	0	1	0	1	2	2	0	0	0	0	0	0	0	0	0	0
NZ_UGQW01000002.1	5p	+	33	29	36	32	22	119	1	1	1	2	0	1	1	0	0	1	1	1	0	0	0	0	0	0	0	0	0
NZ_UGQW01000002.1	5p	+	34	29	34	18	23	104	1	1	1	1	0	0	2	0	1	0	0	0	0	0	0	0	0	0	0	0	0
NZ_UGQW01000002.1	5p	+	35	22	26	32	10	90	1	0	0	0	0	0	0	0	0	1	0	0	0	0	0	0	0	0	0	0	0
NZ_UGQW01000002.1	5p	+	36	23	24	19	19	85	0	1	1	1	0	0	1	0	1	1	0	1	0	0	0	0	0	0	0	0	0
NZ_UGQW01000002.1	5p	+	37	16	24	21	16	77	0	2	1	0	0	0	2	0	0	2	1	0	0	0	0	0	0	0	0	0	0
NZ_UGQW01000002.1	5p	+	38	13	23	17	17	70	0	1	2	1	0	0	0	0	0	1	3	0	0	0	0	0	0	0	0	0	0
NZ_UGQW01000002.1	5p	+	39	14	19	23	5	61	1	0	0	1	1	0	0	0	0	0	2	0	0	0	0	0	0	0	0	0	0
NZ_UGQW01000002.1	5p	+	40	16	20	15	6	57	0	2	0	0	2	0	0	0	0	0	0	0	0	0	0	0	0	0	0	0	0
NZ_UGQW01000002.1	5p	+	41	13	14	13	10	50	0	0	1	0	0	0	0	0	0	0	1	0	0	0	0	0	0	0	0	0	0
NZ_UGQW01000002.1	5p	+	42	8	19	14	7	48	0	1	1	0	0	0	1	0	0	0	0	0	0	0	0	0	0	0	0	0	0
NZ_UGQW01000002.1	5p	+	43	10	9	9	12	40	1	0	1	1	0	0	0	0	0	0	0	0	0	0	0	0	0	0	0	0	0
NZ_UGQW01000002.1	5p	+	44	2	10	15	10	37	0	1	0	0	0	0	0	0	0	0	0	0	0	0	0	0	0	0	0	0	0
NZ_UGQW01000002.1	5p	+	45	6	8	11	7	32	0	0	2	0	0	0	0	0	0	1	0	0	0	0	0	0	0	0	0	0	0
NZ_UGQW01000002.1	5p	+	46	2	8	12	5	27	0	0	0	0	0	0	0	0	0	0	0	1	0	0	0	0	0	0	0	0	0
NZ_UGQW01000002.1	5p	+	47	3	13	2	6	24	0	0	0	0	0	0	0	0	0	0	0	0	0	0	0	0	0	0	0	0	0
NZ_UGQW01000002.1	5p	+	48	6	10	4	3	23	0	1	1	0	0	0	0	0	0	0	0	1	0	0	0	0	0	0	0	0	0
NZ_UGQW01000002.1	5p	+	49	4	6	7	4	21	0	0	0	0	0	0	0	0	0	0	0	0	0	0	0	0	0	0	0	0	0
NZ_UGQW01000002.1	5p	+	50	3	4	9	3	19	0	0	1	0	1	0	0	0	0	0	0	0	0	0	0	0	0	0	0	0	0
NZ_UGQW01000002.1	5p	+	51	2	6	5	5	18	0	0	0	0	0	0	0	0	0	0	0	0	0	0	0	0	0	0	0	0	0
NZ_UGQW01000002.1	5p	+	52	2	4	5	6	17	0	0	0	0	0	0	0	1	0	0	0	0	0	0	0	0	0	0	0	0	0
NZ_UGQW01000002.1	5p	+	53	3	4	3	6	16	0	0	0	0	0	0	0	0	0	0	0	0	0	0	0	0	0	1	0	0	0
NZ_UGQW01000002.1	5p	+	54	2	10	1	4	17	1	0	0	1	0	0	0	0	0	0	0	0	0	0	0	0	0	0	0	0	0
NZ_UGQW01000002.1	5p	+	55	5	1	7	3	16	0	0	0	0	0	0	0	0	0	0	0	0	0	0	0	0	0	0	0	0	0
NZ_UGQW01000002.1	5p	+	56	5	3	2	5	15	0	1	0	0	0	0	1	0	0	0	0	0	0	0	0	0	0	0	0	0	0
NZ_UGQW01000002.1	5p	+	57	3	2	6	2	13	2	0	0	0	0	0	0	0	0	0	0	0	0	0	0	1	0	0	0	0	0
NZ_UGQW01000002.1	5p	+	58	1	4	3	2	10	0	0	0	0	0	0	0	0	0	1	0	0	0	0	0	0	0	0	0	0	0
NZ_UGQW01000002.1	5p	+	59	3	5	0	2	10	0	1	0	0	0	0	0	0	0	0	0	0	0	0	0	0	0	0	0	0	0
NZ_UGQW01000002.1	5p	+	60	1	4	2	2	9	0	0	0	0	0	0	0	0	0	0	0	0	0	0	0	0	0	0	0	0	0
NZ_UGQW01000002.1	5p	+	61	1	2	5	1	9	0	0	0	0	0	0	0	0	0	0	0	0	0	0	0	0	0	0	0	0	0
NZ_UGQW01000002.1	5p	+	62	2	3	1	2	8	0	0	0	0	0	0	1	0	0	0	0	0	0	0	0	0	0	0	0	0	0
NZ_UGQW01000002.1	5p	+	63	2	0	2	3	7	0	0	0	0	0	0	0	0	0	0	0	0	0	0	0	0	0	0	0	0	0
NZ_UGQW01000002.1	5p	+	64	0	1	3	2	6	0	0	0	0	0	0	0	0	0	0	0	0	0	0	0	0	0	0	0	0	0
NZ_UGQW01000002.1	5p	+	65	0	1	2	1	4	0	0	0	0	0	0	0	0	0	0	0	0	0	0	0	0	0	0	0	0	0
NZ_UGQW01000002.1	5p	+	66	0	3	1	0	4	0	0	0	0	0	0	0	0	0	0	0	0	0	0	0	0	0	0	0	0	0
NZ_UGQW01000002.1	5p	+	67	1	1	1	1	4	0	0	0	0	0	0	0	0	0	0	0	0	0	0	0	0	0	0	0	0	0
NZ_UGQW01000002.1	5p	+	68	2	1	1	0	4	0	0	0	0	0	0	0	0	0	0	0	0	0	0	0	0	0	0	0	0	0
NZ_UGQW01000002.1	5p	+	69	1	1	1	1	4	0	0	0	0	0	0	0	0	0	0	0	0	0	0	0	0	0	0	0	0	0
NZ_UGQW01000002.1	5p	+	70	0	2	0	2	4	0	0	0	0	0	0	0	0	0	0	0	0	0	0	0	0	0	0	0	0	0
NZ_UGQW01000002.1	5p	-	1	35	40	56	52	183	0	4	0	1	1	0	0	0	0	0	2	0	0	0	0	0	0	0	0	0	0
NZ_UGQW01000002.1	5p	-	2	35	51	44	53	183	2	3	4	3	0	1	1	0	2	1	1	2	0	0	0	0	0	0	0	0	0
NZ_UGQW01000002.1	5p	-	3	35	48	63	37	183	2	2	2	3	0	0	1	0	1	0	4	1	0	0	0	0	0	0	0	0	0
NZ_UGQW01000002.1	5p	-	4	37	46	48	52	183	2	1	3	3	0	2	2	0	0	0	3	0	0	0	0	0	0	0	0	0	0
NZ_UGQW01000002.1	5p	-	5	36	44	58	45	183	0	1	3	4	0	0	0	0	0	0	6	3	0	0	0	0	0	0	0	0	0
NZ_UGQW01000002.1	5p	-	6	30	41	69	43	183	1	1	0	5	1	0	3	0	1	0	2	2	0	0	0	0	0	0	0	0	0
NZ_UGQW01000002.1	5p	-	7	31	51	55	46	183	3	0	1	2	0	1	1	0	1	1	2	0	0	0	0	0	0	0	0	0	0
NZ_UGQW01000002.1	5p	-	8	37	48	49	49	183	2	1	3	4	0	0	0	0	1	1	0	1	0	0	0	0	0	0	0	0	0
NZ_UGQW01000002.1	5p	-	9	39	42	62	40	183	0	1	4	3	0	0	0	0	0	2	2	0	0	0	0	0	0	0	0	0	0
NZ_UGQW01000002.1	5p	-	10	32	46	65	40	183	1	2	1	6	0	0	1	0	0	0	0	0	0	0	0	0	0	0	0	0	0
NZ_UGQW01000002.1	5p	-	11	38	57	49	39	183	0	2	2	2	2	0	1	1	0	0	1	1	0	0	0	0	0	0	0	0	0
NZ_UGQW01000002.1	5p	-	12	31	49	61	42	183	1	1	2	4	0	0	3	1	3	0	0	0	0	0	0	0	0	0	0	0	0
NZ_UGQW01000002.1	5p	-	13	45	47	65	26	183	3	1	1	1	0	0	1	0	0	0	0	2	0	0	0	0	0	0	0	0	0
NZ_UGQW01000002.1	5p	-	14	36	55	60	32	183	0	3	3	3	0	0	2	1	1	0	1	1	0	0	0	0	0	0	0	0	0
NZ_UGQW01000002.1	5p	-	15	32	45	72	34	183	2	1	1	3	1	0	2	0	1	0	5	0	0	0	0	0	0	0	0	0	0
NZ_UGQW01000002.1	5p	-	16	28	51	60	44	183	3	2	4	2	0	0	1	0	0	0	1	1	0	0	0	0	0	0	0	0	0
NZ_UGQW01000002.1	5p	-	17	29	57	58	39	183	0	0	4	1	1	0	0	1	0	2	3	1	0	0	0	0	0	0	0	0	0
NZ_UGQW01000002.1	5p	-	18	33	48	66	36	183	3	0	2	2	1	1	1	1	1	1	2	0	0	0	0	0	0	0	0	0	0
NZ_UGQW01000002.1	5p	-	19	36	46	60	41	183	0	0	0	0	1	1	0	1	2	0	0	0	0	0	0	0	0	0	0	0	0
NZ_UGQW01000002.1	5p	-	20	30	59	54	40	183	3	1	1	2	1	0	0	1	2	0	1	1	0	0	0	0	0	0	0	0	0
NZ_UGQW01000002.1	5p	-	21	38	54	65	25	182	0	0	1	3	0	0	2	2	2	0	4	1	0	0	0	0	0	1	0	0	0
NZ_UGQW01000002.1	5p	-	22	41	53	48	41	183	2	0	1	2	1	0	2	1	1	0	2	0	0	0	0	0	0	0	0	0	0
NZ_UGQW01000002.1	5p	-	23	39	53	45	45	182	0	1	2	2	0	0	0	0	3	1	1	0	0	0	0	0	1	0	0	0	0
NZ_UGQW01000002.1	5p	-	24	24	52	69	37	182	4	1	2	7	0	0	2	1	1	1	4	0	0	0	0	0	0	0	0	1	0
NZ_UGQW01000002.1	5p	-	25	36	55	53	39	183	3	0	3	3	0	1	1	0	1	0	3	2	0	0	0	0	0	0	0	0	0
NZ_UGQW01000002.1	5p	-	26	38	48	52	45	183	1	0	2	2	1	0	3	2	0	0	2	1	0	0	0	0	0	0	0	0	0
NZ_UGQW01000002.1	5p	-	27	28	58	66	31	183	3	0	0	1	0	2	4	1	0	0	1	0	0	0	0	0	0	0	0	0	0
NZ_UGQW01000002.1	5p	-	28	41	50	59	33	183	1	0	3	3	2	0	2	1	1	0	0	0	0	0	0	0	0	0	0	0	0
NZ_UGQW01000002.1	5p	-	29	29	58	56	40	183	4	5	4	1	1	0	1	0	2	0	1	0	0	0	0	0	0	0	0	0	0
NZ_UGQW01000002.1	5p	-	30	40	49	59	35	183	2	0	0	2	1	1	0	0	0	0	5	0	0	0	0	0	0	0	0	0	0
NZ_UGQW01000002.1	5p	-	31	19	41	48	42	150	2	3	2	3	0	0	0	1	0	2	2	0	0	0	0	0	0	0	0	0	0
NZ_UGQW01000002.1	5p	-	32	27	32	48	22	129	2	2	1	1	1	0	3	0	0	0	0	0	0	0	0	0	0	0	0	0	0
NZ_UGQW01000002.1	5p	-	33	14	34	40	22	110	3	0	2	4	0	0	0	0	0	0	0	1	0	0	0	0	0	0	0	0	0
NZ_UGQW01000002.1	5p	-	34	21	21	36	19	97	1	1	1	1	0	0	0	0	1	0	2	0	0	0	0	0	0	0	0	0	0
NZ_UGQW01000002.1	5p	-	35	25	20	24	17	86	2	0	2	1	0	0	0	0	0	0	0	0	0	0	0	0	0	0	0	0	0
NZ_UGQW01000002.1	5p	-	36	13	27	21	16	77	2	0	0	0	0	0	1	0	0	0	0	0	0	0	0	0	0	0	0	0	0
NZ_UGQW01000002.1	5p	-	37	20	14	18	20	72	0	0	0	2	0	0	0	0	0	1	0	0	0	1	0	0	0	0	0	0	0
NZ_UGQW01000002.1	5p	-	38	15	20	15	16	66	0	0	1	1	0	0	0	1	0	0	0	0	0	0	0	0	0	0	0	0	0
NZ_UGQW01000002.1	5p	-	39	13	15	16	16	60	0	0	0	0	0	0	1	0	0	0	1	0	0	0	0	0	0	0	0	0	0
NZ_UGQW01000002.1	5p	-	40	12	12	18	13	55	0	1	0	2	0	0	0	0	0	0	0	0	0	0	0	0	0	0	0	0	0
NZ_UGQW01000002.1	5p	-	41	8	19	11	12	50	0	0	0	1	0	0	0	0	0	0	1	0	0	0	0	0	0	0	0	0	0
NZ_UGQW01000002.1	5p	-	42	9	16	7	12	44	0	0	1	1	0	0	1	0	0	0	0	0	0	0	0	0	0	0	0	0	0
NZ_UGQW01000002.1	5p	-	43	6	10	13	8	37	1	0	0	1	0	0	0	0	1	0	1	0	0	0	0	0	0	0	0	0	0
NZ_UGQW01000002.1	5p	-	44	5	10	15	3	33	2	0	0	0	0	0	0	0	0	1	1	0	0	0	0	0	0	0	0	0	0
NZ_UGQW01000002.1	5p	-	45	3	8	11	7	29	2	0	0	1	0	0	0	0	0	0	0	0	0	0	0	0	0	0	0	0	0
NZ_UGQW01000002.1	5p	-	46	3	5	8	8	24	0	0	0	0	0	0	0	0	0	0	0	0	0	0	0	0	0	0	0	0	0
NZ_UGQW01000002.1	5p	-	47	5	5	7	6	23	0	0	1	0	0	0	0	0	0	0	0	0	0	0	0	0	0	0	0	0	0
NZ_UGQW01000002.1	5p	-	48	6	3	4	8	21	0	0	1	0	0	0	0	0	0	1	0	0	0	0	0	0	0	0	0	0	0
NZ_UGQW01000002.1	5p	-	49	4	0	6	8	18	0	0	0	0	0	0	0	0	1	0	0	0	0	0	0	0	0	0	0	0	0
NZ_UGQW01000002.1	5p	-	50	1	5	7	4	17	0	0	0	0	0	0	0	0	0	0	0	0	0	0	0	0	0	0	0	0	0
NZ_UGQW01000002.1	5p	-	51	2	6	6	2	16	0	0	0	0	0	0	0	0	0	0	0	0	0	0	0	0	0	0	0	0	0
NZ_UGQW01000002.1	5p	-	52	2	7	3	2	14	1	0	0	0	0	0	0	0	0	0	0	0	0	0	0	0	0	0	0	0	0
NZ_UGQW01000002.1	5p	-	53	2	3	3	3	11	0	0	0	1	0	0	0	0	0	0	0	0	0	0	0	0	0	0	0	0	0
NZ_UGQW01000002.1	5p	-	54	3	1	3	3	10	0	0	0	0	0	0	0	0	0	0	0	0	0	0	0	0	0	0	0	0	0
NZ_UGQW01000002.1	5p	-	55	0	3	5	2	10	0	0	0	0	0	0	0	0	0	0	0	0	0	0	0	0	0	0	0	0	0
NZ_UGQW01000002.1	5p	-	56	3	3	2	2	10	0	0	0	0	0	0	0	0	0	0	0	0	0	0	0	0	0	0	0	0	0
NZ_UGQW01000002.1	5p	-	57	4	2	1	2	9	0	0	0	0	0	0	0	0	0	0	0	0	0	0	0	0	0	0	0	0	0
NZ_UGQW01000002.1	5p	-	58	3	0	6	0	9	1	0	0	0	0	0	0	0	0	0	0	0	0	0	0	0	0	0	0	0	0
NZ_UGQW01000002.1	5p	-	59	1	6	1	1	9	0	0	0	0	0	0	0	0	0	0	0	0	0	0	0	0	0	0	0	0	0
NZ_UGQW01000002.1	5p	-	60	0	1	7	1	9	0	0	0	0	0	0	0	0	0	0	0	0	0	0	0	0	0	0	0	0	0
NZ_UGQW01000002.1	5p	-	61	2	3	4	0	9	0	0	0	0	0	0	0	0	0	0	0	0	0	0	0	0	0	0	0	0	0
NZ_UGQW01000002.1	5p	-	62	2	5	1	1	9	0	0	0	0	0	0	0	0	0	0	0	0	0	0	0	0	0	0	0	0	0
NZ_UGQW01000002.1	5p	-	63	4	1	3	0	8	0	0	0	0	0	0	0	0	0	0	0	0	0	0	0	0	0	0	0	0	0
NZ_UGQW01000002.1	5p	-	64	2	3	3	0	8	0	0	0	0	0	0	0	0	0	0	0	0	0	0	0	0	0	0	0	0	0
NZ_UGQW01000002.1	5p	-	65	1	3	3	1	8	0	0	0	0	0	0	0	0	0	0	0	0	0	0	0	0	0	0	0	0	0
NZ_UGQW01000002.1	5p	-	66	1	3	1	2	7	0	0	0	0	0	0	0	0	0	0	0	0	0	0	0	0	0	0	0	0	0
NZ_UGQW01000002.1	5p	-	67	1	1	2	3	7	0	0	0	0	0	0	0	0	0	0	0	0	0	0	0	0	0	0	0	0	0
NZ_UGQW01000002.1	5p	-	68	1	3	1	2	7	0	0	0	0	0	0	0	0	0	0	0	0	0	0	0	0	0	0	0	0	0
NZ_UGQW01000002.1	5p	-	69	1	2	2	2	7	0	0	0	0	0	0	0	0	0	0	0	0	0	0	0	0	0	0	0	0	0
NZ_UGQW01000002.1	5p	-	70	1	2	3	1	7	0	0	0	0	0	0	0	0	0	0	0	0	0	0	0	0	0	0	0	0	0
