# table produced by mapDamage version 2.2.3
# using mapped file /mnt/archgen/microbiome_calculus/library_ds_vs_ss/04-analysis/normalize_kraken/mapping/lautropia_mirabilis/out/GOY006.A0101.SG1.2_5M.mapped_l_mirabilis_q25l30_rmdup.bam and /mnt/archgen/microbiome_calculus/library_ds_vs_ss/04-analysis/normalize_kraken/mapping/lautropia_mirabilis/input/GCF_900637555.1_51726_E01_genomic.fna as reference file
# Chr: reference from sam/bam header, End: from which termini of DNA sequences, Std: strand of reads
Chr	End	Std	Pos	A	C	G	T	Total	G>A	C>T	A>G	T>C	A>C	A>T	C>G	C>A	T>G	T>A	G>C	G>T	A>-	T>-	C>-	G>-	->A	->T	->C	->G	S
NZ_LR134378.1	3p	+	1	3229	4253	5818	2841	16141	1246	86	90	73	19	4	64	42	21	12	47	28	0	0	0	0	0	0	0	0	0
NZ_LR134378.1	3p	+	2	3344	4831	5292	2674	16141	855	90	72	99	20	5	61	46	17	18	54	26	0	0	0	0	0	0	0	0	0
NZ_LR134378.1	3p	+	3	2732	5366	5139	2904	16141	555	109	85	102	15	11	65	44	17	14	40	31	0	0	0	0	0	0	0	0	0
NZ_LR134378.1	3p	+	4	3188	4692	5316	2945	16141	516	106	79	88	9	3	54	37	14	16	40	22	0	0	0	0	0	0	0	0	0
NZ_LR134378.1	3p	+	5	3003	5002	5522	2614	16141	443	87	87	77	20	8	61	37	20	12	41	23	0	0	0	0	0	0	0	0	0
NZ_LR134378.1	3p	+	6	2748	5320	5331	2739	16138	385	106	78	92	15	6	64	29	19	7	45	28	0	0	0	0	1	0	1	1	0
NZ_LR134378.1	3p	+	7	2977	5004	5282	2877	16140	314	97	72	86	17	13	44	35	19	3	47	22	0	0	1	1	0	1	0	0	0
NZ_LR134378.1	3p	+	8	2798	5123	5588	2630	16139	310	123	99	87	15	10	51	34	11	8	47	31	0	0	0	0	0	0	0	2	0
NZ_LR134378.1	3p	+	9	2707	5263	5445	2725	16140	277	113	86	85	19	7	62	28	14	7	53	16	0	0	1	2	1	0	0	0	0
NZ_LR134378.1	3p	+	10	2961	5105	5287	2787	16140	211	102	67	89	17	8	55	34	25	13	32	18	0	0	1	2	0	1	0	0	0
NZ_LR134378.1	3p	+	11	2709	5235	5620	2576	16140	208	99	91	87	21	7	43	32	21	6	60	21	1	0	1	1	0	0	1	0	0
NZ_LR134378.1	3p	+	12	2607	5436	5468	2629	16140	173	130	91	91	20	11	58	29	21	10	61	34	0	1	3	0	0	0	1	0	0
NZ_LR134378.1	3p	+	13	2970	5079	5318	2771	16138	179	109	81	80	18	8	30	29	19	9	53	18	0	0	0	0	2	0	1	0	0
NZ_LR134378.1	3p	+	14	2732	5249	5538	2621	16140	190	104	102	89	18	7	60	32	14	13	44	20	1	1	1	0	0	0	1	0	0
NZ_LR134378.1	3p	+	15	2629	5405	5481	2623	16138	168	112	89	95	17	5	50	25	17	7	60	22	0	1	0	1	2	0	0	1	0
NZ_LR134378.1	3p	+	16	2832	5183	5418	2705	16138	180	80	77	70	16	7	44	24	13	4	36	10	0	0	1	0	1	0	1	1	0
NZ_LR134378.1	3p	+	17	2651	5442	5574	2473	16140	164	105	95	76	17	2	56	25	23	12	36	33	1	1	1	0	0	0	0	1	0
NZ_LR134378.1	3p	+	18	2538	5607	5443	2550	16138	154	138	80	100	13	8	52	26	17	14	46	20	0	2	1	0	1	0	2	0	0
NZ_LR134378.1	3p	+	19	2835	5282	5310	2712	16139	139	116	79	84	13	6	48	26	17	8	38	21	0	0	0	0	0	1	1	0	0
NZ_LR134378.1	3p	+	20	2588	5394	5614	2543	16139	174	109	68	91	16	5	35	32	8	7	46	21	1	0	2	0	0	1	0	1	0
NZ_LR134378.1	3p	+	21	2595	5520	5408	2614	16137	130	143	111	95	17	7	58	28	17	6	62	34	0	1	2	0	1	1	1	1	0
NZ_LR134378.1	3p	+	22	2847	5213	5256	2824	16140	101	121	78	73	12	7	39	24	15	10	40	23	1	0	0	0	1	0	0	0	0
NZ_LR134378.1	3p	+	23	2677	5329	5555	2574	16135	153	149	79	103	18	5	64	22	16	13	50	19	0	2	0	2	1	3	1	1	0
NZ_LR134378.1	3p	+	24	2508	5586	5488	2556	16138	135	149	81	85	17	11	50	21	19	13	58	28	1	2	0	2	0	1	2	0	0
NZ_LR134378.1	3p	+	25	2901	5179	5231	2827	16138	120	162	73	80	12	8	38	26	12	10	43	22	0	1	1	1	1	1	0	1	0
NZ_LR134378.1	3p	+	26	2609	5448	5483	2597	16137	129	212	101	101	16	10	59	21	21	6	41	24	0	1	1	2	2	0	1	1	0
NZ_LR134378.1	3p	+	27	2578	5607	5245	2707	16137	139	214	94	96	23	14	46	19	17	8	52	27	0	0	0	1	1	1	1	1	0
NZ_LR134378.1	3p	+	28	2962	5074	5252	2848	16136	106	223	76	75	19	7	36	25	13	8	38	18	1	2	2	1	2	1	1	1	0
NZ_LR134378.1	3p	+	29	2711	5358	5381	2688	16138	138	241	70	80	17	11	55	29	23	10	51	28	1	1	2	4	0	2	0	1	0
NZ_LR134378.1	3p	+	30	2721	5535	5187	2694	16137	145	370	93	83	15	7	40	18	17	10	62	34	0	1	1	2	0	1	1	2	0
NZ_LR134378.1	3p	+	31	2768	5001	4680	2789	15238	92	313	80	69	11	10	44	22	12	14	39	27	2	1	1	2	0	0	0	0	0
NZ_LR134378.1	3p	+	32	2426	4875	4609	2398	14308	118	326	56	75	16	5	50	26	15	9	50	27	1	1	0	1	0	2	0	1	0
NZ_LR134378.1	3p	+	33	2280	4564	4201	2312	13357	109	306	84	74	6	5	54	17	13	6	48	29	0	0	2	1	0	1	1	0	0
NZ_LR134378.1	3p	+	34	2325	4074	3804	2283	12486	89	277	42	66	10	7	49	22	10	11	39	22	0	0	1	1	0	1	0	0	0
NZ_LR134378.1	3p	+	35	2002	3905	3753	1989	11649	96	283	55	63	7	5	28	14	12	10	39	21	0	0	0	0	0	0	0	0	0
NZ_LR134378.1	3p	+	36	1849	3635	3467	1898	10849	92	250	48	54	12	5	32	24	11	8	38	29	0	0	0	0	1	0	0	0	0
NZ_LR134378.1	3p	+	37	1799	3299	3159	1888	10145	66	212	48	48	12	6	22	14	8	3	34	15	0	0	0	0	0	0	0	0	0
NZ_LR134378.1	3p	+	38	1652	3142	3031	1609	9434	75	226	47	39	10	5	24	18	6	6	25	23	0	0	1	0	1	1	0	0	0
NZ_LR134378.1	3p	+	39	1458	3014	2763	1579	8814	65	206	43	48	5	7	22	18	4	2	33	12	0	0	0	1	2	1	0	0	0
NZ_LR134378.1	3p	+	40	1561	2670	2515	1476	8222	49	197	31	39	9	3	22	17	9	2	31	17	0	0	0	1	0	0	1	0	0
NZ_LR134378.1	3p	+	41	1386	2579	2453	1282	7700	59	186	45	40	5	5	28	13	5	5	34	17	0	0	0	1	0	0	0	0	0
NZ_LR134378.1	3p	+	42	1243	2402	2307	1269	7221	58	209	30	52	10	4	14	14	12	6	24	16	0	1	0	0	0	2	0	0	0
NZ_LR134378.1	3p	+	43	1243	2091	1983	1299	6616	46	168	26	35	4	9	17	7	7	5	18	10	0	0	0	0	0	0	0	0	0
NZ_LR134378.1	3p	+	44	1098	2039	1977	1014	6128	41	165	34	32	2	4	21	8	3	7	27	8	0	0	0	1	0	0	0	0	0
NZ_LR134378.1	3p	+	45	954	1887	1740	1017	5598	38	141	30	33	3	2	12	6	6	2	13	11	0	0	0	1	0	0	0	0	0
NZ_LR134378.1	3p	+	46	911	1608	1617	1005	5141	26	126	18	31	5	4	8	5	3	5	14	9	0	0	1	0	0	0	0	0	0
NZ_LR134378.1	3p	+	47	815	1607	1494	820	4736	28	128	27	24	3	7	15	11	1	1	16	4	0	0	0	0	0	0	0	0	0
NZ_LR134378.1	3p	+	48	737	1515	1344	772	4368	26	110	29	35	5	4	10	12	3	1	17	8	0	0	0	0	0	0	0	0	0
NZ_LR134378.1	3p	+	49	770	1285	1209	741	4005	24	105	18	19	4	3	13	4	4	5	7	4	0	0	0	0	0	0	0	1	0
NZ_LR134378.1	3p	+	50	655	1273	1143	594	3665	22	95	19	18	2	1	11	6	1	2	15	5	0	0	0	0	0	1	0	0	0
NZ_LR134378.1	3p	+	51	584	1145	1075	574	3378	26	94	17	21	2	2	8	6	6	3	5	8	0	0	0	0	0	0	0	0	0
NZ_LR134378.1	3p	+	52	575	1013	924	594	3106	18	62	14	9	3	0	5	4	1	0	6	5	0	0	1	0	0	0	0	0	0
NZ_LR134378.1	3p	+	53	525	951	881	492	2849	23	78	21	10	1	0	4	2	3	2	13	4	0	0	0	0	0	0	0	0	0
NZ_LR134378.1	3p	+	54	411	915	815	490	2631	14	60	12	11	2	4	10	5	6	1	6	4	0	1	1	0	0	0	0	0	0
NZ_LR134378.1	3p	+	55	442	809	701	478	2430	12	54	9	14	0	1	11	5	1	0	5	6	0	0	0	0	0	0	0	0	0
NZ_LR134378.1	3p	+	56	409	744	713	383	2249	15	52	15	13	2	1	3	1	1	0	5	7	0	0	0	1	0	0	1	0	0
NZ_LR134378.1	3p	+	57	368	713	648	386	2115	7	50	7	14	4	3	7	4	2	1	5	5	0	0	0	0	0	0	0	0	0
NZ_LR134378.1	3p	+	58	376	635	585	386	1982	13	45	9	8	2	1	7	2	0	2	5	3	0	0	1	0	0	0	0	0	0
NZ_LR134378.1	3p	+	59	323	619	591	320	1853	17	46	14	11	2	0	5	3	0	0	6	2	0	0	0	2	0	0	0	0	0
NZ_LR134378.1	3p	+	60	293	586	540	305	1724	13	34	9	8	0	2	3	0	0	1	10	4	0	0	0	0	0	0	0	0	0
NZ_LR134378.1	3p	+	61	318	526	473	276	1593	6	28	8	3	2	0	1	4	2	0	2	2	0	0	0	0	0	0	0	0	0
NZ_LR134378.1	3p	+	62	256	504	482	245	1487	10	30	8	5	1	1	2	3	3	0	2	2	0	0	0	0	0	0	0	0	0
NZ_LR134378.1	3p	+	63	253	482	409	251	1395	7	31	13	8	1	1	2	2	0	1	4	5	0	0	0	0	0	0	0	0	0
NZ_LR134378.1	3p	+	64	233	426	417	233	1309	6	21	8	7	0	1	2	3	1	0	3	2	0	0	0	0	0	0	0	0	0
NZ_LR134378.1	3p	+	65	200	417	383	210	1210	7	36	7	8	0	1	4	0	0	1	3	2	0	0	0	0	0	0	0	0	0
NZ_LR134378.1	3p	+	66	211	360	343	205	1119	10	24	5	4	2	2	3	1	1	1	3	1	0	0	0	0	0	0	1	0	0
NZ_LR134378.1	3p	+	67	188	305	343	198	1034	6	21	3	3	1	0	3	3	1	1	4	3	0	0	0	0	0	0	0	0	0
NZ_LR134378.1	3p	+	68	158	333	309	162	962	11	20	3	6	1	1	7	0	0	1	3	1	0	0	1	0	0	0	0	0	0
NZ_LR134378.1	3p	+	69	152	308	266	154	880	6	27	3	1	0	0	1	0	0	1	1	1	0	0	0	1	0	0	0	0	0
NZ_LR134378.1	3p	+	70	162	250	237	157	806	5	15	5	7	1	0	2	3	1	1	2	0	0	1	0	0	0	0	0	0	0
NZ_LR134378.1	3p	-	1	3141	4188	5764	2760	15853	1274	106	100	63	16	16	72	57	16	15	44	37	0	0	0	0	0	0	0	0	0
NZ_LR134378.1	3p	-	2	3174	4768	5192	2719	15853	823	115	70	97	16	10	76	43	21	13	49	34	0	0	0	0	0	0	0	0	0
NZ_LR134378.1	3p	-	3	2666	5157	5233	2795	15851	596	108	74	91	21	10	68	35	14	12	48	27	1	0	0	0	0	0	0	2	0
NZ_LR134378.1	3p	-	4	3003	4645	5249	2954	15851	505	77	68	92	14	24	49	25	15	5	36	28	0	0	0	0	2	0	0	0	0
NZ_LR134378.1	3p	-	5	2844	4987	5407	2611	15849	440	108	105	72	23	9	57	36	13	12	57	18	0	0	1	0	0	0	3	1	0
NZ_LR134378.1	3p	-	6	2832	5075	5224	2715	15846	381	107	88	84	10	9	50	40	13	11	36	28	0	0	1	0	2	0	3	2	0
NZ_LR134378.1	3p	-	7	2856	5059	5208	2727	15850	287	99	82	68	9	9	52	31	10	12	47	21	0	1	0	1	0	0	1	2	0
NZ_LR134378.1	3p	-	8	2671	5030	5541	2610	15852	312	97	93	87	18	7	65	33	19	11	51	23	1	0	0	0	0	1	0	0	0
NZ_LR134378.1	3p	-	9	2650	5202	5310	2685	15847	230	120	93	85	20	10	47	31	15	10	48	22	0	0	0	2	2	1	2	1	0
NZ_LR134378.1	3p	-	10	2861	4976	5238	2775	15850	215	115	86	65	9	9	40	25	14	12	34	26	0	1	0	1	0	0	3	0	0
NZ_LR134378.1	3p	-	11	2682	5205	5444	2521	15852	205	106	102	85	15	13	41	25	15	6	57	27	0	0	2	0	0	0	0	1	0
NZ_LR134378.1	3p	-	12	2570	5365	5330	2587	15852	175	119	107	81	13	10	53	34	19	6	55	20	1	1	0	1	0	0	0	1	0
NZ_LR134378.1	3p	-	13	2743	5038	5371	2698	15850	194	89	79	87	18	8	37	17	15	8	48	27	1	2	2	2	1	0	0	2	0
NZ_LR134378.1	3p	-	14	2558	5142	5634	2517	15851	178	108	85	76	16	10	57	37	19	16	56	25	0	0	1	1	0	0	0	2	0
NZ_LR134378.1	3p	-	15	2632	5271	5367	2583	15853	174	129	95	90	17	9	58	35	16	7	68	27	0	1	1	1	0	0	0	0	0
NZ_LR134378.1	3p	-	16	2625	5141	5317	2767	15850	143	81	65	90	17	2	50	22	20	6	40	18	0	0	1	0	0	1	1	1	0
NZ_LR134378.1	3p	-	17	2519	5141	5645	2545	15850	153	99	90	77	13	4	42	24	23	8	46	28	1	2	0	0	0	1	2	0	0
NZ_LR134378.1	3p	-	18	2434	5346	5423	2647	15850	143	103	66	97	18	4	52	30	17	13	53	26	1	1	0	1	1	0	0	2	0
NZ_LR134378.1	3p	-	19	2710	5162	5319	2659	15850	114	113	74	77	12	8	55	22	9	9	47	20	0	0	0	1	1	0	1	1	0
NZ_LR134378.1	3p	-	20	2496	5325	5465	2565	15851	141	114	91	92	18	6	47	25	17	4	46	16	1	0	0	1	0	0	1	1	0
NZ_LR134378.1	3p	-	21	2473	5435	5340	2604	15852	117	127	92	90	19	9	47	32	15	4	60	25	0	0	0	0	0	0	0	1	0
NZ_LR134378.1	3p	-	22	2613	5255	5288	2694	15850	150	115	80	69	14	5	54	22	15	8	52	26	0	0	0	1	2	0	0	1	0
NZ_LR134378.1	3p	-	23	2568	5379	5341	2563	15851	132	138	115	81	11	8	48	18	17	6	51	25	0	0	2	0	1	0	0	1	0
NZ_LR134378.1	3p	-	24	2526	5451	5247	2625	15849	148	170	90	95	15	7	61	27	16	7	58	38	0	0	0	0	1	0	0	3	0
NZ_LR134378.1	3p	-	25	2651	5172	5257	2771	15851	128	141	82	66	15	6	45	28	10	10	43	26	0	0	2	1	0	0	1	1	0
NZ_LR134378.1	3p	-	26	2682	5323	5317	2530	15852	146	194	105	88	26	8	60	22	14	3	53	30	0	0	1	1	0	0	0	1	0
NZ_LR134378.1	3p	-	27	2526	5391	5231	2703	15851	140	213	75	75	7	9	52	25	19	4	63	28	0	0	0	0	0	0	2	0	0
NZ_LR134378.1	3p	-	28	2746	5244	5058	2802	15850	120	227	74	60	15	9	39	24	12	7	42	22	0	1	1	1	1	2	0	0	0
NZ_LR134378.1	3p	-	29	2707	5302	5244	2597	15850	125	259	88	88	19	7	48	24	24	8	44	29	0	0	2	0	0	1	0	2	0
NZ_LR134378.1	3p	-	30	2616	5363	5180	2694	15853	108	304	79	75	17	9	59	27	18	15	57	33	0	0	0	1	0	0	0	0	0
NZ_LR134378.1	3p	-	31	2673	4912	4681	2693	14959	107	305	59	66	13	10	30	19	12	8	49	25	1	0	0	0	0	0	0	0	0
NZ_LR134378.1	3p	-	32	2402	4764	4484	2424	14074	115	300	76	80	21	13	46	26	18	11	52	27	0	0	1	0	0	0	1	0	0
NZ_LR134378.1	3p	-	33	2139	4581	4171	2282	13173	107	287	74	67	18	7	53	19	8	6	47	28	0	0	0	1	0	1	1	2	0
NZ_LR134378.1	3p	-	34	2263	3951	3880	2235	12329	103	245	75	58	10	12	34	22	10	8	37	12	0	1	0	0	1	0	0	0	0
NZ_LR134378.1	3p	-	35	1910	3843	3713	1983	11449	90	244	66	64	13	9	34	13	11	10	57	9	1	0	0	1	0	0	0	0	0
NZ_LR134378.1	3p	-	36	1728	3662	3386	1923	10699	91	281	37	62	4	5	19	18	4	2	32	24	0	0	0	0	0	0	0	1	0
NZ_LR134378.1	3p	-	37	1885	3215	3045	1841	9986	75	234	44	58	15	6	23	16	9	0	28	13	0	0	1	0	0	0	0	0	0
NZ_LR134378.1	3p	-	38	1675	3078	2947	1604	9304	73	229	56	39	7	14	24	13	5	8	21	17	1	0	0	0	0	0	0	0	0
NZ_LR134378.1	3p	-	39	1449	2897	2844	1511	8701	62	224	41	41	11	3	29	9	7	4	34	22	0	0	0	1	0	1	1	1	0
NZ_LR134378.1	3p	-	40	1490	2702	2487	1458	8137	52	183	43	38	10	3	23	8	7	1	28	12	1	0	0	0	0	0	0	0	0
NZ_LR134378.1	3p	-	41	1335	2490	2420	1327	7572	57	188	41	53	5	6	17	10	4	3	23	10	1	0	0	0	0	0	0	0	0
NZ_LR134378.1	3p	-	42	1208	2405	2213	1279	7105	50	196	31	43	12	4	18	17	11	9	16	16	0	0	1	0	0	0	0	0	0
NZ_LR134378.1	3p	-	43	1254	2121	1979	1167	6521	35	197	29	30	9	4	18	4	8	3	15	7	0	0	0	2	0	0	0	0	0
NZ_LR134378.1	3p	-	44	1059	2005	1904	1024	5992	48	157	41	33	6	2	19	6	8	1	24	10	0	0	0	0	0	0	0	0	0
NZ_LR134378.1	3p	-	45	895	1920	1690	959	5464	39	155	28	25	2	0	21	5	4	3	22	7	1	0	0	1	0	1	0	0	0
NZ_LR134378.1	3p	-	46	921	1648	1533	912	5014	23	123	25	22	3	2	14	5	5	5	16	12	0	1	0	0	0	0	0	0	0
NZ_LR134378.1	3p	-	47	844	1493	1476	811	4624	28	114	21	18	7	2	10	5	2	4	11	12	0	0	0	0	0	0	0	0	0
NZ_LR134378.1	3p	-	48	708	1461	1324	761	4254	32	109	26	28	4	3	9	3	3	4	19	7	0	0	0	0	0	0	0	0	0
NZ_LR134378.1	3p	-	49	693	1219	1234	754	3900	35	114	24	25	2	1	9	9	3	1	5	4	0	0	0	0	0	1	0	1	0
NZ_LR134378.1	3p	-	50	613	1301	1057	624	3595	27	88	17	10	3	2	15	2	7	2	12	5	0	0	1	0	0	1	0	0	0
NZ_LR134378.1	3p	-	51	537	1150	1033	582	3302	22	93	15	18	5	4	6	3	1	0	12	3	0	0	0	0	0	0	0	1	0
NZ_LR134378.1	3p	-	52	526	1032	895	569	3022	23	78	18	19	4	3	3	0	3	1	10	8	0	0	0	0	0	0	0	0	0
NZ_LR134378.1	3p	-	53	507	868	908	519	2802	20	60	16	14	2	2	10	1	3	2	10	6	1	0	0	0	0	0	0	0	0
NZ_LR134378.1	3p	-	54	454	878	790	466	2588	17	69	8	18	1	2	9	3	3	1	3	3	0	0	0	1	0	0	0	0	0
NZ_LR134378.1	3p	-	55	440	740	753	451	2384	12	50	7	12	4	0	3	3	3	1	8	7	0	0	0	0	0	0	0	0	0
NZ_LR134378.1	3p	-	56	383	758	677	379	2197	17	65	8	11	3	2	4	2	1	1	6	6	0	0	0	0	0	0	0	0	0
NZ_LR134378.1	3p	-	57	337	681	609	408	2035	12	53	7	7	3	4	7	1	0	0	12	3	0	0	0	0	0	0	0	0	0
NZ_LR134378.1	3p	-	58	369	635	554	337	1895	18	36	7	7	1	1	4	0	1	0	3	3	0	0	0	0	0	0	0	0	0
NZ_LR134378.1	3p	-	59	283	629	532	305	1749	10	52	8	7	1	0	11	5	1	0	6	5	0	0	1	0	1	0	0	0	0
NZ_LR134378.1	3p	-	60	279	530	508	299	1616	16	39	14	10	3	0	5	3	0	1	4	5	0	0	0	0	0	0	0	0	0
NZ_LR134378.1	3p	-	61	265	493	480	273	1511	9	25	4	9	1	0	1	2	0	1	4	2	0	0	0	1	0	0	0	0	0
NZ_LR134378.1	3p	-	62	254	492	436	241	1423	13	39	6	5	2	1	4	4	2	0	7	5	0	0	0	2	0	0	0	0	0
NZ_LR134378.1	3p	-	63	240	449	378	260	1327	5	32	7	5	1	0	4	2	3	2	6	3	0	0	2	0	0	0	0	0	0
NZ_LR134378.1	3p	-	64	233	417	386	223	1259	5	36	6	4	3	1	1	1	1	2	2	3	0	0	0	2	0	0	0	0	0
NZ_LR134378.1	3p	-	65	191	394	385	193	1163	7	35	9	2	1	3	3	1	1	1	3	4	0	0	0	0	0	0	0	0	0
NZ_LR134378.1	3p	-	66	188	363	341	196	1088	9	24	10	5	1	0	1	0	2	0	4	2	0	1	0	0	0	0	0	0	0
NZ_LR134378.1	3p	-	67	190	310	306	198	1004	10	20	5	3	0	0	2	1	0	1	4	1	0	0	0	0	0	0	0	0	0
NZ_LR134378.1	3p	-	68	166	303	309	158	936	6	18	4	6	0	1	4	1	1	0	3	3	0	0	0	0	0	0	0	0	0
NZ_LR134378.1	3p	-	69	142	302	259	145	848	5	19	1	7	1	0	0	0	0	1	1	5	1	0	0	0	0	1	0	0	0
NZ_LR134378.1	3p	-	70	135	278	246	141	800	3	18	3	5	1	0	0	0	0	1	5	1	0	0	0	0	0	0	0	0	0
NZ_LR134378.1	5p	+	1	2936	5889	4042	3274	16141	103	1282	80	93	19	13	28	26	19	13	79	46	0	0	0	0	0	0	0	0	1
NZ_LR134378.1	5p	+	2	2903	5434	4712	3092	16141	114	746	105	83	16	16	77	31	17	11	77	43	0	0	0	0	0	0	0	0	0
NZ_LR134378.1	5p	+	3	3010	5296	5317	2515	16138	115	471	85	80	17	19	55	34	17	11	82	45	0	1	1	1	0	2	0	1	0
NZ_LR134378.1	5p	+	4	3100	5363	4711	2963	16137	98	474	69	73	15	10	39	33	12	12	41	34	0	1	2	4	2	2	0	0	0
NZ_LR134378.1	5p	+	5	2782	5590	4932	2831	16135	102	463	72	83	18	11	42	28	24	7	48	29	1	3	0	1	2	4	0	0	0
NZ_LR134378.1	5p	+	6	2748	5201	5387	2795	16131	113	381	113	80	17	8	64	27	17	12	59	34	1	2	2	2	2	4	1	3	0
NZ_LR134378.1	5p	+	7	2861	5245	5163	2869	16138	102	280	89	86	12	9	52	18	12	7	46	35	0	0	0	1	0	0	3	0	0
NZ_LR134378.1	5p	+	8	2586	5590	5144	2817	16137	115	280	71	90	25	16	43	28	14	13	69	25	1	0	1	0	0	1	2	1	0
NZ_LR134378.1	5p	+	9	2625	5352	5477	2685	16139	114	244	67	84	13	12	47	24	11	12	58	22	0	0	1	2	1	1	0	0	0
NZ_LR134378.1	5p	+	10	2839	5260	5216	2824	16139	105	247	67	72	8	5	55	18	12	12	32	19	1	1	0	2	1	0	1	0	0
NZ_LR134378.1	5p	+	11	2628	5600	5171	2740	16139	134	205	81	102	12	6	55	23	14	12	44	34	0	2	0	1	0	1	0	1	0
NZ_LR134378.1	5p	+	12	2684	5363	5485	2608	16140	133	216	108	104	12	8	62	24	18	7	55	32	0	1	0	0	0	0	0	1	0
NZ_LR134378.1	5p	+	13	2913	5224	5234	2767	16138	113	179	81	77	11	6	33	29	10	11	38	26	0	1	3	1	0	0	2	1	0
NZ_LR134378.1	5p	+	14	2539	5499	5424	2678	16140	115	163	60	89	18	5	56	23	17	13	42	28	0	2	0	3	0	1	0	0	0
NZ_LR134378.1	5p	+	15	2586	5490	5527	2536	16139	106	169	95	99	24	3	53	16	18	8	53	27	1	0	0	1	0	0	1	1	0
NZ_LR134378.1	5p	+	16	2845	5306	5187	2803	16141	116	132	70	77	14	11	49	28	8	4	34	16	0	0	0	0	0	0	0	0	0
NZ_LR134378.1	5p	+	17	2572	5513	5399	2652	16136	130	146	69	83	21	12	46	22	14	9	59	27	0	0	0	1	1	0	3	1	0
NZ_LR134378.1	5p	+	18	2602	5362	5667	2508	16139	123	135	105	86	18	6	48	21	13	8	54	23	0	0	1	1	1	1	0	0	0
NZ_LR134378.1	5p	+	19	2829	5272	5360	2678	16139	117	138	64	78	13	11	47	17	12	4	49	17	0	0	1	0	1	0	0	1	0
NZ_LR134378.1	5p	+	20	2573	5576	5384	2603	16136	128	154	78	83	16	5	46	27	20	11	62	25	1	2	1	0	3	0	2	0	0
NZ_LR134378.1	5p	+	21	2666	5463	5483	2525	16137	134	135	108	103	20	7	43	31	17	7	50	24	0	2	0	1	1	2	1	0	0
NZ_LR134378.1	5p	+	22	2797	5259	5324	2759	16139	123	128	82	85	15	7	46	21	17	8	48	17	0	0	0	2	1	0	1	0	0
NZ_LR134378.1	5p	+	23	2611	5340	5501	2686	16138	143	120	79	96	15	5	45	23	29	12	50	23	1	2	4	1	0	1	0	2	0
NZ_LR134378.1	5p	+	24	2663	5430	5453	2594	16140	139	128	98	104	29	4	51	32	17	8	58	19	1	0	0	3	0	0	0	1	0
NZ_LR134378.1	5p	+	25	2895	5201	5205	2839	16140	161	131	88	105	21	4	44	18	14	9	40	22	0	1	1	0	0	0	1	0	0
NZ_LR134378.1	5p	+	26	2699	5366	5431	2644	16140	211	123	82	91	16	0	45	29	25	7	44	21	0	0	1	1	0	0	0	1	0
NZ_LR134378.1	5p	+	27	2794	5274	5544	2527	16139	223	122	97	92	12	7	58	30	20	9	46	17	0	0	0	0	2	0	0	0	0
NZ_LR134378.1	5p	+	28	2902	5164	5301	2773	16140	222	100	87	81	14	7	49	25	14	11	28	23	0	0	2	1	0	0	1	0	0
NZ_LR134378.1	5p	+	29	2730	5314	5445	2652	16141	297	123	77	97	13	8	59	38	11	9	51	33	0	0	1	1	0	0	0	0	0
NZ_LR134378.1	5p	+	30	2812	5198	5525	2605	16140	365	128	96	97	11	7	53	38	11	10	53	21	0	0	0	0	1	0	0	0	0
NZ_LR134378.1	5p	+	31	2841	4716	5018	2661	15236	312	88	69	83	12	8	57	30	14	12	47	20	0	0	1	0	0	1	0	1	0
NZ_LR134378.1	5p	+	32	2509	4615	4815	2370	14309	328	101	77	76	15	9	51	32	22	19	37	27	1	1	0	0	0	0	1	1	0
NZ_LR134378.1	5p	+	33	2389	4204	4592	2174	13359	314	94	74	71	16	5	57	25	16	5	44	23	0	0	1	0	0	0	0	0	0
NZ_LR134378.1	5p	+	34	2326	3870	3997	2294	12487	271	80	49	70	12	4	43	26	19	12	29	19	0	1	0	0	0	0	0	0	0
NZ_LR134378.1	5p	+	35	2024	3796	3857	1970	11647	272	81	59	59	10	3	29	28	10	6	35	12	0	0	0	1	0	0	1	1	0
NZ_LR134378.1	5p	+	36	1933	3406	3653	1858	10850	289	76	50	56	11	5	31	23	9	4	29	16	0	0	3	1	0	0	0	0	0
NZ_LR134378.1	5p	+	37	2000	3024	3322	1799	10145	273	55	51	49	3	9	28	27	15	6	25	10	1	0	1	0	0	0	0	0	0
NZ_LR134378.1	5p	+	38	1614	3081	3068	1673	9436	241	61	41	52	6	8	33	20	13	6	22	13	0	0	1	1	0	0	0	0	0
NZ_LR134378.1	5p	+	39	1578	2720	3032	1487	8817	247	63	56	37	8	2	31	14	10	3	22	9	0	0	0	0	0	0	0	0	0
NZ_LR134378.1	5p	+	40	1541	2517	2655	1510	8223	187	47	39	43	7	6	17	16	11	5	21	16	0	0	0	0	0	0	0	0	0
NZ_LR134378.1	5p	+	41	1379	2430	2541	1349	7699	205	70	32	27	11	4	28	16	6	7	25	7	1	0	0	0	0	1	0	0	0
NZ_LR134378.1	5p	+	42	1289	2227	2522	1184	7222	193	54	38	41	7	2	27	17	9	8	26	13	0	0	0	0	1	0	0	0	0
NZ_LR134378.1	5p	+	43	1258	1977	2179	1202	6616	161	44	28	28	6	4	14	9	5	2	21	17	0	0	0	0	0	0	0	0	0
NZ_LR134378.1	5p	+	44	1081	1930	2051	1066	6128	174	39	23	34	1	3	19	16	9	2	15	9	0	0	1	1	0	0	0	0	0
NZ_LR134378.1	5p	+	45	966	1754	1914	964	5598	154	35	24	28	4	4	19	14	3	3	14	13	0	0	1	1	0	0	0	0	0
NZ_LR134378.1	5p	+	46	1006	1586	1627	922	5141	160	30	27	23	5	0	15	14	6	3	13	4	0	0	0	0	0	0	0	0	0
NZ_LR134378.1	5p	+	47	853	1461	1584	838	4736	116	32	24	27	4	4	12	11	5	4	4	6	0	0	0	0	0	0	0	0	0
NZ_LR134378.1	5p	+	48	751	1402	1509	706	4368	129	37	22	22	4	1	9	11	4	6	10	9	0	0	0	0	0	0	0	0	0
NZ_LR134378.1	5p	+	49	814	1140	1304	748	4006	103	15	24	18	3	1	11	7	3	3	10	1	0	0	0	0	0	0	0	0	0
NZ_LR134378.1	5p	+	50	667	1185	1168	646	3666	101	30	22	14	4	0	9	6	2	3	8	9	0	0	0	0	0	0	0	0	0
NZ_LR134378.1	5p	+	51	610	1042	1128	598	3378	92	21	21	13	3	1	9	4	0	1	6	5	0	0	0	0	0	0	0	0	0
NZ_LR134378.1	5p	+	52	576	978	1002	549	3105	86	18	15	12	1	1	10	2	1	1	7	7	0	0	0	0	0	1	0	0	0
NZ_LR134378.1	5p	+	53	533	911	925	480	2849	79	21	13	15	3	1	8	5	2	2	8	4	0	0	0	0	0	0	0	0	0
NZ_LR134378.1	5p	+	54	492	855	858	426	2631	49	17	8	15	3	1	5	5	4	0	2	6	0	0	0	0	0	0	0	0	0
NZ_LR134378.1	5p	+	55	434	783	790	423	2430	61	18	14	11	1	0	7	5	3	0	3	2	0	0	0	0	0	0	0	0	0
NZ_LR134378.1	5p	+	56	381	742	724	403	2250	51	18	9	9	2	1	10	2	2	2	3	4	0	0	0	0	0	0	0	0	0
NZ_LR134378.1	5p	+	57	401	627	720	367	2115	45	18	5	8	4	0	5	1	0	3	5	3	0	0	0	0	0	0	0	0	0
NZ_LR134378.1	5p	+	58	354	593	648	387	1982	43	8	12	11	2	0	5	3	1	0	5	2	0	0	0	0	0	0	0	0	0
NZ_LR134378.1	5p	+	59	304	629	617	303	1853	43	18	10	9	2	2	4	4	2	1	7	2	0	0	0	0	0	0	0	0	0
NZ_LR134378.1	5p	+	60	334	527	562	301	1724	41	11	11	6	1	1	1	8	2	0	4	2	0	0	0	0	0	0	0	0	0
NZ_LR134378.1	5p	+	61	324	472	511	286	1593	41	6	5	7	1	1	4	2	1	2	3	1	0	0	0	0	0	0	0	0	0
NZ_LR134378.1	5p	+	62	248	478	512	249	1487	36	19	4	10	1	1	4	5	2	0	2	2	0	0	0	0	0	0	0	0	0
NZ_LR134378.1	5p	+	63	262	432	468	233	1395	38	10	6	2	1	2	3	0	2	0	4	1	0	0	0	0	0	0	0	0	0
NZ_LR134378.1	5p	+	64	248	409	435	217	1309	29	7	2	4	3	0	2	3	0	0	2	0	0	0	0	0	0	0	0	0	0
NZ_LR134378.1	5p	+	65	206	401	408	195	1210	28	4	9	7	0	0	3	2	0	0	3	3	0	0	0	0	0	0	0	0	0
NZ_LR134378.1	5p	+	66	211	335	374	200	1120	29	8	3	4	1	1	5	2	1	0	0	2	0	0	0	0	0	0	0	0	0
NZ_LR134378.1	5p	+	67	187	321	348	178	1034	22	10	6	5	1	0	4	0	0	0	1	0	0	0	0	0	0	0	0	0	0
NZ_LR134378.1	5p	+	68	190	296	324	152	962	25	2	11	5	1	0	1	3	2	1	3	2	0	0	0	0	0	0	0	0	0
NZ_LR134378.1	5p	+	69	173	262	304	140	879	16	5	1	4	0	1	2	0	1	1	1	1	0	0	0	0	0	0	0	1	0
NZ_LR134378.1	5p	+	70	144	233	291	138	806	30	2	3	3	1	1	3	2	0	0	1	4	0	0	0	0	0	0	0	0	0
NZ_LR134378.1	5p	-	1	2836	5780	4030	3207	15853	109	1248	74	86	26	24	47	27	19	11	74	53	0	0	0	0	0	0	0	0	0
NZ_LR134378.1	5p	-	2	2865	5421	4571	2995	15852	112	745	81	87	19	10	57	30	19	10	78	40	1	0	0	1	0	1	0	0	0
NZ_LR134378.1	5p	-	3	2943	5196	5207	2507	15853	122	495	86	82	15	6	61	27	13	7	61	23	0	1	2	0	0	0	0	0	0
NZ_LR134378.1	5p	-	4	3012	5311	4562	2967	15852	98	501	67	83	18	10	38	17	14	9	52	28	1	0	0	0	0	1	0	0	0
NZ_LR134378.1	5p	-	5	2780	5445	4777	2849	15851	99	436	72	82	12	6	51	36	17	7	54	30	0	1	1	1	0	1	1	0	0
NZ_LR134378.1	5p	-	6	2596	5197	5368	2691	15852	107	348	95	78	17	10	48	28	10	14	54	37	1	0	1	1	0	1	0	0	0
NZ_LR134378.1	5p	-	7	2759	5139	5081	2871	15850	95	295	86	61	14	8	42	19	11	7	58	30	1	0	0	1	0	0	2	1	0
NZ_LR134378.1	5p	-	8	2424	5592	5126	2706	15848	124	305	81	103	16	13	52	22	15	4	69	41	0	0	2	3	1	0	2	2	0
NZ_LR134378.1	5p	-	9	2620	5360	5333	2538	15851	115	265	113	80	18	11	54	23	19	11	70	31	0	0	2	1	0	1	0	1	0
NZ_LR134378.1	5p	-	10	2826	5236	5005	2784	15851	98	227	87	77	25	7	50	19	18	5	55	31	0	0	0	4	0	1	0	1	0
NZ_LR134378.1	5p	-	11	2471	5404	5228	2748	15851	96	173	101	88	19	5	56	30	13	8	42	18	0	0	1	1	0	0	1	1	0
NZ_LR134378.1	5p	-	12	2618	5302	5436	2494	15850	138	173	98	82	19	14	49	26	12	10	46	30	0	0	1	1	1	1	0	1	0
NZ_LR134378.1	5p	-	13	2719	5170	5148	2815	15852	125	161	87	77	15	5	42	23	13	5	44	21	1	1	0	0	1	0	0	0	0
NZ_LR134378.1	5p	-	14	2473	5521	5233	2625	15852	125	163	76	87	20	3	51	16	16	15	55	23	2	0	0	0	1	0	0	0	0
NZ_LR134378.1	5p	-	15	2561	5346	5466	2480	15853	158	183	100	90	18	9	47	18	10	4	45	21	0	1	0	0	0	0	0	0	0
NZ_LR134378.1	5p	-	16	2642	5207	5153	2851	15853	111	136	63	83	17	14	45	27	14	9	58	17	0	0	0	0	0	0	0	0	0
NZ_LR134378.1	5p	-	17	2407	5376	5493	2576	15852	115	142	74	89	19	5	49	14	20	15	61	24	0	1	2	2	1	0	0	0	0
NZ_LR134378.1	5p	-	18	2546	5238	5565	2503	15852	128	153	93	76	21	4	61	30	17	11	46	28	0	1	1	0	0	0	1	0	0
NZ_LR134378.1	5p	-	19	2691	5237	5138	2787	15853	129	114	74	87	16	6	37	24	27	7	47	24	0	1	1	0	0	0	0	0	0
NZ_LR134378.1	5p	-	20	2478	5352	5375	2644	15849	134	126	95	101	17	10	40	25	16	7	55	16	1	0	0	0	0	0	1	3	0
NZ_LR134378.1	5p	-	21	2578	5291	5517	2464	15850	150	108	94	99	19	9	68	30	20	6	60	22	0	0	1	3	1	0	0	2	0
NZ_LR134378.1	5p	-	22	2805	5111	5181	2755	15852	115	115	96	59	16	9	44	28	15	8	40	26	1	0	2	0	1	0	0	0	0
NZ_LR134378.1	5p	-	23	2479	5354	5447	2569	15849	145	130	75	90	17	12	51	17	17	5	46	33	0	2	0	2	1	0	0	3	0
NZ_LR134378.1	5p	-	24	2532	5322	5528	2466	15848	170	136	107	85	14	9	64	25	16	3	40	37	0	0	0	2	1	1	1	2	0
NZ_LR134378.1	5p	-	25	2885	5155	5017	2796	15853	141	106	86	67	12	9	44	32	12	3	41	14	0	0	0	0	0	0	0	0	0
NZ_LR134378.1	5p	-	26	2504	5341	5330	2675	15850	195	133	96	63	20	10	48	35	16	7	50	20	1	0	0	0	1	0	0	2	0
NZ_LR134378.1	5p	-	27	2694	5152	5429	2576	15851	227	121	83	92	18	10	57	20	12	13	59	17	0	0	1	0	0	0	1	1	0
NZ_LR134378.1	5p	-	28	2828	5096	5102	2822	15848	207	123	74	63	13	10	56	15	5	8	46	26	0	0	0	0	2	0	1	2	0
NZ_LR134378.1	5p	-	29	2589	5170	5406	2683	15848	300	125	86	97	15	6	40	32	15	11	51	34	0	0	1	0	1	1	2	1	0
NZ_LR134378.1	5p	-	30	2726	5021	5574	2528	15849	388	118	83	76	14	10	50	29	16	11	47	42	0	0	0	0	0	0	3	1	0
NZ_LR134378.1	5p	-	31	2832	4657	4766	2702	14957	276	112	70	69	8	3	42	21	18	8	39	12	1	0	0	1	0	0	0	2	0
NZ_LR134378.1	5p	-	32	2429	4550	4677	2417	14073	285	100	75	75	17	9	46	29	16	10	61	20	0	0	3	0	0	1	0	1	0
NZ_LR134378.1	5p	-	33	2236	4223	4539	2176	13174	323	96	86	55	13	11	53	26	12	13	33	20	0	0	0	1	0	0	2	1	0
NZ_LR134378.1	5p	-	34	2244	3818	4057	2210	12329	266	77	46	64	13	9	46	23	6	5	28	18	0	0	0	0	0	1	0	0	0
NZ_LR134378.1	5p	-	35	1949	3694	3822	1984	11449	262	82	62	75	10	6	34	28	8	5	36	17	0	1	0	0	0	0	0	0	0
NZ_LR134378.1	5p	-	36	1844	3384	3703	1767	10698	292	78	71	54	14	9	34	20	14	9	27	19	0	0	0	0	0	0	1	1	0
NZ_LR134378.1	5p	-	37	1886	3077	3212	1809	9984	236	65	56	44	5	3	26	16	15	8	18	14	0	0	0	0	1	0	1	0	0
NZ_LR134378.1	5p	-	38	1550	2957	3185	1611	9303	235	67	51	51	5	8	30	20	8	7	34	15	2	1	0	0	0	0	1	0	0
NZ_LR134378.1	5p	-	39	1583	2709	2978	1434	8704	206	52	53	49	6	6	24	20	7	6	21	15	0	1	0	1	0	0	0	0	0
NZ_LR134378.1	5p	-	40	1504	2483	2669	1481	8137	192	33	42	35	6	5	26	13	10	2	17	13	0	1	0	2	0	0	0	0	0
NZ_LR134378.1	5p	-	41	1319	2437	2527	1289	7572	209	61	44	49	6	9	25	18	4	5	19	9	0	0	0	0	0	0	0	0	0
NZ_LR134378.1	5p	-	42	1256	2273	2398	1177	7104	195	64	50	38	6	6	22	11	9	3	18	7	0	0	0	0	0	0	0	1	0
NZ_LR134378.1	5p	-	43	1153	2008	2153	1207	6521	197	43	20	26	4	2	20	10	2	3	17	11	0	0	0	0	0	0	0	0	0
NZ_LR134378.1	5p	-	44	1028	1823	2073	1066	5990	178	29	23	43	7	3	18	22	9	1	11	14	0	0	0	0	0	0	1	1	0
NZ_LR134378.1	5p	-	45	938	1729	1900	897	5464	175	43	38	24	3	1	14	9	6	2	13	7	0	0	0	0	0	0	1	0	0
NZ_LR134378.1	5p	-	46	965	1494	1608	945	5012	123	30	9	20	2	3	13	9	7	1	8	6	1	0	0	0	0	1	0	1	0
NZ_LR134378.1	5p	-	47	816	1429	1587	790	4622	123	25	15	30	3	4	17	16	6	5	11	8	0	0	0	0	1	0	0	1	0
NZ_LR134378.1	5p	-	48	782	1301	1464	704	4251	116	33	27	27	2	4	17	7	5	1	10	6	0	0	0	0	1	1	1	0	0
NZ_LR134378.1	5p	-	49	704	1258	1235	704	3901	100	28	12	20	3	1	14	6	4	4	11	7	1	0	0	0	0	1	0	0	0
NZ_LR134378.1	5p	-	50	651	1180	1133	632	3596	88	23	19	9	2	0	10	10	0	4	10	6	0	0	0	0	0	0	0	0	0
NZ_LR134378.1	5p	-	51	588	1055	1124	536	3303	96	18	17	17	5	2	6	6	1	3	12	5	0	0	0	0	0	0	0	0	0
NZ_LR134378.1	5p	-	52	585	917	980	540	3022	69	21	12	14	6	5	11	9	6	2	7	1	0	0	0	0	0	0	0	0	0
NZ_LR134378.1	5p	-	53	499	891	933	479	2802	56	26	10	14	1	1	7	1	0	1	5	5	0	0	0	0	0	0	0	0	0
NZ_LR134378.1	5p	-	54	466	788	898	436	2588	74	14	13	6	5	1	7	5	1	1	7	5	0	0	0	0	0	0	0	0	0
NZ_LR134378.1	5p	-	55	487	688	768	440	2383	80	17	9	7	1	3	6	2	1	1	2	4	0	0	0	0	0	0	0	1	0
NZ_LR134378.1	5p	-	56	397	692	722	386	2197	58	15	13	7	4	1	5	2	4	2	8	4	0	0	0	1	0	0	0	0	0
NZ_LR134378.1	5p	-	57	357	663	692	323	2035	66	17	13	7	1	0	6	4	1	1	9	5	0	0	1	0	0	0	0	0	0
NZ_LR134378.1	5p	-	58	332	608	590	364	1894	26	15	8	6	1	1	5	5	0	0	5	2	0	0	0	0	0	0	0	1	0
NZ_LR134378.1	5p	-	59	299	561	586	304	1750	32	10	12	8	2	0	1	5	1	0	5	4	0	0	0	0	0	0	0	0	0
NZ_LR134378.1	5p	-	60	287	541	533	255	1616	35	12	4	5	2	2	5	2	0	3	4	3	0	0	0	0	0	0	0	0	0
NZ_LR134378.1	5p	-	61	296	444	489	282	1511	37	7	7	5	1	1	2	0	1	0	5	0	0	0	0	0	0	0	0	0	0
NZ_LR134378.1	5p	-	62	249	496	432	246	1423	41	9	7	3	0	1	5	0	1	3	0	0	0	0	0	0	0	0	0	0	0
NZ_LR134378.1	5p	-	63	224	412	467	224	1327	37	4	8	7	0	0	6	1	0	0	6	4	0	0	0	0	0	0	0	0	0
NZ_LR134378.1	5p	-	64	253	372	413	221	1259	33	6	5	8	0	1	0	2	1	3	2	3	0	0	0	0	0	0	0	0	0
NZ_LR134378.1	5p	-	65	215	336	402	210	1163	36	6	3	8	0	1	4	4	1	0	2	1	0	0	0	0	0	0	0	0	0
NZ_LR134378.1	5p	-	66	194	342	372	180	1088	26	9	5	5	0	1	2	3	1	1	2	4	0	0	0	0	0	0	0	0	0
NZ_LR134378.1	5p	-	67	186	306	330	182	1004	19	6	10	7	2	1	0	1	1	0	3	1	0	0	0	0	0	0	0	0	0
NZ_LR134378.1	5p	-	68	159	318	313	146	936	25	8	2	4	0	0	3	4	0	1	1	1	0	0	0	0	0	0	0	0	0
NZ_LR134378.1	5p	-	69	145	285	286	133	849	30	7	3	3	0	0	2	2	1	0	2	0	0	0	0	0	0	0	0	0	0
NZ_LR134378.1	5p	-	70	167	248	247	138	800	20	8	5	0	0	0	1	2	1	1	1	3	0	0	0	0	0	0	0	0	0
