# table produced by mapDamage version 2.2.3
# using mapped file /mnt/archgen/microbiome_calculus/library_ds_vs_ss/04-analysis/normalize_kraken/mapping/flexilinea_sp001717545/mapDamage2_dsLibs/input/FUM003.A0101.SG1.1_5M.mapped_f_sp001717545_q25l30_rmdup.bam and /mnt/archgen/microbiome_calculus/library_ds_vs_ss/04-analysis/normalize_kraken/mapping/flexilinea_sp001717545/input/GCA_001717545.1_ASM171754v1_genomic.fna as reference file
# Chr: reference from sam/bam header, End: from which termini of DNA sequences, Std: strand of reads
Chr	End	Std	Pos	A	C	G	T	Total	G>A	C>T	A>G	T>C	A>C	A>T	C>G	C>A	T>G	T>A	G>C	G>T	A>-	T>-	C>-	G>-	->A	->T	->C	->G	S
CP017039.1	3p	+	1	189	116	151	107	563	34	4	4	2	2	0	2	0	1	3	1	0	0	0	0	0	0	0	0	0	0
CP017039.1	3p	+	2	135	132	164	132	563	30	3	3	3	0	0	2	1	0	1	3	4	0	0	0	0	0	0	0	0	0
CP017039.1	3p	+	3	127	153	147	136	563	15	6	0	4	2	0	4	1	0	0	2	0	0	0	0	0	0	0	0	0	0
CP017039.1	3p	+	4	144	149	149	121	563	10	3	6	4	1	1	3	3	2	2	2	1	0	0	0	0	0	0	0	0	0
CP017039.1	3p	+	5	131	154	172	106	563	16	2	1	2	1	1	1	1	1	1	0	5	0	0	0	0	0	0	0	0	0
CP017039.1	3p	+	6	125	157	157	123	562	13	2	1	4	0	1	0	0	1	0	0	1	0	0	0	0	0	1	0	0	0
CP017039.1	3p	+	7	133	153	155	122	563	10	4	1	1	1	0	3	1	1	2	5	0	0	0	0	0	0	0	0	0	0
CP017039.1	3p	+	8	127	148	177	111	563	14	3	4	1	1	1	4	1	1	1	1	1	0	0	0	0	0	0	0	0	0
CP017039.1	3p	+	9	109	166	165	123	563	9	2	2	1	1	0	1	2	1	1	4	0	0	0	0	0	0	0	0	0	0
CP017039.1	3p	+	10	125	160	160	118	563	7	6	3	1	0	0	0	2	1	1	1	1	0	1	0	0	0	0	0	0	0
CP017039.1	3p	+	11	131	158	149	125	563	12	4	5	1	2	0	2	3	0	0	1	0	0	0	0	0	0	0	0	0	0
CP017039.1	3p	+	12	110	182	158	113	563	5	2	5	0	1	0	2	3	2	2	1	0	0	0	0	0	0	0	0	0	0
CP017039.1	3p	+	13	123	153	166	121	563	5	2	3	2	0	0	0	2	0	2	3	4	0	0	0	0	0	0	0	0	0
CP017039.1	3p	+	14	120	154	179	110	563	10	3	4	4	0	1	1	0	0	1	2	3	0	0	0	1	0	0	0	0	0
CP017039.1	3p	+	15	106	167	167	123	563	4	5	4	5	1	0	0	1	1	0	2	3	0	1	0	0	0	0	0	0	0
CP017039.1	3p	+	16	132	162	154	115	563	3	1	2	2	0	1	2	0	1	2	1	2	0	0	0	0	0	0	0	0	0
CP017039.1	3p	+	17	118	185	166	94	563	6	10	3	0	2	0	3	2	0	0	1	2	0	0	0	0	0	0	0	0	0
CP017039.1	3p	+	18	114	173	157	118	562	4	1	4	4	0	0	0	1	0	1	2	2	0	0	0	0	1	0	0	0	0
CP017039.1	3p	+	19	131	138	176	117	562	6	5	3	5	1	1	1	1	1	0	1	0	0	0	0	0	0	0	0	1	0
CP017039.1	3p	+	20	106	177	166	114	563	1	3	2	5	2	2	3	1	1	1	4	1	0	0	0	0	0	0	0	0	0
CP017039.1	3p	+	21	106	176	158	123	563	4	2	6	4	2	0	3	1	1	1	0	1	0	0	0	0	0	0	0	0	0
CP017039.1	3p	+	22	127	146	150	140	563	5	2	3	1	1	0	1	1	1	0	2	1	0	0	0	0	0	0	0	0	0
CP017039.1	3p	+	23	122	157	172	112	563	10	7	2	1	1	0	1	0	1	2	0	4	0	0	0	0	0	0	0	0	0
CP017039.1	3p	+	24	115	158	169	121	563	6	6	5	7	1	2	1	1	2	1	1	1	0	0	0	0	0	0	0	0	0
CP017039.1	3p	+	25	127	166	157	113	563	3	4	1	3	2	0	1	3	3	1	1	1	0	0	0	0	0	0	0	0	0
CP017039.1	3p	+	26	113	181	144	124	562	4	6	2	2	3	0	2	1	1	0	0	0	0	0	0	0	0	0	0	1	0
CP017039.1	3p	+	27	116	162	138	147	563	7	4	5	5	0	0	3	1	0	1	0	1	0	0	0	0	0	0	0	0	0
CP017039.1	3p	+	28	137	144	141	141	563	4	5	0	3	1	0	3	0	0	0	4	1	0	0	0	0	0	0	0	0	0
CP017039.1	3p	+	29	125	155	161	122	563	6	6	1	3	1	0	0	2	2	2	1	1	0	0	0	0	0	0	0	0	0
CP017039.1	3p	+	30	113	186	139	125	563	4	10	3	4	0	1	3	0	0	0	1	2	0	0	0	0	0	0	0	0	0
CP017039.1	3p	+	31	93	151	148	131	523	3	12	2	4	1	2	1	3	1	0	3	2	0	0	0	0	0	0	1	0	0
CP017039.1	3p	+	32	105	142	130	104	481	6	9	3	2	0	0	1	1	1	1	0	1	0	0	0	0	0	0	0	0	0
CP017039.1	3p	+	33	78	144	113	108	443	1	12	1	3	0	0	0	0	1	1	2	0	0	0	0	0	0	0	0	0	0
CP017039.1	3p	+	34	109	120	104	81	414	2	7	1	3	2	0	1	0	1	0	1	0	0	0	0	0	0	0	0	0	0
CP017039.1	3p	+	35	76	113	114	86	389	4	9	1	1	0	0	0	1	0	1	1	1	0	0	0	0	0	0	0	0	0
CP017039.1	3p	+	36	77	107	87	90	361	3	6	1	1	1	1	0	0	1	0	0	0	0	0	0	0	0	0	0	0	0
CP017039.1	3p	+	37	90	79	106	63	338	4	3	1	1	1	0	2	2	0	0	0	0	0	0	0	0	0	0	0	0	0
CP017039.1	3p	+	38	75	94	93	60	322	1	5	1	1	1	0	1	0	0	0	3	2	0	0	0	0	0	0	0	0	0
CP017039.1	3p	+	39	50	110	74	72	306	0	6	0	2	0	1	1	0	1	0	1	0	0	0	0	0	0	0	0	0	0
CP017039.1	3p	+	40	65	68	79	71	283	2	2	1	1	0	0	0	1	0	2	1	0	0	0	0	0	0	0	0	0	0
CP017039.1	3p	+	41	63	62	89	52	266	3	2	3	3	1	0	0	1	0	1	1	0	0	0	0	0	0	0	0	0	0
CP017039.1	3p	+	42	54	72	68	53	247	1	5	1	1	1	1	0	0	0	0	0	1	0	0	0	0	0	0	0	0	0
CP017039.1	3p	+	43	61	70	46	52	229	0	1	3	0	0	0	0	0	0	0	1	0	0	0	0	0	0	0	0	0	0
CP017039.1	3p	+	44	45	59	63	44	211	1	3	2	1	0	0	0	0	1	0	1	2	0	0	0	0	0	0	0	0	0
CP017039.1	3p	+	45	34	64	54	43	195	0	3	1	1	1	0	0	1	0	0	1	0	0	0	0	0	0	0	0	0	0
CP017039.1	3p	+	46	42	48	53	34	177	2	3	1	4	0	0	1	0	0	0	0	1	0	0	0	0	0	0	0	0	0
CP017039.1	3p	+	47	34	42	50	41	167	1	2	0	3	0	0	0	0	0	0	1	0	0	0	0	0	0	0	0	0	0
CP017039.1	3p	+	48	28	55	36	32	151	0	1	0	0	1	0	0	0	0	0	0	0	0	0	0	0	0	0	0	0	0
CP017039.1	3p	+	49	36	33	29	42	140	1	3	0	3	0	0	0	0	0	0	1	0	0	0	0	0	0	0	0	0	0
CP017039.1	3p	+	50	26	28	40	33	127	0	1	1	1	1	0	0	0	0	0	0	0	0	0	0	0	0	0	0	0	0
CP017039.1	3p	+	51	21	37	33	30	121	1	4	0	1	0	0	0	0	0	0	0	0	0	0	0	0	0	0	0	0	0
CP017039.1	3p	+	52	26	34	31	16	107	0	3	1	0	0	0	0	0	0	0	0	0	0	0	0	0	0	0	0	0	0
CP017039.1	3p	+	53	26	35	25	17	103	1	3	1	0	0	0	1	0	0	0	0	0	0	0	0	0	0	0	0	0	0
CP017039.1	3p	+	54	22	32	21	22	97	0	2	0	1	0	1	0	0	1	0	0	0	0	0	0	0	0	0	0	0	0
CP017039.1	3p	+	55	30	25	17	20	92	0	0	1	0	0	0	0	0	0	0	0	0	0	0	0	0	0	0	0	0	0
CP017039.1	3p	+	56	17	21	30	21	89	1	2	1	0	0	0	1	0	0	0	0	1	0	0	0	0	0	0	0	0	0
CP017039.1	3p	+	57	17	27	16	23	83	1	3	0	2	0	0	0	0	0	0	0	0	0	0	0	0	0	0	0	0	0
CP017039.1	3p	+	58	16	23	14	25	78	0	0	1	0	0	0	0	0	0	0	0	0	0	0	0	0	0	0	0	0	0
CP017039.1	3p	+	59	13	23	21	17	74	0	1	0	0	0	0	0	0	0	0	0	1	0	0	0	0	0	0	0	0	0
CP017039.1	3p	+	60	15	21	14	23	73	1	0	0	0	0	0	0	0	0	1	0	0	0	0	0	0	0	0	0	0	0
CP017039.1	3p	+	61	10	21	21	20	72	0	0	0	0	0	0	0	0	0	0	0	0	0	0	0	0	0	0	0	0	0
CP017039.1	3p	+	62	13	28	14	15	70	0	0	0	0	0	0	0	0	0	0	0	0	0	0	0	0	0	0	0	0	0
CP017039.1	3p	+	63	15	19	18	15	67	0	2	0	0	0	0	0	1	0	0	0	0	0	0	0	0	0	0	0	0	0
CP017039.1	3p	+	64	18	15	13	21	67	0	1	1	0	0	0	0	0	0	0	0	0	0	0	0	0	0	0	0	0	0
CP017039.1	3p	+	65	10	19	19	12	60	1	3	0	0	0	0	0	0	0	0	1	0	0	0	0	0	0	0	0	0	0
CP017039.1	3p	+	66	14	12	14	17	57	0	0	0	0	0	0	0	0	0	0	0	1	0	0	0	0	0	0	0	0	0
CP017039.1	3p	+	67	17	12	12	7	48	0	3	0	1	0	0	0	0	0	0	0	0	0	0	0	0	0	0	0	0	0
CP017039.1	3p	+	68	9	17	9	10	45	0	2	0	0	0	0	0	0	0	0	0	0	0	0	0	0	0	0	0	0	0
CP017039.1	3p	+	69	9	12	14	8	43	0	2	0	0	0	0	0	0	0	0	0	0	0	0	0	0	0	0	0	0	0
CP017039.1	3p	+	70	8	7	15	9	39	0	0	1	0	0	0	0	0	0	1	0	0	0	0	0	0	0	0	0	0	0
CP017039.1	3p	-	1	194	116	176	127	613	50	2	2	2	3	1	1	2	3	1	2	2	0	0	0	0	0	0	0	0	0
CP017039.1	3p	-	2	177	147	164	125	613	32	4	5	5	1	0	2	2	1	0	2	3	0	0	0	0	0	0	0	0	0
CP017039.1	3p	-	3	150	174	158	131	613	14	7	7	1	0	0	3	1	1	0	0	3	0	0	0	0	0	0	0	0	0
CP017039.1	3p	-	4	148	148	177	139	612	20	5	1	1	0	1	0	1	0	0	1	0	0	0	0	0	1	0	0	0	0
CP017039.1	3p	-	5	126	161	171	155	613	16	6	5	6	0	0	2	1	1	1	5	1	0	0	0	0	0	0	0	0	0
CP017039.1	3p	-	6	135	148	176	154	613	10	3	2	6	1	0	4	2	1	0	1	0	0	0	0	0	0	0	0	0	0
CP017039.1	3p	-	7	134	176	170	133	613	11	2	3	1	1	0	3	2	1	0	1	0	0	0	0	0	0	0	0	0	0
CP017039.1	3p	-	8	125	159	196	132	612	7	3	5	0	0	1	2	2	1	1	0	1	0	0	0	0	0	0	1	0	0
CP017039.1	3p	-	9	131	193	164	125	613	2	1	5	4	1	0	4	2	0	1	0	3	0	0	0	0	0	0	0	0	0
CP017039.1	3p	-	10	139	166	181	127	613	7	2	3	4	0	0	0	2	1	0	2	1	0	0	0	0	0	0	0	0	0
CP017039.1	3p	-	11	142	156	187	128	613	5	3	4	4	2	0	2	1	0	1	4	1	0	0	0	0	0	0	0	0	0
CP017039.1	3p	-	12	139	174	161	139	613	0	4	3	4	2	1	1	0	3	0	3	2	0	0	0	0	0	0	0	0	0
CP017039.1	3p	-	13	137	193	158	125	613	7	5	7	2	1	0	0	1	1	0	1	0	1	0	0	0	0	0	0	0	0
CP017039.1	3p	-	14	125	162	195	131	613	7	7	5	4	1	0	1	5	0	1	2	3	0	0	0	0	0	0	0	0	0
CP017039.1	3p	-	15	118	196	170	129	613	8	7	5	3	1	1	2	5	0	1	3	3	0	0	0	0	0	0	0	0	0
CP017039.1	3p	-	16	143	157	185	128	613	3	3	5	1	0	0	0	2	0	2	2	2	0	0	0	0	0	0	0	0	0
CP017039.1	3p	-	17	125	182	185	121	613	6	2	4	6	2	1	2	1	0	1	4	2	0	0	0	0	0	0	0	0	0
CP017039.1	3p	-	18	122	190	172	129	613	9	7	5	3	0	0	3	0	0	2	2	1	0	0	0	0	0	0	0	0	0
CP017039.1	3p	-	19	135	166	190	122	613	2	4	5	1	1	0	0	3	0	0	1	2	0	0	0	0	0	0	0	0	0
CP017039.1	3p	-	20	119	164	211	119	613	12	4	3	3	1	1	4	1	0	0	2	2	0	0	0	0	0	0	0	0	0
CP017039.1	3p	-	21	108	193	185	127	613	3	7	3	7	2	0	6	1	1	0	2	2	0	0	0	0	0	0	0	0	0
CP017039.1	3p	-	22	117	178	180	138	613	4	6	2	3	1	0	0	1	2	1	0	1	0	0	0	1	0	0	0	0	0
CP017039.1	3p	-	23	128	164	206	115	613	4	6	3	7	1	0	0	2	0	0	2	1	0	0	0	0	0	0	0	0	0
CP017039.1	3p	-	24	108	208	158	139	613	9	12	1	3	1	1	5	1	0	1	2	1	0	0	0	0	0	0	0	0	0
CP017039.1	3p	-	25	151	149	173	140	613	8	4	1	1	0	1	2	2	0	0	2	4	0	0	0	0	0	0	0	0	0
CP017039.1	3p	-	26	142	185	164	122	613	4	14	3	6	0	0	4	2	1	0	1	1	0	0	0	0	0	0	0	0	0
CP017039.1	3p	-	27	128	175	179	131	613	6	8	2	4	3	2	3	0	0	0	6	1	0	0	0	0	0	0	0	0	0
CP017039.1	3p	-	28	147	163	162	141	613	4	5	3	3	0	1	1	0	1	0	1	0	0	0	0	0	0	0	0	0	0
CP017039.1	3p	-	29	134	159	186	134	613	7	12	1	1	0	0	1	1	1	0	0	1	0	0	0	0	0	0	0	0	0
CP017039.1	3p	-	30	119	165	163	166	613	6	10	2	5	0	0	1	1	0	0	2	2	0	0	0	0	0	0	0	0	0
CP017039.1	3p	-	31	133	157	147	133	570	3	11	3	3	0	0	0	2	0	0	1	1	0	0	0	0	0	0	0	0	0
CP017039.1	3p	-	32	118	145	147	114	524	4	13	2	1	2	3	2	5	0	0	2	1	0	0	0	0	0	0	0	0	0
CP017039.1	3p	-	33	110	138	120	119	487	4	9	3	3	2	1	3	5	0	0	2	2	0	0	0	0	0	0	0	0	0
CP017039.1	3p	-	34	94	115	126	112	447	2	8	1	1	0	1	0	0	0	0	0	0	0	0	0	0	0	1	0	0	0
CP017039.1	3p	-	35	94	124	118	73	409	3	7	4	3	0	0	0	0	0	0	0	0	0	0	0	0	0	0	0	0	0
CP017039.1	3p	-	36	85	108	111	76	380	2	10	3	3	1	0	2	0	0	0	1	0	0	0	0	0	0	0	0	0	0
CP017039.1	3p	-	37	95	83	79	97	354	2	3	2	5	0	1	1	0	1	1	0	1	0	0	0	0	0	0	0	0	0
CP017039.1	3p	-	38	70	102	91	63	326	5	9	2	2	1	0	1	0	0	0	0	0	0	0	0	0	0	0	0	0	0
CP017039.1	3p	-	39	58	89	89	65	301	3	6	0	1	1	0	0	0	1	0	2	0	0	0	0	0	0	0	0	0	0
CP017039.1	3p	-	40	65	68	78	70	281	0	5	0	1	0	0	1	1	1	1	1	0	0	0	0	0	0	0	0	0	0
CP017039.1	3p	-	41	55	85	68	51	259	3	5	0	0	2	0	0	0	1	0	2	1	0	0	0	0	0	0	0	0	0
CP017039.1	3p	-	42	44	70	78	52	244	4	5	0	0	0	0	0	1	0	0	0	0	0	0	0	0	0	0	0	0	0
CP017039.1	3p	-	43	50	51	65	63	229	0	2	0	0	0	1	1	0	0	0	1	1	0	0	0	0	0	0	0	0	0
CP017039.1	3p	-	44	51	68	58	37	214	1	6	2	0	0	0	1	0	0	0	1	2	0	0	0	0	0	0	0	0	0
CP017039.1	3p	-	45	44	44	67	45	200	1	3	2	1	0	0	2	0	0	0	1	2	0	0	0	0	0	0	0	0	0
CP017039.1	3p	-	46	41	44	58	39	182	3	3	0	0	1	0	0	1	0	0	0	0	0	0	0	0	0	0	0	0	0
CP017039.1	3p	-	47	34	48	48	39	169	2	6	1	0	0	0	0	0	0	0	0	0	0	0	0	0	0	0	0	0	0
CP017039.1	3p	-	48	39	39	50	25	153	1	3	0	0	0	0	0	0	0	0	1	0	0	0	0	0	0	0	0	0	0
CP017039.1	3p	-	49	26	46	37	37	146	0	4	0	0	0	0	0	0	0	0	1	0	0	0	0	0	0	0	0	0	0
CP017039.1	3p	-	50	31	47	34	24	136	0	1	0	0	0	0	0	0	0	0	0	0	0	0	0	0	0	0	0	0	0
CP017039.1	3p	-	51	22	38	38	31	129	0	4	0	1	0	0	0	0	0	0	0	0	0	0	0	0	0	0	0	0	0
CP017039.1	3p	-	52	29	35	30	28	122	0	3	0	0	0	0	0	1	0	0	0	2	0	0	0	0	0	0	0	0	0
CP017039.1	3p	-	53	22	22	44	23	111	0	1	1	0	0	0	0	0	0	0	0	0	0	0	0	0	0	0	0	0	0
CP017039.1	3p	-	54	31	37	22	18	108	0	2	0	0	0	0	0	0	0	0	0	0	0	0	0	0	0	0	0	0	0
CP017039.1	3p	-	55	27	27	26	22	102	0	1	0	0	0	1	0	0	0	0	0	0	0	0	0	0	0	0	0	0	0
CP017039.1	3p	-	56	24	24	28	20	96	0	4	1	0	0	0	0	0	0	0	0	0	0	0	0	0	0	0	0	0	0
CP017039.1	3p	-	57	10	27	30	24	91	1	3	1	0	0	0	0	0	0	0	0	0	0	0	0	0	0	0	0	0	0
CP017039.1	3p	-	58	21	30	22	14	87	0	7	0	0	0	0	0	0	0	0	0	0	0	0	0	0	0	0	0	0	0
CP017039.1	3p	-	59	19	23	24	12	78	0	2	0	1	0	0	0	0	0	0	0	0	0	0	0	0	0	0	0	0	0
CP017039.1	3p	-	60	14	19	17	18	68	2	0	0	1	0	0	0	0	0	0	0	0	0	0	0	0	0	0	0	0	0
CP017039.1	3p	-	61	10	26	17	11	64	1	4	0	0	0	0	0	0	0	0	0	0	0	0	0	0	0	0	0	0	0
CP017039.1	3p	-	62	20	17	17	7	61	0	1	0	0	0	0	0	0	0	0	0	0	0	0	0	0	0	0	0	0	0
CP017039.1	3p	-	63	9	15	18	14	56	0	2	0	1	0	0	0	0	0	0	0	0	0	0	0	0	0	0	0	0	0
CP017039.1	3p	-	64	11	14	10	16	51	0	0	0	0	0	0	0	1	0	0	0	0	0	0	0	0	0	0	0	0	0
CP017039.1	3p	-	65	12	20	14	4	50	1	0	0	0	0	0	0	0	0	0	0	0	0	0	0	0	0	0	0	0	0
CP017039.1	3p	-	66	5	14	17	12	48	0	1	0	0	0	0	0	0	0	0	0	0	0	0	0	0	0	0	0	0	0
CP017039.1	3p	-	67	9	17	13	8	47	0	0	0	0	0	1	0	0	0	0	0	0	0	0	0	0	0	0	0	0	0
CP017039.1	3p	-	68	5	15	14	10	44	0	0	0	0	0	0	0	0	0	0	0	0	0	0	0	0	0	0	0	0	0
CP017039.1	3p	-	69	6	17	9	9	41	1	2	0	0	0	0	0	0	0	0	0	0	0	0	0	0	0	0	0	0	0
CP017039.1	3p	-	70	10	10	10	8	38	0	0	0	1	0	0	0	0	0	0	0	0	0	0	0	0	0	0	0	0	0
CP017039.1	5p	+	1	116	165	98	184	563	2	43	2	4	0	2	3	0	1	1	2	4	0	0	0	0	0	0	0	0	0
CP017039.1	5p	+	2	131	154	148	130	563	5	16	3	1	3	0	1	2	0	0	1	3	0	0	0	0	0	0	0	0	0
CP017039.1	5p	+	3	131	153	147	132	563	1	7	2	8	0	0	2	0	2	2	4	2	0	0	0	0	0	0	0	0	0
CP017039.1	5p	+	4	125	167	138	133	563	4	12	3	3	0	0	2	0	0	0	4	1	0	0	0	0	0	0	0	0	0
CP017039.1	5p	+	5	114	163	161	123	561	5	16	1	3	4	1	2	0	0	1	3	1	0	0	0	0	0	0	1	1	0
CP017039.1	5p	+	6	134	160	155	114	563	3	4	2	2	1	2	1	1	1	0	2	1	0	0	0	0	0	0	0	0	0
CP017039.1	5p	+	7	131	156	143	133	563	2	4	4	6	2	1	0	0	3	1	2	2	0	0	0	0	0	0	0	0	0
CP017039.1	5p	+	8	104	170	164	125	563	8	6	2	7	1	0	3	2	0	1	0	1	0	0	0	0	0	0	0	0	0
CP017039.1	5p	+	9	112	172	150	129	563	5	7	0	2	0	0	0	1	2	2	0	1	0	0	0	0	0	0	0	0	0
CP017039.1	5p	+	10	109	173	155	126	563	0	5	2	3	2	0	2	0	0	0	3	1	0	0	0	0	0	0	0	0	0
CP017039.1	5p	+	11	110	171	163	119	563	3	4	3	3	0	2	4	0	0	0	0	1	0	0	0	0	0	0	0	0	0
CP017039.1	5p	+	12	114	165	166	118	563	5	2	4	5	1	0	1	1	1	0	2	1	0	0	0	0	0	0	0	0	0
CP017039.1	5p	+	13	130	133	147	152	562	1	1	3	3	0	0	0	1	0	1	1	0	0	0	0	0	0	0	0	1	0
CP017039.1	5p	+	14	114	183	147	118	562	2	7	4	1	3	0	2	1	1	1	4	2	0	0	0	0	1	0	0	0	0
CP017039.1	5p	+	15	129	162	159	113	563	7	6	3	0	1	0	1	0	1	0	3	0	0	0	0	0	0	0	0	0	0
CP017039.1	5p	+	16	119	170	154	120	563	2	5	0	3	1	1	1	3	0	1	1	2	0	0	0	0	0	0	0	0	0
CP017039.1	5p	+	17	104	160	184	115	563	5	7	3	5	0	0	4	1	0	1	1	1	0	0	0	0	0	0	0	0	0
CP017039.1	5p	+	18	137	149	170	107	563	3	5	4	2	2	1	1	1	1	0	0	3	0	0	0	1	0	0	0	0	0
CP017039.1	5p	+	19	131	168	150	114	563	5	5	3	4	2	0	1	2	0	2	0	3	0	0	0	0	0	0	0	0	0
CP017039.1	5p	+	20	120	161	157	125	563	7	3	3	4	0	0	1	3	0	2	0	1	0	0	0	0	0	0	0	0	0
CP017039.1	5p	+	21	125	165	168	105	563	3	1	7	0	2	0	0	1	1	1	3	1	0	0	0	0	0	0	0	0	0
CP017039.1	5p	+	22	132	176	161	94	563	9	3	7	4	1	2	2	2	0	0	1	2	0	0	0	0	0	0	0	0	0
CP017039.1	5p	+	23	105	162	167	129	563	4	6	3	2	1	0	4	1	2	0	1	0	0	0	0	0	0	0	0	0	0
CP017039.1	5p	+	24	121	165	166	111	563	10	6	4	4	1	0	0	1	3	1	2	1	0	0	0	0	0	0	0	0	0
CP017039.1	5p	+	25	121	160	150	131	562	5	6	3	2	0	0	1	2	1	2	1	0	0	0	0	0	0	1	0	0	0
CP017039.1	5p	+	26	112	178	148	125	563	5	8	3	0	1	0	1	3	1	2	1	1	0	1	0	0	0	0	0	0	0
CP017039.1	5p	+	27	121	146	170	126	563	3	2	9	4	0	0	2	2	3	1	1	3	0	0	0	0	0	0	0	0	0
CP017039.1	5p	+	28	132	172	142	117	563	7	2	3	1	1	0	2	2	1	0	1	0	0	0	0	0	0	0	0	0	0
CP017039.1	5p	+	29	118	160	164	121	563	8	4	3	5	1	1	6	0	1	2	3	2	0	0	0	0	0	0	0	0	0
CP017039.1	5p	+	30	127	162	161	113	563	10	4	1	3	3	0	2	1	0	0	2	1	0	0	0	0	0	0	0	0	0
CP017039.1	5p	+	31	115	128	151	130	524	9	3	0	4	0	0	0	0	2	2	3	3	0	1	0	0	0	0	0	0	0
CP017039.1	5p	+	32	107	155	134	85	481	12	4	5	0	0	0	4	1	0	1	0	1	0	0	0	0	0	0	0	0	0
CP017039.1	5p	+	33	115	112	131	85	443	7	4	2	2	1	1	2	2	1	0	0	0	0	0	0	0	0	0	0	0	0
CP017039.1	5p	+	34	105	101	110	98	414	15	2	3	2	1	0	1	0	1	0	0	1	0	0	0	0	0	0	0	0	0
CP017039.1	5p	+	35	76	111	119	83	389	15	2	2	1	1	0	2	2	0	0	1	0	0	0	0	0	0	0	0	0	0
CP017039.1	5p	+	36	87	98	101	75	361	9	3	2	2	0	1	0	0	0	1	3	3	0	0	0	0	0	0	0	0	0
CP017039.1	5p	+	37	65	89	97	87	338	4	3	0	1	0	1	0	0	0	3	2	0	0	0	0	0	0	0	0	0	0
CP017039.1	5p	+	38	54	102	99	67	322	8	3	0	2	1	0	0	0	0	0	0	2	0	0	0	0	0	0	0	0	0
CP017039.1	5p	+	39	70	89	90	57	306	2	2	0	2	0	1	0	0	1	0	0	0	0	0	0	0	0	0	0	0	0
CP017039.1	5p	+	40	62	78	72	71	283	3	3	0	0	1	0	0	1	0	1	0	0	0	0	0	0	0	0	0	0	0
CP017039.1	5p	+	41	48	80	80	58	266	4	4	3	1	1	0	0	1	0	0	2	1	0	0	0	0	0	0	0	0	0
CP017039.1	5p	+	42	63	65	69	50	247	5	2	1	0	0	0	0	1	0	0	3	1	0	0	0	0	0	0	0	0	0
CP017039.1	5p	+	43	58	68	47	56	229	6	0	2	1	0	0	0	1	0	1	0	0	0	0	0	0	0	0	0	0	0
CP017039.1	5p	+	44	44	52	68	47	211	10	0	1	1	0	0	0	0	1	0	0	1	0	0	0	0	0	0	0	0	0
CP017039.1	5p	+	45	45	53	63	34	195	6	1	0	1	0	0	0	0	0	0	0	0	0	0	0	0	0	0	0	0	0
CP017039.1	5p	+	46	44	44	55	34	177	6	0	1	2	0	0	0	0	0	0	0	0	0	0	0	0	0	0	0	0	0
CP017039.1	5p	+	47	31	44	55	37	167	8	3	0	1	0	0	0	0	0	0	0	0	0	0	0	0	0	0	0	0	0
CP017039.1	5p	+	48	28	45	38	40	151	3	1	0	0	0	0	0	1	0	1	0	0	0	0	0	0	0	0	0	0	0
CP017039.1	5p	+	49	37	32	34	37	140	2	1	0	0	0	0	0	0	0	0	1	0	0	0	0	0	0	0	0	0	0
CP017039.1	5p	+	50	29	27	41	30	127	1	0	1	1	0	0	1	0	0	0	0	0	0	0	0	0	0	0	0	0	0
CP017039.1	5p	+	51	32	33	41	15	121	4	0	1	1	0	0	0	1	0	0	0	0	0	0	0	0	0	0	0	0	0
CP017039.1	5p	+	52	29	25	30	23	107	1	0	0	0	0	0	0	0	0	0	0	0	0	0	0	0	0	0	0	0	0
CP017039.1	5p	+	53	27	30	24	22	103	1	0	0	1	0	0	0	1	0	0	0	0	0	0	0	0	0	0	0	0	0
CP017039.1	5p	+	54	27	27	21	22	97	0	1	0	0	0	0	0	1	0	0	0	0	0	0	0	0	0	0	0	0	0
CP017039.1	5p	+	55	22	25	31	14	92	0	1	1	0	0	0	0	0	0	0	0	0	0	0	0	0	0	0	0	0	0
CP017039.1	5p	+	56	16	31	26	16	89	1	1	0	0	0	0	0	0	0	0	0	0	0	0	0	0	0	0	0	0	0
CP017039.1	5p	+	57	27	25	22	9	83	1	0	1	0	0	0	0	1	0	0	0	0	0	0	0	0	0	0	0	0	0
CP017039.1	5p	+	58	24	17	18	19	78	1	0	0	1	1	0	0	0	0	0	0	0	0	0	0	0	0	0	0	0	0
CP017039.1	5p	+	59	12	22	24	16	74	2	0	0	0	0	0	0	0	1	0	0	1	0	0	0	0	0	0	0	0	0
CP017039.1	5p	+	60	15	21	21	16	73	1	1	1	2	0	0	0	0	0	1	0	0	0	0	0	0	0	0	0	0	0
CP017039.1	5p	+	61	21	22	13	16	72	0	0	0	0	0	0	0	0	0	0	0	0	0	0	0	0	0	0	0	0	0
CP017039.1	5p	+	62	17	23	16	14	70	3	0	0	2	0	0	0	0	0	0	0	0	0	0	0	0	0	0	0	0	0
CP017039.1	5p	+	63	16	13	21	17	67	1	0	0	1	0	0	0	0	0	0	0	0	0	0	0	0	0	0	0	0	0
CP017039.1	5p	+	64	18	14	17	18	67	2	0	0	0	0	0	0	0	0	0	0	0	0	0	0	0	0	0	0	0	0
CP017039.1	5p	+	65	11	13	15	21	60	2	0	0	1	0	0	0	0	0	0	0	0	0	0	0	0	0	0	0	0	0
CP017039.1	5p	+	66	18	10	13	16	57	1	0	0	0	0	0	0	0	0	0	0	0	0	0	0	0	0	0	0	0	0
CP017039.1	5p	+	67	15	16	8	9	48	2	1	0	0	0	0	0	0	0	0	0	0	0	0	0	0	0	0	0	0	0
CP017039.1	5p	+	68	11	14	13	7	45	1	1	0	0	0	0	0	0	1	0	0	0	0	0	0	0	0	0	0	0	0
CP017039.1	5p	+	69	15	15	7	6	43	1	0	0	0	0	0	0	0	0	1	0	0	0	0	0	0	0	0	0	0	0
CP017039.1	5p	+	70	10	8	9	12	39	0	0	0	0	1	1	0	0	0	0	1	0	0	0	0	0	0	0	0	0	0
CP017039.1	5p	-	1	111	183	115	204	613	3	67	2	2	1	0	3	0	0	1	0	2	0	0	0	0	0	0	0	0	0
CP017039.1	5p	-	2	144	167	135	167	613	5	32	2	3	1	1	1	2	2	0	2	3	0	0	0	0	0	0	0	0	0
CP017039.1	5p	-	3	159	160	173	121	613	2	13	3	3	3	1	5	1	1	0	4	0	0	0	0	0	0	0	0	0	0
CP017039.1	5p	-	4	144	154	168	147	613	3	8	1	0	0	1	1	1	0	0	7	0	0	0	0	0	0	0	0	0	0
CP017039.1	5p	-	5	128	186	174	125	613	9	8	3	3	0	1	1	2	0	0	1	3	0	0	0	0	0	0	0	0	0
CP017039.1	5p	-	6	141	197	161	114	613	3	15	1	1	2	2	2	2	0	0	3	0	0	0	0	0	0	0	0	0	0
CP017039.1	5p	-	7	134	163	185	131	613	1	6	1	4	2	0	1	3	0	0	0	0	0	0	0	0	0	0	0	0	0
CP017039.1	5p	-	8	116	172	184	141	613	9	8	2	3	0	0	2	1	1	0	2	2	0	0	0	0	0	0	0	0	0
CP017039.1	5p	-	9	131	174	174	134	613	5	8	4	3	1	2	2	0	0	0	3	1	0	0	0	0	0	0	0	0	0
CP017039.1	5p	-	10	125	175	176	136	612	6	10	3	3	0	1	1	1	0	0	1	2	0	0	0	0	0	1	0	0	0
CP017039.1	5p	-	11	125	180	176	132	613	8	6	3	8	3	2	4	2	1	0	3	0	0	0	0	0	0	0	0	0	0
CP017039.1	5p	-	12	124	178	193	118	613	3	5	4	5	1	0	2	1	0	0	2	2	0	0	0	0	0	0	0	0	0
CP017039.1	5p	-	13	136	182	164	131	613	7	7	2	2	1	3	2	2	0	0	2	1	0	0	0	0	0	0	0	0	0
CP017039.1	5p	-	14	131	201	172	109	613	5	4	3	5	3	0	4	3	0	0	2	0	0	0	0	0	0	0	0	0	0
CP017039.1	5p	-	15	133	170	199	111	613	5	6	3	2	0	0	3	2	0	2	1	0	0	0	0	0	0	0	0	0	0
CP017039.1	5p	-	16	129	165	178	141	613	6	5	4	4	0	1	1	3	0	0	1	3	0	0	0	0	0	0	0	0	0
CP017039.1	5p	-	17	109	188	177	139	613	6	7	2	8	0	0	2	5	1	1	0	4	0	0	0	0	0	0	0	0	0
CP017039.1	5p	-	18	122	171	194	126	613	3	5	5	3	2	1	1	2	0	1	0	2	0	0	0	0	0	0	0	0	0
CP017039.1	5p	-	19	132	159	171	151	613	5	3	2	2	0	0	0	1	1	3	2	2	0	0	0	0	0	0	0	0	0
CP017039.1	5p	-	20	137	184	163	129	613	7	8	8	3	1	2	2	2	2	0	4	0	0	0	0	0	0	0	0	0	0
CP017039.1	5p	-	21	114	178	183	138	613	7	5	2	5	1	0	1	3	0	1	2	0	0	0	0	0	0	0	0	0	0
CP017039.1	5p	-	22	128	186	169	130	613	1	7	5	5	0	0	0	2	0	0	1	2	0	0	0	0	0	0	0	0	0
CP017039.1	5p	-	23	120	183	182	127	612	4	4	7	4	2	0	3	1	0	1	0	1	0	0	0	0	0	0	1	0	0
CP017039.1	5p	-	24	122	168	184	139	613	2	6	2	3	0	0	0	2	1	2	1	3	0	0	0	0	0	0	0	0	0
CP017039.1	5p	-	25	149	176	150	138	613	6	2	4	0	0	0	2	0	0	1	3	0	0	0	0	0	0	0	0	0	0
CP017039.1	5p	-	26	111	176	198	128	613	9	6	3	5	1	0	1	1	1	0	2	2	0	0	0	0	0	0	0	0	0
CP017039.1	5p	-	27	126	189	186	112	613	6	12	2	3	1	0	4	1	0	1	4	2	0	0	0	0	0	0	0	0	0
CP017039.1	5p	-	28	134	174	167	138	613	6	3	3	4	0	1	1	0	0	0	0	0	0	0	0	0	0	0	0	0	0
CP017039.1	5p	-	29	138	153	186	135	612	11	2	4	5	1	0	0	3	1	0	4	3	0	0	0	0	1	0	0	0	0
CP017039.1	5p	-	30	150	174	167	122	613	13	4	3	4	2	0	5	1	0	0	1	2	0	0	0	0	0	0	0	0	0
CP017039.1	5p	-	31	134	147	162	127	570	9	6	3	3	0	1	0	3	1	0	0	1	0	0	0	0	0	0	0	0	0
CP017039.1	5p	-	32	123	132	150	119	524	11	4	5	0	3	0	2	1	0	0	1	0	0	0	0	0	0	0	0	0	0
CP017039.1	5p	-	33	109	119	166	93	487	12	5	2	1	0	0	2	1	1	0	2	3	0	0	0	0	0	0	0	0	0
CP017039.1	5p	-	34	113	130	104	101	448	12	1	4	0	0	0	2	1	2	0	1	1	0	0	0	0	0	0	0	0	0
CP017039.1	5p	-	35	85	117	125	82	409	10	2	2	1	0	0	2	3	1	0	2	1	0	0	0	0	0	0	0	0	0
CP017039.1	5p	-	36	96	89	114	81	380	3	3	1	2	0	0	0	0	0	0	3	0	0	0	0	0	0	0	0	0	0
CP017039.1	5p	-	37	83	87	102	82	354	6	1	1	1	1	0	0	0	0	0	0	2	0	0	0	0	0	0	0	0	0
CP017039.1	5p	-	38	77	88	94	67	326	5	3	1	4	0	0	2	1	2	0	0	2	0	0	0	0	0	0	0	0	0
CP017039.1	5p	-	39	65	70	94	72	301	3	4	3	2	2	0	0	1	1	0	1	1	0	0	0	0	0	0	0	0	0
CP017039.1	5p	-	40	78	68	73	62	281	3	2	2	1	0	0	0	0	1	0	0	0	0	0	0	0	0	0	0	0	0
CP017039.1	5p	-	41	59	60	80	60	259	5	1	1	1	0	1	0	0	0	0	1	0	0	0	0	1	0	0	0	0	0
CP017039.1	5p	-	42	62	68	58	56	244	7	2	3	0	0	0	0	0	1	1	0	0	0	0	0	0	0	0	0	0	0
CP017039.1	5p	-	43	51	62	70	46	229	5	3	1	0	0	0	0	0	0	0	0	0	0	0	0	0	0	0	0	0	0
CP017039.1	5p	-	44	47	67	61	39	214	3	1	0	0	0	0	0	1	0	0	0	0	0	0	0	0	0	0	0	0	0
CP017039.1	5p	-	45	45	52	61	42	200	5	1	0	0	0	0	2	0	1	0	2	2	0	0	0	0	0	0	0	0	0
CP017039.1	5p	-	46	47	45	53	37	182	6	2	0	2	0	0	0	0	1	0	0	1	0	0	0	0	0	0	0	0	0
CP017039.1	5p	-	47	40	47	46	36	169	3	0	1	1	0	0	0	0	0	0	0	1	0	0	0	0	0	0	0	0	0
CP017039.1	5p	-	48	38	42	40	33	153	2	1	0	0	0	0	0	0	0	0	0	0	0	0	0	0	0	0	0	0	0
CP017039.1	5p	-	49	38	28	49	31	146	4	0	0	0	0	0	0	0	0	0	0	1	0	0	0	0	0	0	0	0	0
CP017039.1	5p	-	50	26	48	33	29	136	3	1	1	0	0	0	1	1	1	0	0	0	0	0	0	0	0	0	0	0	0
CP017039.1	5p	-	51	20	36	45	28	129	4	0	1	2	0	0	0	0	0	0	0	1	0	0	0	0	0	0	0	0	0
CP017039.1	5p	-	52	30	33	35	24	122	6	0	1	0	0	0	0	0	0	0	0	0	0	0	0	0	0	0	0	0	0
CP017039.1	5p	-	53	27	34	25	25	111	1	2	0	0	0	0	0	0	0	0	0	0	0	0	0	0	0	0	0	0	0
CP017039.1	5p	-	54	22	26	31	29	108	3	1	0	0	0	0	0	0	0	0	0	0	0	0	0	0	0	0	0	0	0
CP017039.1	5p	-	55	29	19	30	24	102	2	0	0	0	0	0	1	1	0	0	0	0	0	0	0	0	0	0	0	0	0
CP017039.1	5p	-	56	28	28	22	18	96	1	0	1	1	0	0	0	0	0	0	0	0	0	0	0	0	0	0	0	0	0
CP017039.1	5p	-	57	25	21	26	19	91	3	1	3	1	0	0	0	0	0	0	0	0	0	0	0	0	0	0	0	0	0
CP017039.1	5p	-	58	19	21	29	18	87	8	0	1	0	0	0	0	0	0	0	1	0	0	0	0	0	0	0	0	0	0
CP017039.1	5p	-	59	28	16	24	10	78	1	0	1	0	0	0	0	0	0	0	0	0	0	0	0	0	0	0	0	0	0
CP017039.1	5p	-	60	23	15	16	14	68	0	0	0	0	0	0	0	0	0	0	0	0	0	0	0	0	0	0	0	0	0
CP017039.1	5p	-	61	12	16	17	19	64	0	0	0	2	0	0	0	0	0	0	0	0	0	0	0	0	0	0	0	0	0
CP017039.1	5p	-	62	19	11	18	13	61	0	0	0	0	0	0	0	0	0	0	0	0	0	0	0	0	0	0	0	0	0
CP017039.1	5p	-	63	17	14	15	10	56	1	1	0	0	0	0	1	0	0	0	0	0	0	0	0	0	0	0	0	0	0
CP017039.1	5p	-	64	13	14	10	14	51	1	0	0	0	0	0	0	0	0	0	0	0	0	0	0	0	0	0	0	0	0
CP017039.1	5p	-	65	12	11	18	9	50	1	0	0	0	0	0	0	0	0	0	0	0	0	0	0	0	0	0	0	0	0
CP017039.1	5p	-	66	12	10	13	13	48	2	0	0	0	0	0	0	0	0	0	0	0	0	0	0	0	0	0	0	0	0
CP017039.1	5p	-	67	14	9	13	11	47	1	0	0	0	0	0	0	0	0	0	0	0	0	0	0	0	0	0	0	0	0
CP017039.1	5p	-	68	11	12	12	9	44	0	0	0	0	0	0	0	0	0	0	0	0	0	0	0	0	0	0	0	0	0
CP017039.1	5p	-	69	11	11	12	7	41	1	1	0	0	0	0	0	0	0	0	0	0	0	0	0	0	0	0	0	0	0
CP017039.1	5p	-	70	13	9	8	8	38	0	0	0	0	0	0	0	0	0	0	0	0	0	0	0	0	0	0	0	0	0
