# table produced by mapDamage version 2.2.3
# using mapped file /mnt/archgen/microbiome_calculus/library_ds_vs_ss/04-analysis/normalize_kraken/mapping/lautropia_mirabilis/out/FUM003.A0101.SG1.1_5M.mapped_l_mirabilis_q25l30_rmdup.bam and /mnt/archgen/microbiome_calculus/library_ds_vs_ss/04-analysis/normalize_kraken/mapping/lautropia_mirabilis/input/GCF_900637555.1_51726_E01_genomic.fna as reference file
# Chr: reference from sam/bam header, End: from which termini of DNA sequences, Std: strand of reads
Chr	End	Std	Pos	A	C	G	T	Total	G>A	C>T	A>G	T>C	A>C	A>T	C>G	C>A	T>G	T>A	G>C	G>T	A>-	T>-	C>-	G>-	->A	->T	->C	->G	S
NZ_LR134378.1	3p	+	1	689	1001	1124	535	3349	206	18	25	19	8	5	42	9	5	6	35	12	0	0	0	0	0	0	0	0	0
NZ_LR134378.1	3p	+	2	638	1082	1061	568	3349	130	21	26	20	6	4	26	15	7	7	23	17	0	0	0	0	0	0	0	0	0
NZ_LR134378.1	3p	+	3	620	1057	1090	582	3349	95	19	22	21	6	4	28	17	5	8	35	5	0	0	0	0	0	0	0	0	0
NZ_LR134378.1	3p	+	4	639	1035	1098	577	3349	62	22	22	20	4	3	27	11	5	3	27	8	0	0	0	0	0	0	0	0	0
NZ_LR134378.1	3p	+	5	613	1074	1098	563	3348	58	25	15	23	3	4	29	15	3	3	27	8	0	0	0	0	0	0	0	1	0
NZ_LR134378.1	3p	+	6	600	1146	1065	536	3347	47	17	19	17	2	5	33	12	6	3	20	6	0	0	0	0	0	0	0	2	0
NZ_LR134378.1	3p	+	7	584	1040	1106	619	3349	42	22	18	21	7	0	33	5	4	4	22	6	0	0	0	0	0	0	0	0	0
NZ_LR134378.1	3p	+	8	620	1078	1112	534	3344	27	26	24	22	7	4	34	13	3	1	28	10	1	0	0	0	1	0	2	2	0
NZ_LR134378.1	3p	+	9	564	1142	1089	551	3346	36	29	23	29	2	4	24	11	6	3	26	7	1	0	1	0	0	0	1	2	0
NZ_LR134378.1	3p	+	10	615	1110	1089	535	3349	29	21	18	12	3	3	31	16	10	2	34	9	0	0	0	0	0	0	0	0	0
NZ_LR134378.1	3p	+	11	540	1132	1114	562	3348	25	19	15	24	3	1	38	17	5	1	22	9	1	1	0	0	1	0	0	0	0
NZ_LR134378.1	3p	+	12	553	1183	1073	540	3349	27	24	16	23	4	3	38	10	8	5	32	8	0	0	1	0	0	0	0	0	0
NZ_LR134378.1	3p	+	13	597	1094	1094	564	3349	21	20	20	20	3	4	34	10	5	4	32	9	0	0	0	0	0	0	0	0	0
NZ_LR134378.1	3p	+	14	546	1081	1146	574	3347	28	26	22	22	3	4	30	8	6	4	30	11	0	0	1	2	0	1	1	0	0
NZ_LR134378.1	3p	+	15	614	1087	1097	551	3349	30	20	19	25	9	4	32	7	4	3	39	8	0	1	0	0	0	0	0	0	0
NZ_LR134378.1	3p	+	16	591	1092	1104	558	3345	25	16	15	25	8	4	29	5	4	2	22	9	0	0	1	0	2	0	1	1	0
NZ_LR134378.1	3p	+	17	571	1114	1094	568	3347	31	23	21	27	8	3	23	7	3	2	28	15	0	0	0	0	0	1	0	1	0
NZ_LR134378.1	3p	+	18	544	1143	1097	564	3348	14	28	16	29	5	3	39	7	6	4	29	8	0	0	0	0	1	0	0	0	0
NZ_LR134378.1	3p	+	19	596	1086	1098	568	3348	24	17	19	8	5	1	23	9	4	2	26	4	0	0	0	0	0	0	1	0	0
NZ_LR134378.1	3p	+	20	547	1100	1151	550	3348	20	25	20	14	8	3	29	6	8	3	31	8	0	0	0	0	0	0	0	1	0
NZ_LR134378.1	3p	+	21	529	1155	1096	569	3349	23	25	24	24	4	3	32	8	9	4	37	4	0	0	0	1	0	0	0	0	0
NZ_LR134378.1	3p	+	22	622	1077	1062	587	3348	15	21	23	21	4	1	39	9	4	3	32	6	0	0	1	2	0	0	0	1	0
NZ_LR134378.1	3p	+	23	582	1123	1078	565	3348	28	32	22	28	5	1	22	3	9	0	32	3	0	2	0	1	0	0	1	0	0
NZ_LR134378.1	3p	+	24	537	1129	1139	544	3349	33	33	15	24	5	0	33	10	6	1	27	7	0	0	0	0	0	0	0	0	0
NZ_LR134378.1	3p	+	25	596	1071	1100	578	3345	13	28	26	20	4	8	19	8	6	2	29	4	0	0	0	0	0	0	1	3	0
NZ_LR134378.1	3p	+	26	590	1099	1116	543	3348	27	39	20	25	3	2	35	10	2	1	30	12	0	1	0	0	0	0	0	1	0
NZ_LR134378.1	3p	+	27	569	1152	1064	563	3348	25	33	18	24	3	4	31	7	5	0	29	9	0	0	0	0	0	1	0	0	0
NZ_LR134378.1	3p	+	28	616	1114	1048	571	3349	21	40	21	18	6	2	23	4	8	4	29	12	1	0	0	0	0	0	0	0	0
NZ_LR134378.1	3p	+	29	594	1098	1100	557	3349	18	42	24	17	8	0	29	9	9	2	34	14	0	0	1	1	0	0	0	0	0
NZ_LR134378.1	3p	+	30	528	1141	1083	596	3348	21	74	16	28	4	2	40	10	8	5	27	14	0	1	0	0	0	1	0	0	0
NZ_LR134378.1	3p	+	31	562	1017	988	561	3128	10	57	18	16	5	2	24	14	8	4	27	11	0	0	0	0	0	0	0	0	0
NZ_LR134378.1	3p	+	32	485	988	931	497	2901	21	50	21	20	5	3	31	4	5	1	20	10	0	0	0	2	0	0	0	0	0
NZ_LR134378.1	3p	+	33	497	903	846	460	2706	16	72	18	23	5	1	24	8	4	4	22	6	0	0	0	1	0	0	0	0	0
NZ_LR134378.1	3p	+	34	424	826	796	462	2508	13	38	8	15	4	3	32	8	2	4	22	8	0	0	1	1	0	0	2	0	0
NZ_LR134378.1	3p	+	35	409	761	750	414	2334	13	44	18	14	0	1	24	5	5	2	30	6	0	0	1	1	0	0	0	0	0
NZ_LR134378.1	3p	+	36	370	705	699	395	2169	16	34	14	12	3	0	24	7	6	3	24	4	0	1	0	0	0	0	0	0	0
NZ_LR134378.1	3p	+	37	374	644	621	377	2016	10	29	7	6	1	1	21	6	6	3	20	10	0	0	0	0	0	0	0	1	0
NZ_LR134378.1	3p	+	38	365	616	582	329	1892	17	20	11	13	2	0	12	5	3	4	13	0	0	0	0	0	0	0	0	0	0
NZ_LR134378.1	3p	+	39	342	598	553	294	1787	12	28	10	7	5	2	20	3	3	3	17	1	0	0	0	0	0	0	0	0	0
NZ_LR134378.1	3p	+	40	338	549	502	289	1678	11	16	8	6	1	3	18	4	4	1	14	3	0	0	0	0	0	0	0	0	0
NZ_LR134378.1	3p	+	41	267	508	523	286	1584	10	29	8	6	3	1	14	6	1	1	15	4	0	0	0	0	0	1	0	0	0
NZ_LR134378.1	3p	+	42	276	474	453	302	1505	7	27	6	9	2	1	15	5	3	3	23	3	0	0	1	1	0	0	0	0	0
NZ_LR134378.1	3p	+	43	238	477	432	244	1391	13	16	5	1	1	1	15	8	0	0	11	3	0	0	0	1	0	0	0	1	0
NZ_LR134378.1	3p	+	44	222	430	405	232	1289	9	20	10	8	2	3	10	1	4	2	15	5	1	0	1	1	0	0	0	0	0
NZ_LR134378.1	3p	+	45	219	388	383	200	1190	7	11	4	9	2	2	8	2	1	1	13	3	0	0	0	0	0	0	1	0	0
NZ_LR134378.1	3p	+	46	198	344	358	204	1104	6	11	4	7	0	0	8	1	8	2	11	4	0	0	0	0	0	0	0	0	0
NZ_LR134378.1	3p	+	47	191	330	336	162	1019	7	5	7	2	0	0	5	1	0	2	13	2	0	0	0	0	0	0	0	0	0
NZ_LR134378.1	3p	+	48	157	324	283	193	957	5	10	5	7	1	1	9	3	2	1	16	5	0	0	0	0	0	0	0	0	0
NZ_LR134378.1	3p	+	49	169	275	282	163	889	3	10	6	3	2	0	2	0	4	4	7	2	0	0	0	0	0	0	0	0	0
NZ_LR134378.1	3p	+	50	148	248	292	146	834	6	8	1	3	0	0	5	1	2	2	8	2	0	0	0	0	0	0	0	0	0
NZ_LR134378.1	3p	+	51	137	261	230	163	791	3	10	3	6	1	1	5	1	3	1	3	2	0	0	1	0	0	0	0	0	0
NZ_LR134378.1	3p	+	52	145	254	232	119	750	6	7	3	5	0	1	7	3	3	0	5	1	0	0	0	0	0	0	0	0	0
NZ_LR134378.1	3p	+	53	145	224	222	118	709	4	10	3	3	0	2	5	1	0	0	2	1	0	1	0	0	0	0	0	0	0
NZ_LR134378.1	3p	+	54	123	224	218	108	673	2	8	0	5	0	0	9	2	0	0	6	5	1	0	0	0	0	0	1	0	0
NZ_LR134378.1	3p	+	55	133	188	204	117	642	4	1	4	2	2	0	5	0	0	1	5	4	0	0	0	0	0	0	0	0	0
NZ_LR134378.1	3p	+	56	114	217	172	100	603	1	7	1	4	2	2	6	2	1	0	4	2	0	0	0	0	0	0	0	0	0
NZ_LR134378.1	3p	+	57	104	192	187	90	573	3	8	3	2	1	0	4	2	2	0	7	4	0	0	0	0	0	0	0	0	0
NZ_LR134378.1	3p	+	58	114	169	168	90	541	0	7	2	2	2	0	5	1	0	0	5	0	0	1	0	1	0	0	0	0	0
NZ_LR134378.1	3p	+	59	98	186	153	85	522	7	7	3	3	3	0	8	2	1	0	9	1	0	0	0	0	0	0	0	0	0
NZ_LR134378.1	3p	+	60	97	169	154	82	502	4	2	3	1	0	0	3	2	0	0	6	1	0	0	1	0	0	0	0	0	0
NZ_LR134378.1	3p	+	61	89	160	140	98	487	1	7	3	0	1	0	4	4	0	1	6	0	0	0	0	0	0	0	0	1	0
NZ_LR134378.1	3p	+	62	87	148	153	79	467	3	4	1	5	1	0	5	3	0	1	3	1	0	0	1	0	0	0	0	0	0
NZ_LR134378.1	3p	+	63	83	143	141	83	450	7	4	1	5	0	1	5	0	0	1	4	2	0	0	0	1	0	1	0	0	0
NZ_LR134378.1	3p	+	64	101	131	136	67	435	4	6	3	2	2	1	1	0	0	0	7	0	0	0	0	0	0	0	0	0	0
NZ_LR134378.1	3p	+	65	79	132	136	65	412	2	1	2	1	0	0	3	1	0	0	3	1	0	0	0	0	0	0	0	0	0
NZ_LR134378.1	3p	+	66	70	123	124	74	391	3	5	0	1	2	0	5	1	3	0	4	1	0	0	0	0	0	0	0	0	0
NZ_LR134378.1	3p	+	67	69	109	122	80	380	1	3	1	2	2	1	1	0	0	0	5	4	0	0	0	0	0	0	0	0	0
NZ_LR134378.1	3p	+	68	64	127	114	53	358	0	4	3	2	0	0	7	0	0	0	4	1	0	0	0	0	0	1	0	0	0
NZ_LR134378.1	3p	+	69	59	113	98	73	343	3	1	1	3	1	0	4	2	1	1	6	1	0	0	0	0	0	0	0	0	0
NZ_LR134378.1	3p	+	70	59	92	123	64	338	1	6	1	1	0	1	2	2	1	0	3	1	0	0	0	0	0	1	0	0	0
NZ_LR134378.1	3p	-	1	668	972	1112	553	3305	226	25	19	15	8	3	26	17	8	10	28	3	0	0	0	0	0	0	0	0	0
NZ_LR134378.1	3p	-	2	641	1079	1004	581	3305	129	28	23	20	8	2	39	12	6	4	31	4	0	0	0	0	0	0	0	0	0
NZ_LR134378.1	3p	-	3	578	1094	1057	576	3305	77	23	22	24	2	2	27	15	3	5	38	10	0	1	0	0	0	0	0	0	0
NZ_LR134378.1	3p	-	4	617	1004	1111	573	3305	77	19	20	23	3	3	28	9	4	8	31	7	0	0	1	0	0	0	0	0	0
NZ_LR134378.1	3p	-	5	547	1094	1076	587	3304	51	18	16	19	5	4	36	14	5	3	22	9	0	0	0	0	0	0	0	1	0
NZ_LR134378.1	3p	-	6	572	1077	1058	597	3304	48	32	18	25	3	3	32	11	8	10	24	8	0	0	0	0	0	0	0	1	0
NZ_LR134378.1	3p	-	7	593	1087	1023	601	3304	33	26	13	16	3	2	27	13	7	1	29	12	0	0	0	0	0	0	0	1	0
NZ_LR134378.1	3p	-	8	571	1093	1077	564	3305	36	24	18	21	3	4	25	8	5	3	24	7	0	0	0	2	0	0	0	0	0
NZ_LR134378.1	3p	-	9	538	1092	1069	605	3304	34	21	16	33	5	2	46	8	6	1	27	8	0	0	0	1	1	0	0	0	0
NZ_LR134378.1	3p	-	10	559	1016	1087	642	3304	24	21	18	25	5	5	21	14	9	5	25	4	0	0	0	0	0	0	0	1	0
NZ_LR134378.1	3p	-	11	569	1155	1080	499	3303	26	29	25	22	4	6	32	12	6	6	26	9	0	0	1	0	0	2	0	0	0
NZ_LR134378.1	3p	-	12	541	1132	1090	539	3302	28	27	28	15	9	2	38	13	3	3	20	7	0	0	0	0	0	1	0	2	0
NZ_LR134378.1	3p	-	13	578	1063	1085	578	3304	34	26	18	24	9	1	31	9	3	7	34	9	0	0	0	0	0	0	0	1	0
NZ_LR134378.1	3p	-	14	529	1150	1078	548	3305	24	22	23	19	4	4	38	8	2	3	25	6	0	0	1	0	0	0	0	0	0
NZ_LR134378.1	3p	-	15	562	1075	1114	554	3305	32	19	20	27	6	1	34	9	3	5	47	9	0	0	0	0	0	0	0	0	0
NZ_LR134378.1	3p	-	16	552	1066	1103	584	3305	29	21	15	18	2	1	27	8	6	1	17	10	0	0	0	0	0	0	0	0	0
NZ_LR134378.1	3p	-	17	564	1107	1085	549	3305	38	25	18	17	5	1	27	9	9	1	32	2	0	0	0	0	0	0	0	0	0
NZ_LR134378.1	3p	-	18	527	1118	1062	596	3303	26	23	15	20	2	3	34	13	4	2	25	4	1	0	1	0	0	2	0	0	0
NZ_LR134378.1	3p	-	19	565	1056	1088	594	3303	25	20	24	13	4	1	24	8	7	2	21	7	0	0	0	1	0	1	1	0	0
NZ_LR134378.1	3p	-	20	536	1076	1157	536	3305	23	14	12	24	8	2	29	12	3	1	33	6	0	0	0	0	0	0	0	0	0
NZ_LR134378.1	3p	-	21	540	1142	1066	556	3304	34	16	24	17	4	6	22	7	4	1	36	9	1	0	0	0	0	1	0	0	0
NZ_LR134378.1	3p	-	22	596	1029	1090	588	3303	14	26	18	19	5	3	18	10	7	2	27	11	0	0	0	1	0	1	1	0	0
NZ_LR134378.1	3p	-	23	520	1082	1137	565	3304	31	24	14	17	6	1	31	11	7	0	27	13	1	0	0	0	0	0	0	1	0
NZ_LR134378.1	3p	-	24	502	1142	1092	569	3305	32	35	11	19	7	1	28	14	5	3	34	8	1	0	0	0	0	0	0	0	0
NZ_LR134378.1	3p	-	25	589	1045	1069	601	3304	17	26	18	13	5	2	35	11	4	2	25	9	0	1	0	0	1	0	0	0	0
NZ_LR134378.1	3p	-	26	583	1069	1090	561	3303	17	38	16	27	8	2	23	14	3	0	12	5	0	1	0	0	0	1	0	1	0
NZ_LR134378.1	3p	-	27	532	1135	1085	553	3305	24	49	18	22	6	3	30	13	3	3	37	8	0	0	1	0	0	0	0	0	0
NZ_LR134378.1	3p	-	28	593	990	1065	656	3304	33	38	17	17	2	3	28	12	0	2	30	4	0	0	0	1	0	0	1	0	0
NZ_LR134378.1	3p	-	29	574	1042	1085	601	3302	23	45	19	19	9	5	29	20	5	5	40	7	1	0	0	0	0	0	2	1	0
NZ_LR134378.1	3p	-	30	552	1157	1020	576	3305	24	69	20	19	6	3	40	7	5	2	28	9	0	0	0	0	0	0	0	0	0
NZ_LR134378.1	3p	-	31	554	947	971	585	3057	20	62	15	20	4	3	34	9	5	4	26	5	1	0	0	0	0	0	0	0	0
NZ_LR134378.1	3p	-	32	471	925	910	517	2823	15	63	18	11	9	0	26	4	6	0	27	8	0	0	0	0	1	0	1	0	0
NZ_LR134378.1	3p	-	33	417	887	835	460	2599	22	61	17	12	7	0	24	3	5	2	18	7	1	0	2	1	0	0	0	0	0
NZ_LR134378.1	3p	-	34	428	794	751	451	2424	14	24	13	16	8	4	19	5	3	0	21	9	0	0	1	0	0	0	1	0	0
NZ_LR134378.1	3p	-	35	375	716	717	456	2264	22	41	8	14	8	3	23	3	5	6	13	3	0	0	1	0	0	0	0	0	0
NZ_LR134378.1	3p	-	36	355	710	665	384	2114	12	36	16	13	4	2	19	9	2	3	20	9	0	1	0	0	0	1	1	1	0
NZ_LR134378.1	3p	-	37	357	613	624	382	1976	13	29	11	12	4	1	21	6	3	1	16	8	0	0	0	0	0	0	1	0	0
NZ_LR134378.1	3p	-	38	308	588	609	355	1860	10	31	11	10	7	1	16	8	1	4	15	8	0	1	0	0	0	0	2	1	0
NZ_LR134378.1	3p	-	39	281	584	553	340	1758	10	20	10	14	6	1	16	4	3	2	18	7	0	0	0	1	0	0	0	1	0
NZ_LR134378.1	3p	-	40	271	548	522	325	1666	15	26	9	9	1	0	21	4	6	1	18	3	1	0	0	0	0	1	0	0	0
NZ_LR134378.1	3p	-	41	275	524	509	266	1574	11	27	6	8	3	2	13	6	3	0	15	3	0	0	1	1	1	0	0	1	0
NZ_LR134378.1	3p	-	42	273	467	495	277	1512	10	24	11	9	7	2	6	3	1	1	22	5	0	0	0	1	0	0	0	1	0
NZ_LR134378.1	3p	-	43	239	445	437	248	1369	12	22	7	5	2	4	17	5	3	2	10	3	0	0	0	1	0	0	0	0	0
NZ_LR134378.1	3p	-	44	213	423	398	238	1272	9	18	5	8	3	1	13	3	4	2	10	3	0	0	0	0	0	0	0	0	0
NZ_LR134378.1	3p	-	45	191	382	384	220	1177	7	19	5	8	2	1	10	4	0	4	11	2	0	0	0	0	0	0	1	0	0
NZ_LR134378.1	3p	-	46	204	342	342	198	1086	15	15	10	9	0	3	9	2	5	2	6	1	0	0	0	0	0	0	0	1	0
NZ_LR134378.1	3p	-	47	169	346	302	190	1007	4	11	6	5	2	1	11	2	1	1	8	2	0	0	0	1	0	0	0	0	0
NZ_LR134378.1	3p	-	48	167	315	290	170	942	10	7	7	8	3	1	9	7	1	1	16	3	0	1	0	1	0	0	0	0	0
NZ_LR134378.1	3p	-	49	162	276	277	149	864	4	10	4	4	3	2	8	2	0	0	9	3	0	0	0	0	0	0	0	0	0
NZ_LR134378.1	3p	-	50	133	244	275	152	804	7	7	7	2	2	0	10	2	0	0	5	4	0	0	0	0	0	0	0	0	0
NZ_LR134378.1	3p	-	51	141	244	246	114	745	1	13	0	3	1	3	11	3	0	0	5	3	0	1	0	0	0	0	0	0	0
NZ_LR134378.1	3p	-	52	110	232	227	137	706	4	8	5	4	0	0	7	2	2	2	3	2	0	0	0	1	0	0	0	0	0
NZ_LR134378.1	3p	-	53	126	194	214	124	658	5	5	0	4	1	0	7	3	1	1	12	2	0	0	0	0	0	0	0	0	0
NZ_LR134378.1	3p	-	54	112	196	183	120	611	3	6	2	4	0	0	7	1	1	1	8	1	0	0	0	0	0	0	0	2	0
NZ_LR134378.1	3p	-	55	109	182	185	106	582	2	7	6	1	1	1	4	1	2	0	10	1	0	0	0	0	0	0	0	0	0
NZ_LR134378.1	3p	-	56	100	164	176	116	556	1	6	3	5	1	0	1	1	2	0	6	1	0	0	0	0	0	0	0	0	0
NZ_LR134378.1	3p	-	57	100	149	185	101	535	5	9	3	2	1	1	5	3	0	0	8	3	0	1	0	0	0	0	0	0	0
NZ_LR134378.1	3p	-	58	103	164	147	93	507	3	3	4	2	2	3	5	2	1	0	2	2	0	1	0	0	0	0	0	0	0
NZ_LR134378.1	3p	-	59	73	166	169	87	495	3	9	2	1	0	0	2	6	1	0	4	2	0	0	0	0	0	0	0	0	0
NZ_LR134378.1	3p	-	60	86	164	154	77	481	3	8	5	1	0	0	1	2	0	0	6	1	0	0	0	2	0	0	0	0	0
NZ_LR134378.1	3p	-	61	107	130	132	98	467	1	2	2	2	2	1	1	1	0	0	3	1	0	0	0	0	0	0	0	0	0
NZ_LR134378.1	3p	-	62	74	140	154	85	453	4	2	0	2	1	0	5	4	2	0	6	0	0	0	0	0	0	0	0	0	0
NZ_LR134378.1	3p	-	63	79	135	142	81	437	2	4	4	1	1	2	5	1	1	0	5	2	0	0	0	0	0	0	0	0	0
NZ_LR134378.1	3p	-	64	85	131	131	79	426	4	2	2	0	0	0	3	1	0	0	5	2	0	0	0	0	0	0	0	0	0
NZ_LR134378.1	3p	-	65	86	115	127	69	397	3	4	4	3	0	1	5	4	2	0	4	1	1	0	0	0	0	0	0	0	0
NZ_LR134378.1	3p	-	66	76	113	124	66	379	3	4	2	4	0	1	2	2	0	1	0	0	0	0	1	0	0	0	0	0	0
NZ_LR134378.1	3p	-	67	69	92	120	75	356	4	6	4	2	0	1	4	1	0	0	5	1	0	0	0	0	0	0	0	0	0
NZ_LR134378.1	3p	-	68	54	107	119	61	341	2	5	1	1	1	1	4	0	0	1	6	1	0	0	0	0	0	0	0	0	0
NZ_LR134378.1	3p	-	69	58	104	94	64	320	1	2	1	3	0	2	3	4	1	1	4	1	0	0	0	0	0	0	0	0	0
NZ_LR134378.1	3p	-	70	51	89	103	62	305	3	0	2	1	0	0	4	3	1	0	2	0	0	0	0	0	0	0	0	0	0
NZ_LR134378.1	5p	+	1	569	1118	934	728	3349	14	220	21	24	8	9	27	8	4	10	33	10	0	0	0	0	0	0	0	0	1
NZ_LR134378.1	5p	+	2	618	1100	1038	593	3349	28	111	15	22	8	5	35	15	8	8	33	16	2	0	0	0	0	0	0	0	0
NZ_LR134378.1	5p	+	3	667	1072	1070	540	3349	22	74	23	25	5	7	30	11	4	5	27	11	2	1	0	0	0	0	0	0	0
NZ_LR134378.1	5p	+	4	628	1075	1000	645	3348	23	57	19	24	3	1	35	9	5	3	25	7	2	0	0	1	0	0	0	1	0
NZ_LR134378.1	5p	+	5	554	1121	1060	613	3348	22	46	18	16	4	2	22	11	4	4	29	15	0	0	1	0	0	0	0	1	0
NZ_LR134378.1	5p	+	6	597	1080	1097	574	3348	19	45	16	22	7	1	34	10	6	1	42	5	0	2	2	0	0	0	0	1	0
NZ_LR134378.1	5p	+	7	602	1070	1097	580	3349	29	31	21	19	5	1	26	6	8	4	28	13	0	0	1	1	0	0	0	0	0
NZ_LR134378.1	5p	+	8	570	1110	1099	569	3348	22	32	17	16	11	2	31	9	9	2	34	8	0	1	0	1	0	1	0	0	0
NZ_LR134378.1	5p	+	9	589	1093	1126	540	3348	18	24	23	20	8	3	25	4	4	1	51	14	0	1	0	1	0	1	0	0	0
NZ_LR134378.1	5p	+	10	584	1084	1067	610	3345	15	33	18	21	2	2	22	7	4	3	23	10	0	0	0	0	0	1	1	2	0
NZ_LR134378.1	5p	+	11	542	1099	1088	617	3346	21	35	21	19	10	4	35	8	10	6	28	10	0	1	0	0	0	0	2	1	0
NZ_LR134378.1	5p	+	12	586	1091	1138	533	3348	26	28	27	21	1	4	29	10	10	2	26	7	0	0	0	0	0	0	1	0	0
NZ_LR134378.1	5p	+	13	591	1105	1094	557	3347	16	23	24	18	7	1	28	8	5	2	28	8	0	0	1	1	0	1	1	0	0
NZ_LR134378.1	5p	+	14	570	1129	1079	570	3348	19	23	20	26	5	3	37	11	8	5	31	5	0	0	1	3	0	0	1	0	0
NZ_LR134378.1	5p	+	15	564	1120	1142	520	3346	20	27	16	28	7	3	36	4	5	4	29	5	0	0	1	0	1	1	0	1	0
NZ_LR134378.1	5p	+	16	582	1128	1050	587	3347	15	27	23	25	5	2	27	13	5	2	25	7	0	0	0	0	1	0	1	0	0
NZ_LR134378.1	5p	+	17	561	1202	1051	532	3346	16	29	15	21	4	1	28	8	8	4	41	8	0	1	0	1	1	2	0	0	0
NZ_LR134378.1	5p	+	18	587	1120	1149	493	3349	27	29	18	14	4	4	28	8	3	2	41	10	0	0	2	3	0	0	0	0	0
NZ_LR134378.1	5p	+	19	603	1064	1131	550	3348	18	20	16	20	4	3	35	12	8	3	37	7	0	0	0	0	0	1	0	0	0
NZ_LR134378.1	5p	+	20	579	1136	1137	495	3347	23	28	13	17	5	2	26	9	5	3	30	9	0	0	0	0	1	0	0	1	0
NZ_LR134378.1	5p	+	21	560	1126	1107	556	3349	26	24	21	24	1	1	32	12	5	2	28	8	0	0	0	0	0	0	0	0	0
NZ_LR134378.1	5p	+	22	612	1142	1065	530	3349	23	24	20	15	5	4	24	6	6	5	26	9	0	0	0	2	0	0	0	0	0
NZ_LR134378.1	5p	+	23	616	1104	1067	562	3349	23	25	23	18	4	0	32	5	6	1	32	8	0	0	0	0	0	0	0	0	0
NZ_LR134378.1	5p	+	24	559	1078	1146	566	3349	35	26	21	17	7	1	29	9	5	2	33	4	1	0	0	0	0	0	0	0	0
NZ_LR134378.1	5p	+	25	575	1087	1101	584	3347	38	23	16	19	7	2	44	8	4	3	28	7	0	0	0	0	0	0	1	1	0
NZ_LR134378.1	5p	+	26	554	1155	1074	565	3348	26	20	18	19	2	4	34	13	6	0	23	8	0	0	0	0	0	0	0	1	0
NZ_LR134378.1	5p	+	27	596	1100	1104	549	3349	30	27	15	34	4	4	31	11	5	2	30	8	0	0	0	1	0	0	0	0	0
NZ_LR134378.1	5p	+	28	638	1048	1078	585	3349	37	15	18	22	2	3	23	11	4	1	24	5	0	0	0	0	0	0	0	0	0
NZ_LR134378.1	5p	+	29	548	1156	1065	578	3347	50	23	24	15	4	0	31	15	3	2	25	9	0	0	0	1	0	0	0	2	0
NZ_LR134378.1	5p	+	30	581	1077	1138	552	3348	68	21	24	17	3	5	40	13	4	7	25	4	0	0	0	0	0	0	1	0	0
NZ_LR134378.1	5p	+	31	612	988	999	529	3128	56	25	13	20	6	3	32	8	8	2	22	8	0	0	0	0	0	0	0	0	0
NZ_LR134378.1	5p	+	32	557	896	952	496	2901	46	17	12	20	4	3	28	6	8	2	32	7	0	1	0	0	0	0	0	0	0
NZ_LR134378.1	5p	+	33	487	865	918	435	2705	58	20	21	14	3	1	25	12	6	2	17	5	0	1	1	0	0	0	0	1	0
NZ_LR134378.1	5p	+	34	441	846	773	450	2510	42	16	6	15	2	1	18	11	7	4	19	7	1	0	0	0	0	0	0	0	0
NZ_LR134378.1	5p	+	35	407	767	765	395	2334	35	20	14	19	3	2	25	3	5	0	17	12	0	0	0	0	0	0	0	0	0
NZ_LR134378.1	5p	+	36	375	700	737	357	2169	31	17	15	18	3	2	26	9	4	2	20	6	0	0	1	0	0	0	0	0	0
NZ_LR134378.1	5p	+	37	363	652	655	346	2016	41	14	9	8	3	4	19	6	1	2	21	5	0	0	0	0	0	1	0	0	0
NZ_LR134378.1	5p	+	38	347	616	624	305	1892	36	13	10	9	1	2	17	7	3	0	9	3	0	0	0	0	0	0	0	0	0
NZ_LR134378.1	5p	+	39	332	582	591	281	1786	23	14	9	7	4	5	15	4	3	0	19	4	0	0	0	0	0	0	1	0	0
NZ_LR134378.1	5p	+	40	340	530	524	284	1678	28	7	6	8	1	1	12	4	3	7	17	6	0	0	0	0	0	0	0	0	0
NZ_LR134378.1	5p	+	41	274	485	521	305	1585	30	7	9	11	3	3	14	5	1	2	21	4	0	0	0	0	0	0	0	0	0
NZ_LR134378.1	5p	+	42	296	458	495	256	1505	24	3	12	7	1	1	17	4	3	3	11	4	0	0	1	0	0	0	0	0	0
NZ_LR134378.1	5p	+	43	255	421	443	273	1392	22	11	7	11	1	0	10	3	1	3	11	6	0	0	1	0	0	0	0	0	0
NZ_LR134378.1	5p	+	44	241	422	415	210	1288	21	11	8	5	2	0	13	0	3	2	12	3	0	0	0	1	0	0	0	1	0
NZ_LR134378.1	5p	+	45	229	394	364	202	1189	16	9	9	9	3	1	12	4	3	1	13	2	0	0	0	0	0	0	1	1	0
NZ_LR134378.1	5p	+	46	228	352	344	179	1103	18	4	5	7	1	0	12	3	1	2	10	3	0	0	0	0	0	0	1	0	0
NZ_LR134378.1	5p	+	47	174	355	326	163	1018	20	9	8	6	1	2	9	4	4	0	9	2	0	0	0	0	0	0	0	1	0
NZ_LR134378.1	5p	+	48	194	284	328	151	957	12	5	8	7	2	0	6	3	2	2	3	2	0	0	0	0	0	0	0	0	0
NZ_LR134378.1	5p	+	49	157	274	274	184	889	11	1	3	4	1	1	8	2	2	0	7	4	0	0	0	0	0	0	0	0	0
NZ_LR134378.1	5p	+	50	136	278	258	162	834	15	4	5	5	1	0	5	0	0	1	4	5	0	0	0	0	0	0	0	0	0
NZ_LR134378.1	5p	+	51	129	245	267	150	791	14	5	5	5	0	0	4	4	1	0	10	3	0	0	0	0	0	0	0	0	0
NZ_LR134378.1	5p	+	52	127	244	239	140	750	10	6	4	3	1	2	6	0	2	1	10	0	1	0	0	0	0	0	0	0	0
NZ_LR134378.1	5p	+	53	111	249	223	126	709	8	5	3	7	2	1	7	2	2	1	11	1	0	0	0	0	0	0	0	0	0
NZ_LR134378.1	5p	+	54	121	222	221	110	674	5	6	3	5	2	0	9	1	1	1	11	1	0	0	0	0	0	0	0	0	0
NZ_LR134378.1	5p	+	55	133	212	177	120	642	6	5	3	4	2	1	6	2	0	0	3	2	0	0	0	0	0	0	0	0	0
NZ_LR134378.1	5p	+	56	90	210	189	114	603	11	4	7	3	1	1	8	2	1	0	4	3	0	0	0	0	0	0	0	0	0
NZ_LR134378.1	5p	+	57	89	187	198	99	573	4	1	4	3	1	1	7	2	1	0	9	1	0	0	0	0	0	0	0	0	0
NZ_LR134378.1	5p	+	58	104	169	179	89	541	7	0	4	3	0	3	7	1	0	0	6	5	0	0	0	0	0	0	0	0	0
NZ_LR134378.1	5p	+	59	104	188	156	73	521	5	3	2	2	1	0	2	1	4	0	5	4	0	0	0	0	0	1	0	0	0
NZ_LR134378.1	5p	+	60	103	156	171	72	502	5	3	0	4	2	0	2	2	1	2	3	2	0	0	0	0	0	0	0	0	0
NZ_LR134378.1	5p	+	61	93	161	148	86	488	5	1	5	2	0	1	5	1	1	0	4	1	0	0	0	0	0	0	0	0	0
NZ_LR134378.1	5p	+	62	91	143	149	83	466	3	1	2	0	0	0	6	2	1	1	4	1	1	0	0	0	0	0	0	1	0
NZ_LR134378.1	5p	+	63	78	152	153	68	451	8	4	3	3	1	0	6	0	0	0	3	0	0	0	0	0	0	0	0	0	0
NZ_LR134378.1	5p	+	64	79	146	128	82	435	3	2	0	1	1	0	4	2	3	1	6	0	0	0	0	0	0	0	0	0	0
NZ_LR134378.1	5p	+	65	87	144	113	68	412	3	4	2	2	0	1	9	0	0	0	4	2	0	0	0	0	0	0	0	0	0
NZ_LR134378.1	5p	+	66	64	135	124	68	391	2	2	2	4	0	0	4	1	0	0	4	2	0	0	0	0	0	0	0	0	0
NZ_LR134378.1	5p	+	67	60	123	121	76	380	3	4	0	4	0	0	3	0	2	0	3	1	0	0	0	0	0	0	0	0	0
NZ_LR134378.1	5p	+	68	56	113	118	72	359	4	2	1	4	1	0	2	0	0	0	7	0	0	0	0	0	0	0	0	0	0
NZ_LR134378.1	5p	+	69	66	119	99	59	343	2	0	4	3	0	0	3	2	0	1	4	2	0	0	0	0	0	0	0	0	0
NZ_LR134378.1	5p	+	70	61	108	114	56	339	1	0	1	3	1	0	2	2	1	1	2	2	0	0	0	0	0	0	0	0	0
NZ_LR134378.1	5p	-	1	532	1108	941	724	3305	15	193	18	17	10	11	39	12	8	7	39	19	0	0	0	0	0	0	0	0	0
NZ_LR134378.1	5p	-	2	598	1086	934	687	3305	26	105	23	24	10	6	36	14	6	6	35	11	0	1	0	0	0	0	0	0	0
NZ_LR134378.1	5p	-	3	574	1051	1113	566	3304	28	69	31	31	7	5	40	11	5	8	38	9	0	1	1	0	0	0	1	0	0
NZ_LR134378.1	5p	-	4	640	1023	986	655	3304	25	62	17	23	6	4	21	11	8	2	24	13	0	0	0	1	0	0	0	1	0
NZ_LR134378.1	5p	-	5	538	1121	1030	614	3303	19	54	21	18	6	3	38	13	7	9	30	12	1	0	1	0	0	2	0	0	0
NZ_LR134378.1	5p	-	6	563	1082	1110	546	3301	21	44	31	22	6	6	37	12	5	2	29	12	0	0	2	2	1	0	2	1	0
NZ_LR134378.1	5p	-	7	567	1059	1063	616	3305	16	41	11	14	5	3	21	11	7	2	32	10	1	0	0	0	0	0	0	0	0
NZ_LR134378.1	5p	-	8	536	1105	1049	614	3304	25	39	19	20	11	3	26	21	5	4	21	5	0	2	0	1	0	0	1	0	0
NZ_LR134378.1	5p	-	9	592	1056	1117	539	3304	32	30	24	23	13	5	31	11	9	3	26	11	1	2	0	1	1	0	0	0	0
NZ_LR134378.1	5p	-	10	611	1014	1037	640	3302	28	32	14	21	7	9	22	8	2	3	33	6	0	0	0	0	0	1	0	2	0
NZ_LR134378.1	5p	-	11	542	1114	1069	579	3304	14	28	20	14	6	1	26	6	4	1	29	12	0	0	0	1	0	0	1	0	0
NZ_LR134378.1	5p	-	12	596	1034	1145	528	3303	35	34	21	19	7	2	34	10	7	1	39	12	0	0	0	0	0	0	2	0	0
NZ_LR134378.1	5p	-	13	544	1039	1112	607	3302	26	25	13	13	3	2	27	7	4	3	29	5	2	0	1	1	1	2	0	0	0
NZ_LR134378.1	5p	-	14	508	1144	1066	587	3305	20	28	19	19	6	3	30	6	7	3	32	11	1	0	1	0	0	0	0	0	0
NZ_LR134378.1	5p	-	15	517	1088	1177	521	3303	31	32	26	16	7	2	28	8	2	2	27	8	0	0	0	0	0	0	0	2	0
NZ_LR134378.1	5p	-	16	611	1012	1126	554	3303	24	33	14	15	4	3	22	14	7	2	26	5	1	0	0	0	0	1	1	0	0
NZ_LR134378.1	5p	-	17	532	1132	1063	576	3303	28	25	19	30	2	2	27	11	3	1	29	10	0	0	0	0	0	1	0	1	0
NZ_LR134378.1	5p	-	18	547	1132	1081	543	3303	19	24	24	20	5	4	30	9	2	3	25	7	0	0	0	0	0	0	2	0	0
NZ_LR134378.1	5p	-	19	600	1037	1063	603	3303	22	20	20	21	6	2	29	10	7	0	27	6	0	0	1	1	0	0	0	2	0
NZ_LR134378.1	5p	-	20	509	1111	1103	582	3305	32	28	23	17	4	0	32	8	2	2	28	8	0	0	1	1	0	0	0	0	0
NZ_LR134378.1	5p	-	21	586	1100	1083	536	3305	25	34	16	22	6	5	27	9	7	3	32	15	0	1	0	0	0	0	0	0	0
NZ_LR134378.1	5p	-	22	583	1054	1033	633	3303	17	26	17	15	7	2	19	7	4	4	25	9	1	0	0	0	0	1	0	1	0
NZ_LR134378.1	5p	-	23	516	1138	1055	595	3304	25	27	15	26	7	3	34	13	8	1	22	6	0	0	0	0	0	0	1	0	0
NZ_LR134378.1	5p	-	24	516	1082	1126	581	3305	26	23	17	13	4	4	35	16	3	2	24	4	0	0	1	1	0	0	0	0	0
NZ_LR134378.1	5p	-	25	607	1081	1039	578	3305	33	29	22	19	4	1	26	9	4	3	27	5	0	0	0	0	0	0	0	0	0
NZ_LR134378.1	5p	-	26	559	1108	1034	604	3305	32	27	11	12	8	5	31	13	4	4	27	6	0	0	0	1	0	0	0	0	0
NZ_LR134378.1	5p	-	27	531	1074	1171	528	3304	51	17	22	19	7	3	31	5	5	3	38	10	0	0	0	0	0	1	0	0	0
NZ_LR134378.1	5p	-	28	585	1099	1033	588	3305	36	23	16	18	6	4	33	9	3	2	22	5	0	0	0	0	0	0	0	0	0
NZ_LR134378.1	5p	-	29	539	1151	1053	561	3304	45	32	21	25	4	4	37	11	6	4	29	6	0	0	0	0	1	0	0	0	0
NZ_LR134378.1	5p	-	30	578	1083	1128	516	3305	76	27	26	22	7	3	36	11	5	2	25	8	0	0	0	1	0	0	0	0	0
NZ_LR134378.1	5p	-	31	593	934	963	567	3057	58	14	15	17	4	0	24	12	2	2	33	8	1	1	0	1	0	0	0	0	0
NZ_LR134378.1	5p	-	32	498	913	906	508	2825	61	17	19	18	7	0	23	12	3	2	26	6	0	0	0	0	0	0	0	0	0
NZ_LR134378.1	5p	-	33	425	837	853	484	2599	44	20	22	17	3	2	24	5	9	3	25	4	0	1	1	0	0	0	0	0	0
NZ_LR134378.1	5p	-	34	452	776	740	455	2423	35	14	9	14	5	3	23	8	1	4	15	3	0	0	0	0	0	0	1	1	0
NZ_LR134378.1	5p	-	35	364	738	747	414	2263	34	16	12	18	1	3	20	7	4	2	16	5	0	0	0	0	0	1	0	0	0
NZ_LR134378.1	5p	-	36	398	633	723	361	2115	37	13	9	10	4	1	23	9	5	2	24	4	0	0	0	1	0	0	0	2	0
NZ_LR134378.1	5p	-	37	364	635	607	370	1976	27	18	5	10	2	2	17	10	3	2	19	5	0	0	0	0	0	0	1	0	0
NZ_LR134378.1	5p	-	38	285	640	622	316	1863	41	14	3	12	3	1	22	8	3	3	9	2	0	0	0	0	0	0	0	0	0
NZ_LR134378.1	5p	-	39	314	577	573	293	1757	38	8	12	8	5	1	21	7	3	3	14	4	0	0	0	0	0	1	0	1	0
NZ_LR134378.1	5p	-	40	311	527	523	306	1667	25	13	8	5	1	1	12	4	3	2	10	3	0	0	0	0	0	0	0	0	0
NZ_LR134378.1	5p	-	41	277	500	538	261	1576	34	15	6	9	3	0	16	4	3	1	13	4	0	0	0	0	0	0	0	0	0
NZ_LR134378.1	5p	-	42	249	483	528	253	1513	37	6	13	9	2	0	7	5	2	1	17	4	0	0	0	0	0	0	0	0	0
NZ_LR134378.1	5p	-	43	238	433	423	275	1369	31	11	5	8	1	2	14	4	4	4	13	1	0	0	0	0	0	0	0	0	0
NZ_LR134378.1	5p	-	44	234	403	417	218	1272	23	7	7	7	2	2	15	1	2	1	14	3	0	0	0	0	0	0	0	0	0
NZ_LR134378.1	5p	-	45	204	375	392	207	1178	16	6	12	3	5	1	9	7	2	0	10	3	0	0	0	0	0	0	0	0	0
NZ_LR134378.1	5p	-	46	200	323	354	210	1087	15	5	3	3	1	0	3	0	1	1	7	3	0	0	0	0	0	0	0	0	0
NZ_LR134378.1	5p	-	47	180	347	297	183	1007	15	6	6	7	2	0	13	5	1	0	7	5	0	0	0	0	0	0	0	0	0
NZ_LR134378.1	5p	-	48	176	293	296	176	941	12	10	2	11	0	0	9	3	2	0	12	2	0	0	0	0	0	0	0	1	0
NZ_LR134378.1	5p	-	49	167	246	292	159	864	12	6	5	8	0	0	8	2	1	1	8	0	0	0	0	0	0	0	0	0	0
NZ_LR134378.1	5p	-	50	137	265	267	135	804	16	1	5	3	0	2	4	2	0	1	5	1	0	0	0	0	0	0	0	0	0
NZ_LR134378.1	5p	-	51	137	234	259	115	745	4	8	5	3	1	0	7	5	1	0	10	1	0	0	0	0	0	0	0	0	0
NZ_LR134378.1	5p	-	52	138	210	227	131	706	4	5	4	2	0	0	4	4	1	1	4	0	0	0	0	0	0	0	0	0	0
NZ_LR134378.1	5p	-	53	105	223	215	115	658	8	1	4	1	1	0	6	0	0	0	4	4	0	0	0	0	0	0	0	0	0
NZ_LR134378.1	5p	-	54	105	197	208	103	613	11	4	3	2	1	0	7	2	1	0	7	1	0	0	0	0	0	0	0	0	0
NZ_LR134378.1	5p	-	55	117	171	171	123	582	7	4	5	3	0	1	5	6	0	0	8	0	0	0	0	0	0	0	0	0	0
NZ_LR134378.1	5p	-	56	78	196	178	104	556	5	0	1	4	0	0	3	0	0	1	5	2	0	0	0	0	0	0	0	0	0
NZ_LR134378.1	5p	-	57	99	166	189	81	535	6	1	2	3	0	0	3	4	1	1	5	2	0	0	0	0	0	0	0	0	0
NZ_LR134378.1	5p	-	58	80	154	158	114	506	4	5	2	5	0	0	4	2	2	0	3	0	0	0	0	0	0	0	0	1	0
NZ_LR134378.1	5p	-	59	83	156	159	97	495	3	6	4	1	2	1	4	1	2	0	4	0	0	0	0	0	0	0	0	0	0
NZ_LR134378.1	5p	-	60	82	159	153	87	481	3	2	2	1	0	0	5	0	1	1	8	3	0	0	0	0	0	0	0	0	0
NZ_LR134378.1	5p	-	61	93	132	152	90	467	1	0	2	2	0	0	5	2	0	0	5	1	0	0	0	1	0	0	0	0	0
NZ_LR134378.1	5p	-	62	69	152	150	82	453	5	1	2	4	1	0	4	3	0	0	6	1	0	0	0	0	0	0	0	0	0
NZ_LR134378.1	5p	-	63	73	143	150	71	437	5	3	2	4	3	1	6	1	1	0	4	1	0	0	0	0	0	0	0	0	0
NZ_LR134378.1	5p	-	64	74	142	138	72	426	2	3	3	4	1	0	8	0	0	0	3	0	0	0	0	0	0	0	0	0	0
NZ_LR134378.1	5p	-	65	75	138	122	62	397	6	6	3	2	2	0	6	3	1	0	1	0	0	0	0	1	0	0	0	0	0
NZ_LR134378.1	5p	-	66	68	140	104	67	379	8	2	4	3	0	0	5	5	1	0	2	0	0	0	0	0	0	0	0	0	0
NZ_LR134378.1	5p	-	67	56	123	111	66	356	4	0	1	2	1	0	2	2	0	2	7	0	0	0	0	0	0	0	0	0	0
NZ_LR134378.1	5p	-	68	61	102	113	65	341	4	0	1	3	0	0	3	3	0	1	4	0	0	0	0	0	0	0	0	0	0
NZ_LR134378.1	5p	-	69	48	117	101	54	320	5	3	0	2	1	0	5	2	0	1	2	0	0	0	0	0	0	0	0	0	0
NZ_LR134378.1	5p	-	70	59	87	98	61	305	2	4	0	2	0	0	1	2	0	2	3	0	0	0	0	0	0	0	0	0	0
