# table produced by mapDamage version 2.2.3
# using mapped file /mnt/archgen/microbiome_calculus/library_ds_vs_ss/04-analysis/normalize_kraken/mapping/neisseria_elongata/out/GOY005.A0101.SG1.2_5M.mapped_n_elongata_q25l30_rmdup.bam and /mnt/archgen/microbiome_calculus/library_ds_vs_ss/04-analysis/normalize_kraken/mapping/neisseria_elongata/input/GCF_900453895.1_42925_E01_genomic.fna as reference file
# Chr: reference from sam/bam header, End: from which termini of DNA sequences, Std: strand of reads
Chr	End	Std	Pos	A	C	G	T	Total	G>A	C>T	A>G	T>C	A>C	A>T	C>G	C>A	T>G	T>A	G>C	G>T	A>-	T>-	C>-	G>-	->A	->T	->C	->G	S
NZ_UGQW01000001.1	3p	+	1	422	338	594	401	1755	152	7	10	10	0	0	8	5	5	2	1	3	0	0	0	0	0	0	0	0	0
NZ_UGQW01000001.1	3p	+	2	460	423	472	400	1755	76	18	7	15	2	3	7	4	1	4	4	4	0	0	0	0	0	0	0	0	0
NZ_UGQW01000001.1	3p	+	3	429	461	456	409	1755	52	19	11	13	1	1	4	4	2	0	5	5	0	0	0	0	0	0	0	0	0
NZ_UGQW01000001.1	3p	+	4	402	446	480	427	1755	46	11	4	12	4	1	3	2	1	0	3	2	0	0	0	0	0	0	0	0	0
NZ_UGQW01000001.1	3p	+	5	396	453	506	400	1755	46	19	6	5	2	1	2	2	0	0	2	2	0	0	0	0	0	0	0	0	0
NZ_UGQW01000001.1	3p	+	6	360	503	526	366	1755	38	19	5	13	1	0	3	2	0	1	3	4	0	0	0	0	0	0	0	0	0
NZ_UGQW01000001.1	3p	+	7	364	449	552	390	1755	31	8	4	9	1	1	3	2	2	1	2	5	0	0	0	0	0	0	0	0	0
NZ_UGQW01000001.1	3p	+	8	367	512	507	369	1755	28	11	11	5	1	0	0	4	1	1	0	2	0	0	0	0	0	0	0	0	0
NZ_UGQW01000001.1	3p	+	9	356	513	538	348	1755	29	10	11	9	3	1	4	3	2	1	3	3	0	0	0	0	0	0	0	0	0
NZ_UGQW01000001.1	3p	+	10	340	464	562	388	1754	16	8	9	10	2	1	2	4	2	1	2	1	0	0	0	0	0	1	0	0	0
NZ_UGQW01000001.1	3p	+	11	363	465	548	379	1755	25	15	2	13	0	1	3	0	2	0	6	1	0	0	0	0	0	0	0	0	0
NZ_UGQW01000001.1	3p	+	12	343	502	522	387	1754	21	10	7	15	1	0	3	5	0	3	5	5	0	0	0	0	0	0	1	0	0
NZ_UGQW01000001.1	3p	+	13	329	470	550	406	1755	19	10	9	9	1	0	3	4	2	0	1	3	0	0	0	0	0	0	0	0	0
NZ_UGQW01000001.1	3p	+	14	367	455	540	393	1755	9	4	10	17	4	0	0	3	5	1	0	1	0	0	0	0	0	0	0	0	0
NZ_UGQW01000001.1	3p	+	15	372	500	505	378	1755	15	10	8	17	1	1	3	1	1	1	6	3	0	1	0	0	0	0	0	0	0
NZ_UGQW01000001.1	3p	+	16	363	478	557	356	1754	12	14	11	16	5	1	4	3	2	3	0	4	0	0	0	0	1	0	0	0	0
NZ_UGQW01000001.1	3p	+	17	322	523	548	362	1755	12	12	7	10	3	2	2	5	4	0	2	3	1	0	0	0	0	0	0	0	0
NZ_UGQW01000001.1	3p	+	18	332	519	557	347	1755	11	12	14	13	2	0	2	3	2	0	2	4	0	0	0	0	0	0	0	0	0
NZ_UGQW01000001.1	3p	+	19	352	483	580	340	1755	11	7	5	15	0	0	0	1	4	0	5	0	0	0	0	0	0	0	0	0	0
NZ_UGQW01000001.1	3p	+	20	334	503	567	351	1755	13	13	6	11	2	3	2	2	0	1	4	1	0	0	0	1	0	0	0	0	0
NZ_UGQW01000001.1	3p	+	21	359	500	520	376	1755	11	16	16	8	2	2	3	3	5	0	2	1	0	0	0	0	0	0	0	0	0
NZ_UGQW01000001.1	3p	+	22	345	500	539	371	1755	13	8	6	11	6	2	4	2	2	1	1	3	0	0	0	0	0	0	0	0	0
NZ_UGQW01000001.1	3p	+	23	373	448	563	371	1755	12	9	9	8	0	0	0	4	2	0	2	3	0	0	0	0	0	0	0	0	0
NZ_UGQW01000001.1	3p	+	24	352	552	501	350	1755	11	22	8	15	1	2	5	2	3	2	2	1	0	0	0	0	0	0	0	0	0
NZ_UGQW01000001.1	3p	+	25	352	519	520	364	1755	14	21	4	10	2	0	3	2	1	1	3	7	0	0	0	0	0	0	0	0	0
NZ_UGQW01000001.1	3p	+	26	363	470	563	359	1755	23	22	7	13	3	2	2	2	3	1	4	2	0	0	0	0	0	0	0	0	0
NZ_UGQW01000001.1	3p	+	27	353	493	511	398	1755	5	19	9	16	1	3	6	2	1	0	2	3	0	0	0	0	0	0	0	0	0
NZ_UGQW01000001.1	3p	+	28	347	519	500	388	1754	9	18	9	6	2	0	2	2	3	2	5	1	0	0	0	0	1	0	0	0	0
NZ_UGQW01000001.1	3p	+	29	381	493	499	382	1755	11	23	9	10	3	2	2	3	0	2	3	4	0	0	0	0	0	0	0	0	0
NZ_UGQW01000001.1	3p	+	30	380	510	475	389	1754	9	36	10	14	1	1	3	7	1	0	5	3	0	0	0	0	0	1	0	0	0
NZ_UGQW01000001.1	3p	+	31	374	459	460	381	1674	6	27	5	8	1	2	2	0	1	2	1	1	1	0	0	0	0	0	0	0	0
NZ_UGQW01000001.1	3p	+	32	340	447	443	334	1564	22	29	11	12	0	2	4	2	2	0	0	5	0	0	1	0	0	0	0	1	0
NZ_UGQW01000001.1	3p	+	33	314	440	401	307	1462	11	37	8	9	0	0	1	0	0	2	3	2	0	0	0	0	0	0	0	0	0
NZ_UGQW01000001.1	3p	+	34	273	406	377	316	1372	7	30	5	8	0	0	2	2	1	0	4	3	0	0	0	0	0	0	0	0	0
NZ_UGQW01000001.1	3p	+	35	267	378	379	274	1298	10	23	7	6	1	1	0	1	2	0	2	4	0	0	0	0	0	1	0	0	0
NZ_UGQW01000001.1	3p	+	36	252	337	346	277	1212	9	31	5	8	2	1	1	0	2	1	3	5	0	0	0	0	0	0	0	0	0
NZ_UGQW01000001.1	3p	+	37	226	317	343	247	1133	7	21	0	10	1	3	1	2	1	0	0	3	0	0	0	0	0	0	0	0	0
NZ_UGQW01000001.1	3p	+	38	227	306	302	232	1067	4	16	4	6	0	0	1	2	1	0	2	2	0	0	0	1	0	0	0	0	0
NZ_UGQW01000001.1	3p	+	39	208	292	283	219	1002	7	21	8	2	3	1	1	3	1	1	2	2	0	0	0	0	0	0	0	0	0
NZ_UGQW01000001.1	3p	+	40	213	242	277	209	941	6	14	5	7	1	0	2	3	0	0	4	0	0	0	0	0	0	0	0	0	0
NZ_UGQW01000001.1	3p	+	41	187	265	238	201	891	8	24	3	5	0	2	0	1	1	1	1	1	0	0	0	0	0	0	0	0	0
NZ_UGQW01000001.1	3p	+	42	178	253	251	162	844	8	22	4	5	1	1	1	0	1	1	2	3	0	0	0	0	0	1	0	0	0
NZ_UGQW01000001.1	3p	+	43	163	225	233	165	786	7	14	3	3	1	0	0	0	1	0	4	2	0	0	0	1	0	0	0	0	0
NZ_UGQW01000001.1	3p	+	44	151	191	214	174	730	4	21	3	7	0	0	0	2	3	1	2	3	0	0	0	0	0	0	0	0	0
NZ_UGQW01000001.1	3p	+	45	165	180	183	147	675	5	20	1	5	0	1	0	2	1	0	1	1	0	0	0	0	0	0	0	0	0
NZ_UGQW01000001.1	3p	+	46	145	192	146	147	630	2	25	2	4	1	2	0	0	0	1	1	2	0	0	0	0	0	0	0	0	0
NZ_UGQW01000001.1	3p	+	47	115	185	159	130	589	4	18	3	7	0	0	1	1	1	0	0	2	0	1	0	0	0	0	0	0	0
NZ_UGQW01000001.1	3p	+	48	129	139	143	127	538	3	11	4	5	0	0	0	0	0	1	2	1	0	0	0	0	0	0	0	0	0
NZ_UGQW01000001.1	3p	+	49	130	127	134	111	502	2	9	3	4	0	1	1	0	1	1	1	0	0	0	0	0	0	0	0	0	0
NZ_UGQW01000001.1	3p	+	50	82	134	137	112	465	2	9	1	2	0	0	0	0	0	0	0	1	0	0	0	1	0	0	0	0	0
NZ_UGQW01000001.1	3p	+	51	95	129	109	105	438	2	8	4	1	0	0	1	0	0	0	0	1	0	0	0	0	0	0	0	0	0
NZ_UGQW01000001.1	3p	+	52	96	108	114	93	411	1	9	0	2	0	0	0	0	0	0	0	1	0	0	0	0	0	0	0	0	0
NZ_UGQW01000001.1	3p	+	53	79	111	109	84	383	4	10	1	2	0	0	0	1	0	0	1	0	0	0	0	1	0	1	0	0	0
NZ_UGQW01000001.1	3p	+	54	68	99	98	89	354	2	6	1	2	0	0	0	0	0	0	2	0	0	1	0	0	0	0	0	0	0
NZ_UGQW01000001.1	3p	+	55	76	106	74	75	331	3	5	1	2	1	0	0	0	1	0	0	1	0	0	0	0	0	0	0	0	0
NZ_UGQW01000001.1	3p	+	56	65	95	78	73	311	2	7	1	4	0	0	0	0	0	0	2	0	0	0	0	0	0	0	0	0	0
NZ_UGQW01000001.1	3p	+	57	77	74	65	66	282	0	6	1	0	1	0	1	0	0	0	0	2	0	0	0	0	0	0	0	0	0
NZ_UGQW01000001.1	3p	+	58	60	73	70	69	272	3	7	0	2	0	0	0	0	0	0	1	0	0	0	0	0	0	0	0	0	0
NZ_UGQW01000001.1	3p	+	59	55	78	69	52	254	0	12	3	2	0	0	0	0	0	0	0	2	0	0	0	0	0	0	0	0	0
NZ_UGQW01000001.1	3p	+	60	54	66	57	57	234	0	1	0	1	0	0	0	1	0	0	0	0	0	0	0	0	0	0	0	1	0
NZ_UGQW01000001.1	3p	+	61	56	51	55	55	217	0	2	2	1	0	0	0	0	0	0	0	1	0	0	0	0	0	0	0	0	0
NZ_UGQW01000001.1	3p	+	62	52	53	59	42	206	1	4	0	1	0	0	0	1	0	0	0	1	0	0	0	0	0	0	0	0	0
NZ_UGQW01000001.1	3p	+	63	52	53	49	42	196	2	3	1	1	2	0	0	0	0	0	1	1	0	0	0	0	0	0	0	0	0
NZ_UGQW01000001.1	3p	+	64	40	47	48	48	183	2	4	0	2	0	0	0	0	1	0	0	1	0	0	0	0	0	0	0	0	0
NZ_UGQW01000001.1	3p	+	65	40	48	43	40	171	0	3	0	1	0	0	0	0	0	0	0	0	0	0	0	0	0	0	0	0	0
NZ_UGQW01000001.1	3p	+	66	36	40	50	32	158	2	1	0	3	0	0	0	0	0	0	0	0	0	0	0	0	0	0	0	0	0
NZ_UGQW01000001.1	3p	+	67	30	46	35	35	146	1	3	0	2	0	0	0	0	0	0	0	0	0	0	0	0	0	0	0	0	0
NZ_UGQW01000001.1	3p	+	68	31	34	43	23	131	1	1	3	0	0	0	0	0	0	0	0	1	0	0	0	0	0	0	0	0	0
NZ_UGQW01000001.1	3p	+	69	35	34	31	23	123	0	3	0	0	0	0	0	0	0	0	0	0	0	0	0	0	0	0	0	0	0
NZ_UGQW01000001.1	3p	+	70	22	40	38	18	118	1	0	0	0	0	0	0	0	0	0	0	0	0	0	0	0	0	0	0	0	0
NZ_UGQW01000001.1	3p	-	1	438	391	533	440	1802	126	11	13	10	2	6	6	4	3	2	0	4	0	0	0	0	0	0	0	0	0
NZ_UGQW01000001.1	3p	-	2	503	434	463	402	1802	90	13	16	15	1	1	3	2	2	3	1	3	0	0	0	0	0	0	0	0	0
NZ_UGQW01000001.1	3p	-	3	446	523	434	399	1802	59	9	13	15	5	0	1	1	6	2	3	1	0	0	0	0	0	0	0	0	0
NZ_UGQW01000001.1	3p	-	4	457	466	495	384	1802	52	8	11	9	0	1	3	5	0	2	2	2	0	0	0	0	0	0	0	0	0
NZ_UGQW01000001.1	3p	-	5	400	506	518	378	1802	39	14	10	6	1	1	5	2	1	2	2	5	0	0	1	0	0	0	0	0	0
NZ_UGQW01000001.1	3p	-	6	390	545	472	395	1802	43	13	16	14	1	2	3	6	1	0	0	3	0	1	0	0	0	0	0	0	0
NZ_UGQW01000001.1	3p	-	7	395	511	518	378	1802	30	12	7	7	1	1	2	5	3	1	3	4	1	0	0	0	0	0	0	0	0
NZ_UGQW01000001.1	3p	-	8	374	493	555	379	1801	36	5	14	7	1	0	3	5	2	0	2	2	0	0	0	0	0	1	0	0	0
NZ_UGQW01000001.1	3p	-	9	383	504	504	410	1801	35	8	14	6	4	0	0	5	6	6	2	4	0	0	0	0	0	1	0	0	0
NZ_UGQW01000001.1	3p	-	10	399	527	480	396	1802	15	13	11	4	5	0	0	3	4	1	4	2	0	0	0	0	0	0	0	0	0
NZ_UGQW01000001.1	3p	-	11	370	557	520	355	1802	23	16	11	9	1	0	3	0	1	1	1	5	0	0	0	0	0	0	0	0	0
NZ_UGQW01000001.1	3p	-	12	356	571	529	345	1801	20	11	13	3	4	2	4	4	2	0	4	1	0	0	0	0	0	1	0	0	0
NZ_UGQW01000001.1	3p	-	13	401	531	495	375	1802	15	11	8	11	1	0	4	2	4	0	4	5	0	0	0	0	0	0	0	0	0
NZ_UGQW01000001.1	3p	-	14	376	498	543	385	1802	17	7	15	4	4	1	3	4	2	4	3	3	0	0	0	0	0	0	0	0	0
NZ_UGQW01000001.1	3p	-	15	375	545	493	389	1802	13	7	11	16	3	0	1	2	1	0	3	3	1	0	0	0	0	0	0	0	0
NZ_UGQW01000001.1	3p	-	16	393	517	512	380	1802	17	13	14	7	1	0	3	4	3	0	1	5	0	0	0	0	0	0	0	0	0
NZ_UGQW01000001.1	3p	-	17	377	544	529	352	1802	18	11	9	9	2	2	1	0	4	1	0	3	0	0	0	0	0	0	0	0	0
NZ_UGQW01000001.1	3p	-	18	391	561	504	346	1802	19	11	10	10	3	1	5	6	1	0	2	1	0	0	0	0	0	0	0	0	0
NZ_UGQW01000001.1	3p	-	19	396	513	531	362	1802	7	8	10	8	1	0	0	1	2	1	2	2	0	0	0	0	0	0	0	0	0
NZ_UGQW01000001.1	3p	-	20	365	523	548	366	1802	8	14	11	7	0	2	0	4	2	0	4	2	0	0	0	0	0	0	0	0	0
NZ_UGQW01000001.1	3p	-	21	383	583	506	330	1802	19	15	14	11	4	1	3	2	3	0	3	2	0	0	0	0	0	0	0	0	0
NZ_UGQW01000001.1	3p	-	22	373	497	520	412	1802	11	9	11	11	2	1	1	4	1	2	2	1	1	0	0	2	0	0	0	0	0
NZ_UGQW01000001.1	3p	-	23	380	516	538	368	1802	15	14	18	7	2	0	4	1	5	0	1	4	0	0	1	0	0	0	0	0	0
NZ_UGQW01000001.1	3p	-	24	371	596	472	363	1802	12	22	10	11	2	0	4	3	4	2	3	2	0	0	0	0	0	0	0	0	0
NZ_UGQW01000001.1	3p	-	25	367	569	493	373	1802	13	24	11	8	3	0	5	4	1	1	2	2	0	0	0	0	0	0	0	0	0
NZ_UGQW01000001.1	3p	-	26	333	538	543	388	1802	15	16	16	17	0	1	3	5	1	3	5	2	1	0	0	0	0	0	0	0	0
NZ_UGQW01000001.1	3p	-	27	388	580	499	335	1802	14	18	13	8	2	1	4	7	1	1	1	2	0	0	0	0	0	0	0	0	0
NZ_UGQW01000001.1	3p	-	28	394	499	501	408	1802	15	24	10	8	1	1	3	5	1	0	1	1	0	0	0	0	0	0	0	0	0
NZ_UGQW01000001.1	3p	-	29	409	525	494	374	1802	18	25	10	10	1	1	3	3	4	2	2	5	0	0	0	0	0	0	0	0	0
NZ_UGQW01000001.1	3p	-	30	375	525	520	382	1802	12	33	10	8	3	1	2	6	2	1	1	1	0	0	0	0	0	0	0	0	0
NZ_UGQW01000001.1	3p	-	31	388	473	444	400	1705	8	31	7	8	1	2	2	3	6	1	3	3	0	0	0	0	0	1	0	0	0
NZ_UGQW01000001.1	3p	-	32	375	463	443	348	1629	13	38	11	4	2	3	3	1	2	0	5	5	0	0	2	0	0	0	0	0	0
NZ_UGQW01000001.1	3p	-	33	347	478	378	319	1522	10	26	7	8	2	1	1	4	2	1	1	5	0	0	1	0	0	0	0	1	0
NZ_UGQW01000001.1	3p	-	34	328	389	379	345	1441	9	34	9	9	2	0	4	7	0	0	2	1	0	0	1	0	0	0	0	0	0
NZ_UGQW01000001.1	3p	-	35	286	386	377	291	1340	14	29	4	7	1	3	1	2	0	3	2	2	0	1	0	0	0	0	0	0	0
NZ_UGQW01000001.1	3p	-	36	301	394	302	274	1271	4	25	12	4	0	0	1	5	0	2	0	2	0	0	0	1	0	0	0	0	0
NZ_UGQW01000001.1	3p	-	37	266	346	294	261	1167	11	23	9	5	0	2	4	0	0	1	3	1	0	1	0	0	0	0	0	0	0
NZ_UGQW01000001.1	3p	-	38	238	327	315	208	1088	11	29	14	6	2	0	0	2	4	0	1	2	0	0	0	0	0	0	0	0	0
NZ_UGQW01000001.1	3p	-	39	239	294	281	201	1015	5	22	10	6	0	1	3	0	0	3	5	1	0	0	0	0	0	1	0	0	0
NZ_UGQW01000001.1	3p	-	40	229	287	236	213	965	8	15	10	3	1	1	3	3	0	0	2	2	0	0	0	0	0	0	0	0	0
NZ_UGQW01000001.1	3p	-	41	203	264	245	200	912	7	13	5	3	0	0	0	3	0	0	2	1	0	0	0	0	0	0	0	0	0
NZ_UGQW01000001.1	3p	-	42	206	276	206	187	875	9	22	11	4	0	1	5	1	1	0	0	0	0	0	0	0	0	0	0	0	0
NZ_UGQW01000001.1	3p	-	43	189	222	199	201	811	4	10	2	2	0	1	1	0	2	0	3	0	0	0	0	0	0	0	0	0	0
NZ_UGQW01000001.1	3p	-	44	146	224	207	168	745	6	17	7	4	1	0	1	1	0	0	1	1	0	0	0	0	0	0	0	0	0
NZ_UGQW01000001.1	3p	-	45	159	230	167	143	699	5	16	3	1	0	1	2	1	0	0	0	1	0	0	0	0	0	0	0	0	0
NZ_UGQW01000001.1	3p	-	46	149	183	173	139	644	7	14	1	2	0	0	2	0	0	0	1	1	0	0	0	0	0	0	0	0	0
NZ_UGQW01000001.1	3p	-	47	114	182	153	136	585	5	12	4	1	0	0	1	1	1	0	1	1	0	0	0	0	0	0	0	0	0
NZ_UGQW01000001.1	3p	-	48	109	182	147	114	552	1	12	6	2	1	0	1	0	1	0	0	1	0	0	0	0	0	0	0	0	0
NZ_UGQW01000001.1	3p	-	49	122	133	115	145	515	3	17	2	0	0	0	0	1	0	0	1	2	0	0	0	0	0	0	0	0	0
NZ_UGQW01000001.1	3p	-	50	101	145	130	103	479	1	11	3	1	0	1	0	0	1	0	2	0	0	0	0	0	0	0	0	0	0
NZ_UGQW01000001.1	3p	-	51	71	145	128	105	449	3	8	1	1	0	0	0	1	0	0	0	2	0	0	0	0	0	0	0	0	0
NZ_UGQW01000001.1	3p	-	52	98	138	99	93	428	3	7	1	1	1	0	0	0	0	0	0	0	0	0	0	0	0	0	0	0	0
NZ_UGQW01000001.1	3p	-	53	99	128	97	77	401	2	9	2	0	0	0	0	0	1	0	0	0	0	0	0	0	0	0	0	0	0
NZ_UGQW01000001.1	3p	-	54	80	121	105	72	378	2	14	1	4	3	0	0	0	1	0	0	0	0	0	0	0	0	0	0	0	0
NZ_UGQW01000001.1	3p	-	55	94	112	90	60	356	3	4	2	1	0	0	0	1	0	0	0	1	0	0	0	0	0	0	0	0	0
NZ_UGQW01000001.1	3p	-	56	74	100	89	64	327	3	8	4	2	0	0	0	0	0	0	0	1	0	0	0	0	0	0	0	0	0
NZ_UGQW01000001.1	3p	-	57	75	93	75	61	304	4	4	1	4	0	1	0	1	0	0	1	2	0	0	0	0	0	0	0	0	0
NZ_UGQW01000001.1	3p	-	58	76	80	70	63	289	1	3	0	0	0	0	0	0	2	0	1	0	0	0	0	0	0	0	0	0	0
NZ_UGQW01000001.1	3p	-	59	57	89	75	57	278	0	5	3	0	0	0	0	0	0	0	0	0	0	0	0	0	0	0	0	0	0
NZ_UGQW01000001.1	3p	-	60	57	73	68	65	263	0	5	2	0	0	0	0	1	0	0	0	0	0	0	0	0	0	0	0	0	0
NZ_UGQW01000001.1	3p	-	61	67	71	59	56	253	1	8	5	1	0	0	0	0	1	0	0	2	0	0	0	0	0	0	0	0	0
NZ_UGQW01000001.1	3p	-	62	54	79	73	36	242	3	8	1	0	0	0	1	0	0	0	1	0	0	0	0	0	0	0	0	0	0
NZ_UGQW01000001.1	3p	-	63	52	81	51	47	231	2	2	1	1	0	0	0	1	1	0	0	0	0	0	0	0	0	0	0	0	0
NZ_UGQW01000001.1	3p	-	64	46	63	50	57	216	0	6	1	0	0	0	0	0	0	0	1	0	0	0	0	0	0	0	0	0	0
NZ_UGQW01000001.1	3p	-	65	48	58	47	43	196	2	4	4	1	0	1	0	0	1	0	1	0	0	0	1	0	0	0	0	0	0
NZ_UGQW01000001.1	3p	-	66	57	57	45	25	184	0	2	1	0	0	1	0	0	0	0	1	0	0	0	0	0	0	0	0	0	0
NZ_UGQW01000001.1	3p	-	67	37	60	40	38	175	0	2	2	3	0	0	0	0	0	0	0	0	0	0	0	0	0	0	0	0	0
NZ_UGQW01000001.1	3p	-	68	42	53	42	23	160	2	4	3	1	1	0	1	1	1	0	1	1	0	0	0	0	0	0	0	0	0
NZ_UGQW01000001.1	3p	-	69	35	48	30	37	150	0	4	0	1	0	0	0	1	0	0	2	0	0	0	0	0	0	0	0	0	0
NZ_UGQW01000001.1	3p	-	70	33	46	33	32	144	1	4	0	1	0	0	1	0	0	0	0	0	0	0	0	0	0	0	0	0	0
NZ_UGQW01000001.1	5p	+	1	393	568	348	446	1755	9	123	6	15	3	2	1	2	2	0	5	5	0	0	0	0	0	0	0	0	0
NZ_UGQW01000001.1	5p	+	2	461	479	448	367	1755	15	87	9	10	1	2	2	1	3	2	7	8	0	0	0	0	0	0	0	0	0
NZ_UGQW01000001.1	5p	+	3	394	453	542	366	1755	11	34	12	7	1	1	2	4	2	2	6	0	0	0	0	1	0	0	0	0	0
NZ_UGQW01000001.1	5p	+	4	406	493	440	416	1755	10	48	7	12	2	3	2	0	1	1	6	2	0	0	0	0	0	0	0	0	0
NZ_UGQW01000001.1	5p	+	5	366	517	464	408	1755	10	35	9	16	0	3	1	5	1	1	4	5	0	0	0	1	0	0	0	0	0
NZ_UGQW01000001.1	5p	+	6	352	474	518	411	1755	11	40	9	13	2	1	2	2	3	1	5	6	0	0	0	0	0	0	0	0	0
NZ_UGQW01000001.1	5p	+	7	404	482	479	389	1754	8	31	8	11	5	1	5	0	1	0	2	2	0	1	0	0	0	1	0	0	0
NZ_UGQW01000001.1	5p	+	8	345	537	491	382	1755	18	35	7	13	0	1	5	2	3	1	2	6	0	0	0	0	0	0	0	0	0
NZ_UGQW01000001.1	5p	+	9	361	503	544	347	1755	12	34	7	10	0	2	2	1	2	0	2	7	0	1	0	0	0	0	0	0	0
NZ_UGQW01000001.1	5p	+	10	358	526	480	391	1755	13	33	5	10	0	1	2	5	3	3	6	5	0	0	0	0	0	0	0	0	0
NZ_UGQW01000001.1	5p	+	11	365	520	500	370	1755	12	29	9	14	1	2	2	2	4	1	1	1	0	0	0	1	0	0	0	0	0
NZ_UGQW01000001.1	5p	+	12	330	511	543	371	1755	8	27	8	10	3	0	4	3	1	1	6	3	0	0	1	0	0	0	0	0	0
NZ_UGQW01000001.1	5p	+	13	375	505	504	371	1755	11	15	7	10	1	1	1	6	4	1	0	3	0	0	0	0	0	0	0	0	0
NZ_UGQW01000001.1	5p	+	14	337	533	534	350	1754	13	11	8	7	5	3	2	3	0	0	5	1	0	0	0	0	0	1	0	0	0
NZ_UGQW01000001.1	5p	+	15	346	529	538	342	1755	8	19	14	10	1	1	1	2	3	1	2	1	1	0	0	0	0	0	0	0	0
NZ_UGQW01000001.1	5p	+	16	355	527	504	368	1754	9	15	8	9	3	1	2	0	2	0	2	5	0	0	0	0	0	0	0	1	0
NZ_UGQW01000001.1	5p	+	17	368	509	523	355	1755	8	13	9	15	3	2	1	2	5	0	5	2	0	0	0	1	0	0	0	0	0
NZ_UGQW01000001.1	5p	+	18	354	512	540	349	1755	16	13	7	17	3	0	4	1	1	1	2	4	0	0	0	0	0	0	0	0	0
NZ_UGQW01000001.1	5p	+	19	375	479	534	367	1755	8	11	8	15	0	0	2	2	2	0	2	1	0	0	0	0	0	0	0	0	0
NZ_UGQW01000001.1	5p	+	20	341	517	517	379	1754	12	21	7	13	2	2	1	4	3	0	5	2	0	0	0	0	0	0	1	0	0
NZ_UGQW01000001.1	5p	+	21	340	505	561	349	1755	10	14	9	14	2	0	3	4	1	1	4	5	0	0	0	0	0	0	0	0	0
NZ_UGQW01000001.1	5p	+	22	390	476	503	385	1754	12	13	12	14	0	3	2	2	0	2	0	2	0	0	0	0	0	0	0	1	0
NZ_UGQW01000001.1	5p	+	23	341	527	520	366	1754	8	13	7	8	2	1	5	2	4	1	2	0	0	0	0	0	0	1	0	0	0
NZ_UGQW01000001.1	5p	+	24	347	465	547	396	1755	15	21	6	15	6	0	2	1	1	1	4	1	0	0	0	0	0	0	0	0	0
NZ_UGQW01000001.1	5p	+	25	387	483	493	392	1755	18	13	10	12	1	0	3	3	1	1	4	3	0	0	0	0	0	0	0	0	0
NZ_UGQW01000001.1	5p	+	26	324	500	531	400	1755	15	14	9	11	2	0	3	5	1	2	4	3	0	0	0	1	0	0	0	0	0
NZ_UGQW01000001.1	5p	+	27	320	492	586	357	1755	26	15	2	9	1	1	2	2	0	1	6	4	0	0	0	0	0	0	0	0	0
NZ_UGQW01000001.1	5p	+	28	361	480	511	403	1755	27	16	8	13	0	0	2	1	3	0	3	4	0	1	0	0	0	0	0	0	0
NZ_UGQW01000001.1	5p	+	29	382	490	536	346	1754	28	12	11	9	0	0	4	3	0	0	2	4	0	0	1	0	0	1	0	0	0
NZ_UGQW01000001.1	5p	+	30	400	500	512	343	1755	43	12	12	10	2	1	6	1	0	1	1	3	0	0	0	0	0	0	0	0	0
NZ_UGQW01000001.1	5p	+	31	398	432	475	369	1674	25	6	6	15	0	1	2	4	2	2	2	3	0	0	0	0	0	0	0	0	0
NZ_UGQW01000001.1	5p	+	32	316	410	493	346	1565	40	16	12	9	4	2	1	7	4	2	2	6	0	0	0	0	0	0	0	0	0
NZ_UGQW01000001.1	5p	+	33	299	378	454	331	1462	33	5	4	12	1	3	1	1	0	1	1	3	0	0	0	0	0	0	0	0	0
NZ_UGQW01000001.1	5p	+	34	293	342	410	327	1372	30	5	8	9	1	0	1	0	1	2	1	3	0	0	0	0	0	0	0	0	0
NZ_UGQW01000001.1	5p	+	35	282	344	382	290	1298	21	8	2	10	0	1	1	8	4	0	1	2	0	0	0	0	1	0	0	0	0
NZ_UGQW01000001.1	5p	+	36	272	297	378	265	1212	23	5	5	6	0	1	1	0	1	1	3	1	0	0	0	0	0	0	0	0	0
NZ_UGQW01000001.1	5p	+	37	253	290	335	254	1132	24	6	7	10	1	0	1	3	4	0	3	0	0	0	0	0	1	0	0	0	0
NZ_UGQW01000001.1	5p	+	38	215	304	313	235	1067	23	6	6	7	1	0	3	4	0	0	1	5	0	0	0	0	0	0	0	0	0
NZ_UGQW01000001.1	5p	+	39	208	248	329	216	1001	19	6	6	4	3	0	6	0	1	0	1	1	0	0	0	0	0	1	0	0	0
NZ_UGQW01000001.1	5p	+	40	207	265	262	207	941	15	10	4	3	1	1	0	1	0	0	2	1	0	0	0	0	0	0	0	0	0
NZ_UGQW01000001.1	5p	+	41	183	250	255	203	891	21	7	7	4	1	1	3	1	0	1	2	1	0	0	0	0	0	0	0	0	0
NZ_UGQW01000001.1	5p	+	42	192	218	261	174	845	16	4	3	6	1	0	2	0	1	0	1	2	0	0	0	0	0	0	0	0	0
NZ_UGQW01000001.1	5p	+	43	202	204	202	178	786	9	4	6	7	0	0	2	2	0	1	0	0	0	0	0	0	0	0	0	0	0
NZ_UGQW01000001.1	5p	+	44	166	194	214	156	730	21	4	8	3	0	0	0	0	1	0	0	1	0	0	0	0	0	0	0	0	0
NZ_UGQW01000001.1	5p	+	45	145	177	211	142	675	21	5	1	4	0	0	0	3	2	0	0	0	0	0	0	0	0	0	0	0	0
NZ_UGQW01000001.1	5p	+	46	125	171	193	141	630	12	6	4	2	1	2	0	1	0	1	2	1	0	0	0	0	0	0	0	0	0
NZ_UGQW01000001.1	5p	+	47	128	165	173	123	589	17	3	1	8	0	0	1	1	1	0	0	0	0	0	0	0	0	0	0	0	0
NZ_UGQW01000001.1	5p	+	48	98	130	182	128	538	11	2	1	3	0	0	1	0	0	2	0	0	0	0	0	0	0	0	0	0	0
NZ_UGQW01000001.1	5p	+	49	118	108	159	117	502	8	5	0	3	0	1	0	0	0	1	0	0	0	0	0	0	0	0	0	0	0
NZ_UGQW01000001.1	5p	+	50	99	137	116	113	465	6	3	0	5	0	0	0	1	0	0	0	3	0	0	0	0	0	0	0	0	0
NZ_UGQW01000001.1	5p	+	51	91	113	132	102	438	9	3	3	1	0	0	0	0	0	0	0	0	0	0	0	0	0	0	0	0	0
NZ_UGQW01000001.1	5p	+	52	94	119	98	100	411	6	1	1	3	1	0	4	0	1	0	0	1	0	0	0	0	0	0	0	0	0
NZ_UGQW01000001.1	5p	+	53	93	103	112	76	384	7	3	0	1	0	0	1	1	0	0	0	0	0	0	0	0	0	0	0	0	0
NZ_UGQW01000001.1	5p	+	54	70	94	123	67	354	14	3	0	2	0	0	0	1	0	0	0	0	0	0	0	0	0	0	0	0	0
NZ_UGQW01000001.1	5p	+	55	72	83	104	72	331	5	0	1	4	1	0	0	0	0	0	1	0	0	0	0	0	0	0	0	0	0
NZ_UGQW01000001.1	5p	+	56	76	73	79	83	311	5	1	0	3	1	0	0	0	1	0	0	2	0	0	0	0	0	0	0	0	0
NZ_UGQW01000001.1	5p	+	57	55	68	91	68	282	6	3	0	1	0	0	0	1	0	0	0	0	0	0	0	0	0	0	0	0	0
NZ_UGQW01000001.1	5p	+	58	56	73	84	59	272	6	0	0	2	1	0	0	1	0	0	0	0	0	0	0	0	0	0	0	0	0
NZ_UGQW01000001.1	5p	+	59	60	67	71	56	254	7	2	1	1	0	0	0	0	0	0	0	0	0	0	0	0	0	0	0	0	0
NZ_UGQW01000001.1	5p	+	60	55	68	64	48	235	4	2	1	2	0	0	0	2	0	0	0	0	0	0	0	0	0	0	0	0	0
NZ_UGQW01000001.1	5p	+	61	50	47	63	57	217	8	2	0	0	0	0	0	1	0	0	0	0	0	0	0	0	0	0	0	0	0
NZ_UGQW01000001.1	5p	+	62	31	57	72	46	206	4	1	1	1	0	0	0	0	0	0	0	0	1	0	0	0	0	0	0	0	0
NZ_UGQW01000001.1	5p	+	63	50	57	54	35	196	3	1	0	2	2	0	0	1	0	0	0	1	0	0	0	0	0	0	0	0	0
NZ_UGQW01000001.1	5p	+	64	41	39	60	43	183	8	2	0	0	0	0	0	0	0	0	1	0	0	0	0	0	0	0	0	0	0
NZ_UGQW01000001.1	5p	+	65	37	47	48	39	171	4	0	0	0	0	0	0	0	0	1	0	0	0	0	0	0	0	0	0	0	0
NZ_UGQW01000001.1	5p	+	66	32	35	49	42	158	2	1	1	0	0	0	1	0	0	1	0	0	0	0	0	0	0	0	0	0	0
NZ_UGQW01000001.1	5p	+	67	33	28	41	44	146	4	0	0	0	0	0	0	0	0	0	0	1	0	0	0	0	0	0	0	0	0
NZ_UGQW01000001.1	5p	+	68	27	31	44	29	131	2	1	0	0	0	0	0	0	0	0	0	0	0	0	0	0	0	0	0	0	0
NZ_UGQW01000001.1	5p	+	69	27	38	30	28	123	2	2	0	2	0	0	0	0	0	0	0	0	0	0	0	0	0	0	0	0	0
NZ_UGQW01000001.1	5p	+	70	31	21	34	32	118	1	1	0	3	0	0	0	0	0	0	0	0	0	0	0	0	0	0	0	0	0
NZ_UGQW01000001.1	5p	-	1	415	602	340	445	1802	10	135	9	11	1	1	1	2	1	1	7	6	0	0	0	0	0	0	0	0	0
NZ_UGQW01000001.1	5p	-	2	493	478	435	396	1802	16	71	10	5	1	5	4	1	2	1	5	3	0	0	0	0	0	0	0	0	0
NZ_UGQW01000001.1	5p	-	3	414	509	488	391	1802	12	57	8	12	2	3	3	1	3	1	4	3	0	0	0	0	0	0	0	0	0
NZ_UGQW01000001.1	5p	-	4	444	556	398	404	1802	10	51	10	7	0	2	7	6	2	2	0	2	0	0	0	0	0	0	0	0	0
NZ_UGQW01000001.1	5p	-	5	446	511	448	397	1802	8	53	12	8	1	1	1	2	0	4	2	2	0	0	0	0	0	0	0	0	0
NZ_UGQW01000001.1	5p	-	6	400	520	501	381	1802	13	41	16	8	2	1	2	2	1	1	3	6	0	0	0	0	0	0	0	0	0
NZ_UGQW01000001.1	5p	-	7	396	562	457	387	1802	16	41	10	9	0	0	4	1	2	0	6	4	0	0	0	0	0	0	0	0	0
NZ_UGQW01000001.1	5p	-	8	369	550	508	375	1802	12	33	8	10	0	2	2	6	1	3	1	3	0	0	0	0	0	0	0	0	0
NZ_UGQW01000001.1	5p	-	9	367	533	507	395	1802	15	25	19	16	1	3	5	2	2	1	8	1	0	0	0	0	0	0	0	0	0
NZ_UGQW01000001.1	5p	-	10	386	515	511	390	1802	15	24	19	11	3	0	3	3	4	0	0	2	0	0	1	0	0	0	0	0	0
NZ_UGQW01000001.1	5p	-	11	357	563	491	391	1802	6	20	9	7	6	1	3	3	2	1	5	1	0	0	0	0	0	0	0	0	0
NZ_UGQW01000001.1	5p	-	12	376	538	525	362	1801	13	22	10	10	3	0	7	3	4	0	1	1	0	0	0	0	0	0	0	1	0
NZ_UGQW01000001.1	5p	-	13	413	511	493	385	1802	13	16	12	4	2	1	0	4	3	1	3	1	0	1	0	0	0	0	0	0	0
NZ_UGQW01000001.1	5p	-	14	339	572	488	403	1802	9	18	17	8	0	1	3	3	2	1	2	4	1	0	0	1	0	0	0	0	0
NZ_UGQW01000001.1	5p	-	15	374	540	524	363	1801	9	13	16	4	2	0	3	5	3	1	2	1	0	1	0	1	0	1	0	0	0
NZ_UGQW01000001.1	5p	-	16	350	538	537	376	1801	13	17	3	10	2	2	1	4	1	0	2	2	0	0	0	0	0	1	0	0	0
NZ_UGQW01000001.1	5p	-	17	370	587	503	342	1802	13	17	14	13	3	1	3	2	5	1	1	1	0	0	0	0	0	0	0	0	0
NZ_UGQW01000001.1	5p	-	18	367	553	520	362	1802	15	14	16	11	0	0	6	4	1	1	4	2	0	0	0	0	0	0	0	0	0
NZ_UGQW01000001.1	5p	-	19	371	559	491	380	1801	17	17	10	11	3	0	4	5	2	0	2	1	0	0	1	0	0	1	0	0	0
NZ_UGQW01000001.1	5p	-	20	371	556	507	368	1802	15	14	10	11	0	2	3	2	2	1	0	3	1	0	0	0	0	0	0	0	0
NZ_UGQW01000001.1	5p	-	21	349	566	520	367	1802	11	7	14	10	3	0	2	4	3	1	3	0	0	0	1	0	0	0	0	0	0
NZ_UGQW01000001.1	5p	-	22	367	544	520	371	1802	19	11	13	11	2	0	2	3	4	4	5	4	0	0	0	0	0	0	0	0	0
NZ_UGQW01000001.1	5p	-	23	365	544	522	370	1801	10	5	10	10	2	0	2	6	6	0	5	4	0	0	0	0	0	1	0	0	0
NZ_UGQW01000001.1	5p	-	24	358	514	531	399	1802	19	10	18	8	2	0	2	5	2	0	1	4	0	0	0	0	0	0	0	0	0
NZ_UGQW01000001.1	5p	-	25	381	530	531	360	1802	14	11	9	7	2	1	4	4	3	1	1	4	0	0	0	0	0	0	0	0	0
NZ_UGQW01000001.1	5p	-	26	388	558	501	355	1802	23	8	14	8	4	0	5	3	3	1	2	6	1	0	0	0	0	0	0	0	0
NZ_UGQW01000001.1	5p	-	27	375	538	538	351	1802	24	14	9	8	4	0	3	4	2	0	1	4	0	0	0	1	0	0	0	0	0
NZ_UGQW01000001.1	5p	-	28	430	523	468	381	1802	19	14	9	8	5	0	4	1	1	2	4	2	0	0	1	0	0	0	0	0	0
NZ_UGQW01000001.1	5p	-	29	410	527	499	366	1802	32	14	21	8	1	1	1	4	3	2	3	6	0	0	0	0	0	0	0	0	0
NZ_UGQW01000001.1	5p	-	30	413	520	500	369	1802	38	14	13	7	0	1	1	1	3	1	3	2	0	0	0	0	0	0	0	0	0
NZ_UGQW01000001.1	5p	-	31	422	503	441	340	1706	43	9	9	12	1	1	2	4	1	2	2	0	0	0	0	0	0	0	0	0	0
NZ_UGQW01000001.1	5p	-	32	386	450	423	370	1629	29	13	8	11	1	3	0	4	3	1	3	2	0	0	0	0	0	0	0	0	0
NZ_UGQW01000001.1	5p	-	33	321	437	436	329	1523	33	12	12	9	0	1	2	1	4	1	2	1	0	0	0	0	0	0	0	0	0
NZ_UGQW01000001.1	5p	-	34	330	421	390	300	1441	27	8	12	3	1	3	2	5	1	0	1	2	0	0	0	0	0	0	0	0	0
NZ_UGQW01000001.1	5p	-	35	302	373	373	292	1340	21	11	10	3	2	1	0	4	3	0	0	2	0	0	0	0	0	0	0	0	0
NZ_UGQW01000001.1	5p	-	36	280	339	394	258	1271	37	5	6	4	3	0	1	3	2	1	2	2	0	0	0	0	0	0	0	0	0
NZ_UGQW01000001.1	5p	-	37	282	327	301	257	1167	23	6	6	7	0	0	3	2	0	0	0	1	0	0	0	0	0	0	0	0	0
NZ_UGQW01000001.1	5p	-	38	250	303	290	245	1088	17	4	5	6	1	0	1	1	2	2	2	1	1	0	0	0	0	0	0	0	0
NZ_UGQW01000001.1	5p	-	39	223	288	298	207	1016	18	7	6	2	0	2	1	1	0	0	0	4	0	1	1	0	0	0	0	0	0
NZ_UGQW01000001.1	5p	-	40	238	279	250	198	965	30	5	6	2	1	0	1	1	1	2	1	2	0	0	1	0	0	0	0	0	0
NZ_UGQW01000001.1	5p	-	41	205	248	250	209	912	22	7	8	4	1	0	2	1	1	1	1	0	0	0	0	0	0	0	0	0	0
NZ_UGQW01000001.1	5p	-	42	184	237	256	198	875	23	4	4	5	0	1	1	5	0	3	0	1	0	0	0	0	0	0	0	0	0
NZ_UGQW01000001.1	5p	-	43	181	220	229	181	811	24	4	7	2	0	0	1	2	0	1	0	1	0	0	0	0	0	0	0	0	0
NZ_UGQW01000001.1	5p	-	44	168	205	210	162	745	13	4	4	5	0	0	1	0	1	0	1	0	0	0	0	0	0	0	0	0	0
NZ_UGQW01000001.1	5p	-	45	179	202	176	142	699	13	7	2	3	1	1	0	0	1	0	0	3	0	0	0	0	0	0	0	0	0
NZ_UGQW01000001.1	5p	-	46	143	177	170	154	644	15	3	3	1	0	1	1	3	1	0	1	1	0	0	0	0	0	0	0	0	0
NZ_UGQW01000001.1	5p	-	47	126	162	189	108	585	14	3	4	1	0	0	0	0	2	0	1	1	0	0	0	0	0	0	0	0	0
NZ_UGQW01000001.1	5p	-	48	109	168	160	115	552	15	4	4	1	1	0	2	2	1	0	1	2	0	0	0	0	0	0	0	0	0
NZ_UGQW01000001.1	5p	-	49	115	148	146	106	515	7	3	4	1	0	1	1	0	0	1	0	0	0	0	0	0	0	0	0	0	0
NZ_UGQW01000001.1	5p	-	50	98	142	140	99	479	9	3	2	0	0	0	0	1	1	0	1	0	0	0	0	0	0	0	0	0	0
NZ_UGQW01000001.1	5p	-	51	99	133	121	96	449	12	4	3	4	0	0	0	1	1	0	0	1	0	0	0	0	0	0	0	0	0
NZ_UGQW01000001.1	5p	-	52	91	116	123	98	428	8	3	4	0	1	0	1	0	0	0	1	1	0	0	0	0	0	0	0	0	0
NZ_UGQW01000001.1	5p	-	53	96	117	108	80	401	5	1	6	3	0	0	1	0	0	0	0	0	0	0	0	0	0	0	0	0	0
NZ_UGQW01000001.1	5p	-	54	90	122	90	76	378	8	5	6	1	0	0	0	0	0	0	0	0	0	0	0	0	0	0	0	0	0
NZ_UGQW01000001.1	5p	-	55	77	99	103	77	356	8	4	1	3	0	0	2	1	0	0	0	1	0	0	0	0	0	0	0	0	0
NZ_UGQW01000001.1	5p	-	56	75	97	82	73	327	4	3	1	2	0	0	1	0	1	0	0	1	0	0	0	0	0	0	0	0	0
NZ_UGQW01000001.1	5p	-	57	78	76	91	59	304	5	2	1	2	1	0	0	1	1	1	1	1	0	0	0	0	0	0	0	0	0
NZ_UGQW01000001.1	5p	-	58	79	80	65	65	289	3	2	0	0	1	0	0	0	0	0	0	0	0	0	0	0	0	0	0	0	0
NZ_UGQW01000001.1	5p	-	59	60	83	75	60	278	4	1	3	0	0	0	0	0	1	0	0	1	0	0	0	0	0	0	0	0	0
NZ_UGQW01000001.1	5p	-	60	60	69	80	54	263	4	2	2	2	1	0	0	1	0	0	1	0	0	0	0	0	0	0	0	0	0
NZ_UGQW01000001.1	5p	-	61	67	59	73	54	253	4	1	2	1	1	0	0	2	1	0	0	1	0	0	1	0	0	0	0	0	0
NZ_UGQW01000001.1	5p	-	62	59	63	65	55	242	3	0	0	0	2	2	0	0	0	0	0	0	0	0	0	0	0	0	0	0	0
NZ_UGQW01000001.1	5p	-	63	52	58	71	50	231	4	0	2	3	0	0	0	0	0	0	0	0	0	0	0	0	0	0	0	0	0
NZ_UGQW01000001.1	5p	-	64	63	46	59	48	216	2	1	2	1	1	0	1	1	0	0	0	0	0	0	0	0	0	0	0	0	0
NZ_UGQW01000001.1	5p	-	65	43	54	54	45	196	2	0	1	0	0	0	0	1	0	0	1	0	0	0	0	0	0	0	0	0	0
NZ_UGQW01000001.1	5p	-	66	49	52	52	31	184	2	0	1	2	0	0	0	0	0	0	0	0	0	0	0	0	0	0	0	0	0
NZ_UGQW01000001.1	5p	-	67	47	47	45	36	175	6	2	2	1	0	0	0	2	0	0	0	0	0	0	0	0	0	0	0	0	0
NZ_UGQW01000001.1	5p	-	68	37	37	54	32	160	1	2	0	1	0	0	0	0	0	0	1	0	0	0	0	0	0	0	0	0	0
NZ_UGQW01000001.1	5p	-	69	38	35	44	33	150	2	1	2	0	0	0	0	0	0	0	0	0	0	0	0	0	0	0	0	0	0
NZ_UGQW01000001.1	5p	-	70	41	39	36	28	144	2	0	0	0	0	0	0	0	0	0	0	0	0	0	0	0	0	0	0	0	0
NZ_UGQW01000002.1	3p	+	1	3946	3367	4957	3716	15986	1190	97	102	66	16	16	66	46	18	23	18	20	0	0	0	0	0	0	0	0	0
NZ_UGQW01000002.1	3p	+	2	4166	4073	4210	3537	15986	801	96	71	108	16	10	44	39	17	21	27	21	0	0	0	0	0	0	0	0	0
NZ_UGQW01000002.1	3p	+	3	3940	4464	4051	3531	15986	523	101	80	93	16	7	43	35	20	14	21	28	0	0	0	0	0	0	0	0	0
NZ_UGQW01000002.1	3p	+	4	4001	3876	4592	3517	15986	466	80	76	72	12	6	20	31	17	15	18	25	0	0	0	0	0	0	0	0	0
NZ_UGQW01000002.1	3p	+	5	3660	4252	4671	3403	15986	441	93	75	103	15	6	24	35	16	11	14	21	0	0	0	0	0	0	0	0	0
NZ_UGQW01000002.1	3p	+	6	3591	4548	4465	3381	15985	374	107	82	94	17	10	27	35	9	17	18	23	0	0	0	0	0	0	1	0	0
NZ_UGQW01000002.1	3p	+	7	3671	4293	4668	3350	15982	334	86	75	74	16	5	25	32	11	8	26	27	0	0	0	0	2	1	0	1	0
NZ_UGQW01000002.1	3p	+	8	3461	4443	4904	3174	15982	306	92	100	90	17	7	44	38	20	4	18	24	0	0	0	0	1	1	1	1	0
NZ_UGQW01000002.1	3p	+	9	3494	4683	4535	3271	15983	228	101	99	91	13	12	33	28	24	3	16	30	0	1	0	1	1	1	0	1	0
NZ_UGQW01000002.1	3p	+	10	3542	4391	4631	3419	15983	226	87	85	93	14	10	18	20	11	8	17	19	1	2	3	0	1	0	0	2	0
NZ_UGQW01000002.1	3p	+	11	3335	4531	4877	3240	15983	204	102	93	90	6	8	24	31	14	5	24	17	0	2	0	1	1	1	0	1	0
NZ_UGQW01000002.1	3p	+	12	3336	4856	4603	3188	15983	162	118	96	89	19	10	32	28	14	7	26	26	2	0	1	1	1	0	0	2	0
NZ_UGQW01000002.1	3p	+	13	3453	4519	4674	3339	15985	147	80	78	64	15	17	19	23	20	7	20	22	0	1	0	1	0	0	0	1	0
NZ_UGQW01000002.1	3p	+	14	3402	4525	4863	3189	15979	164	108	86	94	27	8	29	27	20	6	21	27	0	0	0	1	4	0	1	2	0
NZ_UGQW01000002.1	3p	+	15	3305	4946	4597	3135	15983	140	99	82	95	22	7	30	29	17	10	22	25	3	2	0	0	0	0	2	1	0
NZ_UGQW01000002.1	3p	+	16	3483	4397	4730	3374	15984	128	88	77	68	13	5	16	27	17	11	16	29	0	0	1	1	0	0	2	0	0
NZ_UGQW01000002.1	3p	+	17	3237	4794	4842	3111	15984	147	113	85	89	18	9	22	32	11	8	16	25	0	2	0	1	2	0	0	0	0
NZ_UGQW01000002.1	3p	+	18	3253	4989	4543	3199	15984	138	117	89	103	14	9	17	32	16	15	15	16	1	0	0	2	1	1	0	0	0
NZ_UGQW01000002.1	3p	+	19	3380	4538	4850	3216	15984	124	101	68	75	15	7	19	23	21	5	7	20	1	0	0	2	1	0	0	1	0
NZ_UGQW01000002.1	3p	+	20	3293	4805	4855	3030	15983	131	127	91	87	18	10	29	24	21	9	28	22	1	0	0	1	0	1	1	1	0
NZ_UGQW01000002.1	3p	+	21	3232	5003	4556	3195	15986	121	132	84	89	10	8	19	31	21	9	23	27	1	0	1	1	0	0	0	0	0
NZ_UGQW01000002.1	3p	+	22	3406	4549	4772	3258	15985	97	129	88	90	16	5	23	27	21	6	18	24	2	0	1	0	0	0	1	0	0
NZ_UGQW01000002.1	3p	+	23	3272	4791	4733	3189	15985	126	139	89	102	22	7	23	31	21	4	18	18	1	0	0	2	0	1	0	0	0
NZ_UGQW01000002.1	3p	+	24	3270	4958	4546	3209	15983	114	159	91	104	10	8	20	33	11	8	15	25	1	0	0	2	1	1	1	0	0
NZ_UGQW01000002.1	3p	+	25	3364	4632	4652	3335	15983	115	129	89	73	18	6	23	26	19	2	13	33	1	0	3	2	1	1	0	1	0
NZ_UGQW01000002.1	3p	+	26	3337	4719	4787	3142	15985	105	179	98	95	13	7	23	23	16	9	20	29	1	1	0	0	1	0	0	0	0
NZ_UGQW01000002.1	3p	+	27	3295	4981	4394	3313	15983	106	234	81	96	22	5	33	33	13	6	32	23	0	1	0	1	1	1	0	1	0
NZ_UGQW01000002.1	3p	+	28	3584	4530	4432	3436	15982	105	216	76	77	15	8	22	15	12	10	18	27	0	1	0	1	1	1	1	1	0
NZ_UGQW01000002.1	3p	+	29	3498	4699	4519	3268	15984	114	283	83	110	16	12	26	26	17	11	22	23	1	2	1	1	1	1	0	0	0
NZ_UGQW01000002.1	3p	+	30	3536	4875	4177	3394	15982	90	356	75	81	22	10	34	27	18	7	34	27	0	2	1	2	2	1	1	0	0
NZ_UGQW01000002.1	3p	+	31	3470	4175	4122	3358	15125	81	301	83	66	16	10	24	20	13	7	27	22	0	0	0	0	0	1	0	0	0
NZ_UGQW01000002.1	3p	+	32	3065	4263	4008	2940	14276	90	291	79	81	11	9	15	23	16	7	26	28	2	1	1	0	0	0	0	2	0
NZ_UGQW01000002.1	3p	+	33	2911	4149	3530	2843	13433	83	323	81	69	18	14	18	16	7	10	18	24	2	1	0	0	1	0	1	0	0
NZ_UGQW01000002.1	3p	+	34	2920	3456	3427	2771	12574	91	261	55	70	15	8	11	14	9	7	25	24	0	1	0	0	0	0	0	1	0
NZ_UGQW01000002.1	3p	+	35	2654	3277	3297	2492	11720	70	239	61	70	12	9	11	20	10	5	18	29	0	1	1	0	0	0	1	0	0
NZ_UGQW01000002.1	3p	+	36	2419	3351	2801	2416	10987	72	235	52	63	13	3	12	13	10	2	10	13	2	0	1	0	0	0	1	1	0
NZ_UGQW01000002.1	3p	+	37	2377	2923	2754	2248	10302	66	240	53	38	5	7	12	22	9	2	9	7	2	0	0	0	0	1	1	0	0
NZ_UGQW01000002.1	3p	+	38	2145	2808	2666	2038	9657	62	209	67	53	11	6	16	13	7	4	16	22	0	2	2	0	0	0	1	0	0
NZ_UGQW01000002.1	3p	+	39	2056	2656	2393	1953	9058	58	226	50	55	19	4	8	9	9	4	15	18	1	1	0	0	0	1	0	1	0
NZ_UGQW01000002.1	3p	+	40	1955	2456	2254	1846	8511	39	183	46	41	7	5	7	10	5	3	18	14	0	0	0	0	1	0	0	0	0
NZ_UGQW01000002.1	3p	+	41	1779	2297	2240	1693	8009	62	183	39	30	12	6	5	10	7	7	10	18	0	0	0	1	1	1	0	0	0
NZ_UGQW01000002.1	3p	+	42	1682	2291	1924	1646	7543	45	191	36	45	3	4	9	13	10	5	10	18	0	1	0	0	0	1	1	0	0
NZ_UGQW01000002.1	3p	+	43	1578	1982	1795	1628	6983	41	178	30	34	9	4	9	13	6	5	11	8	0	0	0	1	0	0	0	0	0
NZ_UGQW01000002.1	3p	+	44	1396	1946	1748	1399	6489	37	165	33	48	3	4	9	11	6	5	5	17	0	0	0	1	0	0	0	1	0
NZ_UGQW01000002.1	3p	+	45	1368	1800	1540	1312	6020	39	153	33	34	6	6	11	9	2	3	11	12	0	1	0	0	0	0	1	0	0
NZ_UGQW01000002.1	3p	+	46	1282	1579	1425	1309	5595	36	130	30	28	4	5	5	5	5	2	12	6	1	0	0	0	0	0	0	0	0
NZ_UGQW01000002.1	3p	+	47	1169	1517	1374	1135	5195	22	113	29	24	4	5	0	6	5	4	6	14	0	1	0	0	0	0	1	0	0
NZ_UGQW01000002.1	3p	+	48	1100	1390	1266	1043	4799	43	105	24	24	4	3	6	8	3	4	4	9	0	0	0	0	0	0	0	0	0
NZ_UGQW01000002.1	3p	+	49	1059	1243	1169	1006	4477	28	82	25	18	1	4	1	7	4	0	10	5	0	1	0	0	0	1	0	0	0
NZ_UGQW01000002.1	3p	+	50	921	1210	1104	926	4161	23	96	13	19	9	3	5	3	4	3	1	8	0	1	0	0	0	0	0	0	0
NZ_UGQW01000002.1	3p	+	51	879	1124	994	832	3829	21	76	21	20	5	2	0	3	2	2	5	6	0	0	0	0	0	0	0	0	0
NZ_UGQW01000002.1	3p	+	52	829	997	925	802	3553	15	75	15	14	2	2	2	2	3	4	5	7	0	0	0	0	0	0	1	0	0
NZ_UGQW01000002.1	3p	+	53	792	955	898	681	3326	14	77	16	17	2	3	1	6	8	0	5	5	0	0	0	0	0	0	0	0	0
NZ_UGQW01000002.1	3p	+	54	697	952	815	663	3127	13	65	13	26	2	1	4	3	0	1	6	4	0	0	0	0	0	1	0	0	0
NZ_UGQW01000002.1	3p	+	55	718	833	734	629	2914	21	71	12	15	1	0	3	4	1	1	3	4	1	0	0	0	0	0	0	0	0
NZ_UGQW01000002.1	3p	+	56	627	763	757	570	2717	18	54	15	8	2	0	2	6	3	0	2	7	0	0	0	0	0	0	0	0	0
NZ_UGQW01000002.1	3p	+	57	536	793	663	556	2548	15	39	11	15	2	0	3	6	4	0	2	5	0	0	0	0	0	1	0	0	0
NZ_UGQW01000002.1	3p	+	58	555	656	629	539	2379	7	41	11	13	0	0	0	5	2	0	5	2	0	0	0	0	0	0	0	0	0
NZ_UGQW01000002.1	3p	+	59	495	682	624	445	2246	15	47	12	19	1	2	1	3	2	1	3	2	1	0	0	0	0	0	0	0	0
NZ_UGQW01000002.1	3p	+	60	447	643	535	478	2103	13	41	13	10	0	1	1	8	3	0	2	1	0	0	0	0	0	0	0	0	0
NZ_UGQW01000002.1	3p	+	61	469	526	548	429	1972	9	44	10	7	1	2	4	1	3	1	4	1	0	0	0	0	0	0	0	0	0
NZ_UGQW01000002.1	3p	+	62	395	591	462	396	1844	9	44	8	6	1	1	2	4	3	0	1	2	0	0	0	0	1	0	0	0	0
NZ_UGQW01000002.1	3p	+	63	387	555	449	339	1730	6	42	12	6	2	1	0	2	1	0	1	2	0	0	0	0	0	0	0	0	0
NZ_UGQW01000002.1	3p	+	64	369	440	413	392	1614	4	29	12	7	1	1	1	1	1	3	1	2	0	0	0	0	0	0	0	0	0
NZ_UGQW01000002.1	3p	+	65	330	448	415	324	1517	15	25	5	8	2	0	0	0	1	1	1	3	0	0	1	0	0	0	0	0	0
NZ_UGQW01000002.1	3p	+	66	298	422	377	314	1411	9	27	5	4	4	0	2	4	0	1	4	4	0	0	0	0	0	1	0	0	0
NZ_UGQW01000002.1	3p	+	67	294	384	316	316	1310	10	23	6	2	1	0	5	0	0	0	1	2	0	0	0	0	0	1	0	0	0
NZ_UGQW01000002.1	3p	+	68	257	388	353	236	1234	7	30	2	5	2	0	0	2	2	1	1	3	0	0	0	0	0	0	0	0	0
NZ_UGQW01000002.1	3p	+	69	237	371	278	257	1143	6	16	8	10	1	1	1	2	0	0	3	0	0	0	0	0	0	0	0	0	0
NZ_UGQW01000002.1	3p	+	70	233	337	287	220	1077	7	25	5	5	1	0	0	1	1	1	1	0	0	0	0	0	0	0	0	0	0
NZ_UGQW01000002.1	3p	-	1	3805	3383	5027	3780	15995	1213	83	86	64	21	11	82	59	20	23	23	26	0	0	0	0	0	0	0	0	0
NZ_UGQW01000002.1	3p	-	2	4051	4017	4312	3614	15994	784	104	71	96	15	11	63	39	16	16	15	24	0	0	0	0	1	0	0	0	0
NZ_UGQW01000002.1	3p	-	3	3795	4406	4233	3561	15995	581	95	76	87	17	13	35	44	21	9	26	14	0	0	1	0	0	0	0	0	0
NZ_UGQW01000002.1	3p	-	4	3822	3832	4655	3686	15995	499	80	66	81	12	6	29	20	17	7	18	25	0	0	0	0	0	0	0	0	0
NZ_UGQW01000002.1	3p	-	5	3531	4195	4716	3548	15990	464	85	73	96	18	15	30	30	23	15	28	28	1	0	0	0	1	1	1	2	0
NZ_UGQW01000002.1	3p	-	6	3540	4382	4617	3454	15993	397	94	81	79	16	10	20	39	12	9	31	25	1	0	2	1	0	1	1	0	0
NZ_UGQW01000002.1	3p	-	7	3577	4168	4719	3526	15990	322	87	79	58	17	8	25	33	21	3	19	31	1	0	0	1	3	1	0	1	0
NZ_UGQW01000002.1	3p	-	8	3455	4280	4849	3406	15990	307	88	95	80	26	10	28	26	21	10	21	25	0	0	0	0	1	3	1	0	0
NZ_UGQW01000002.1	3p	-	9	3370	4509	4698	3411	15988	256	107	91	96	15	6	23	28	21	10	24	19	0	0	2	0	2	1	2	2	0
NZ_UGQW01000002.1	3p	-	10	3500	4357	4752	3382	15991	214	100	86	77	12	9	13	28	14	5	16	22	1	2	0	2	2	2	0	0	0
NZ_UGQW01000002.1	3p	-	11	3327	4552	4967	3147	15993	239	103	98	102	16	14	35	36	19	6	16	22	2	0	1	0	0	2	0	0	0
NZ_UGQW01000002.1	3p	-	12	3251	4680	4708	3352	15991	178	100	79	117	22	8	26	28	23	9	22	40	0	0	1	0	2	1	1	0	0
NZ_UGQW01000002.1	3p	-	13	3433	4320	4807	3429	15989	182	103	82	70	12	11	19	22	17	9	12	26	0	2	1	0	1	2	1	2	0
NZ_UGQW01000002.1	3p	-	14	3299	4449	5092	3153	15993	187	94	105	89	27	4	19	28	20	10	27	32	0	0	0	0	1	0	0	1	0
NZ_UGQW01000002.1	3p	-	15	3226	4780	4734	3251	15991	136	128	104	84	16	11	23	22	12	6	25	20	0	0	0	0	1	1	0	2	0
NZ_UGQW01000002.1	3p	-	16	3323	4554	4759	3359	15995	126	106	79	97	17	7	9	27	16	6	14	20	0	0	0	1	0	0	0	0	0
NZ_UGQW01000002.1	3p	-	17	3237	4492	5075	3187	15991	136	97	82	99	13	5	27	32	15	9	15	29	0	1	0	0	0	0	2	2	0
NZ_UGQW01000002.1	3p	-	18	3179	4894	4754	3165	15992	136	118	78	93	25	11	24	26	28	3	20	16	1	0	0	1	1	1	0	1	0
NZ_UGQW01000002.1	3p	-	19	3255	4511	4864	3365	15995	102	95	89	81	12	8	24	15	8	6	24	28	0	2	0	1	0	0	0	0	0
NZ_UGQW01000002.1	3p	-	20	3163	4595	5019	3216	15993	129	97	80	111	10	4	21	29	21	9	25	20	2	0	0	0	0	0	1	1	0
NZ_UGQW01000002.1	3p	-	21	3225	4794	4803	3172	15994	127	135	100	89	21	7	27	31	22	7	20	26	2	1	0	0	0	1	0	0	0
NZ_UGQW01000002.1	3p	-	22	3330	4537	4781	3345	15993	113	101	75	86	15	5	19	17	25	11	23	20	1	0	0	1	0	0	1	1	0
NZ_UGQW01000002.1	3p	-	23	3183	4787	4824	3201	15995	129	124	87	87	17	7	26	26	27	6	29	30	0	0	0	0	0	0	0	0	0
NZ_UGQW01000002.1	3p	-	24	3108	4804	4723	3358	15993	114	139	87	95	14	5	20	33	11	11	19	27	1	0	0	1	0	1	1	0	0
NZ_UGQW01000002.1	3p	-	25	3403	4462	4606	3518	15989	106	156	84	73	20	8	23	20	13	8	17	31	0	0	0	1	0	2	2	2	0
NZ_UGQW01000002.1	3p	-	26	3238	4589	4801	3363	15991	117	174	86	103	20	4	24	23	28	7	19	24	2	1	0	0	0	3	0	1	0
NZ_UGQW01000002.1	3p	-	27	3246	4762	4523	3458	15989	101	201	91	92	12	5	16	33	17	9	36	29	1	1	0	0	0	4	1	1	0
NZ_UGQW01000002.1	3p	-	28	3496	4356	4597	3544	15993	119	196	83	70	20	9	23	29	10	5	20	24	0	2	1	0	0	1	1	0	0
NZ_UGQW01000002.1	3p	-	29	3335	4595	4714	3349	15993	94	255	92	86	21	11	29	27	14	5	27	29	1	2	0	0	0	0	2	0	0
NZ_UGQW01000002.1	3p	-	30	3333	4681	4459	3521	15994	108	328	88	99	27	7	23	21	17	2	29	43	0	0	0	2	0	1	0	0	0
NZ_UGQW01000002.1	3p	-	31	3314	4241	4245	3354	15154	97	277	85	66	15	7	15	13	14	3	26	21	0	0	2	1	0	1	0	1	0
NZ_UGQW01000002.1	3p	-	32	2962	4016	4193	3095	14266	120	296	68	83	22	10	22	32	13	9	31	39	0	1	2	2	1	0	0	0	0
NZ_UGQW01000002.1	3p	-	33	2843	4041	3680	2865	13429	93	303	70	81	12	9	9	30	17	10	18	22	0	0	3	0	1	1	1	4	0
NZ_UGQW01000002.1	3p	-	34	2810	3477	3426	2862	12575	73	258	61	56	15	4	10	19	11	10	12	22	1	0	2	0	0	1	2	1	0
NZ_UGQW01000002.1	3p	-	35	2627	3279	3350	2536	11792	72	256	75	64	17	9	16	26	11	9	29	25	0	0	1	0	1	0	1	0	0
NZ_UGQW01000002.1	3p	-	36	2377	3342	2917	2404	11040	72	240	68	70	9	10	15	15	10	5	15	23	1	1	3	0	2	0	0	0	0
NZ_UGQW01000002.1	3p	-	37	2311	2864	2872	2314	10361	51	212	57	41	5	6	8	12	10	1	20	20	0	3	1	0	2	1	0	0	0
NZ_UGQW01000002.1	3p	-	38	2083	2823	2689	2139	9734	68	234	65	51	9	11	16	17	11	4	16	18	1	0	0	1	0	1	0	0	0
NZ_UGQW01000002.1	3p	-	39	1915	2751	2428	2060	9154	64	204	41	45	6	7	9	20	9	5	21	18	1	0	1	0	1	0	0	0	0
NZ_UGQW01000002.1	3p	-	40	1958	2324	2349	1968	8599	56	184	48	40	7	4	8	8	5	3	8	17	0	0	0	1	0	2	0	0	0
NZ_UGQW01000002.1	3p	-	41	1730	2309	2241	1790	8070	46	200	51	51	9	4	9	10	8	7	14	12	0	0	0	0	0	0	0	0	0
NZ_UGQW01000002.1	3p	-	42	1625	2183	2025	1763	7596	46	194	44	44	5	10	5	4	10	3	15	9	0	0	0	1	1	0	0	1	0
NZ_UGQW01000002.1	3p	-	43	1588	1899	1886	1661	7034	32	145	27	33	4	2	11	9	5	5	9	12	0	0	0	1	0	1	0	0	0
NZ_UGQW01000002.1	3p	-	44	1396	1825	1822	1463	6506	43	147	32	27	6	5	9	10	2	5	12	17	1	0	0	0	0	0	0	0	0
NZ_UGQW01000002.1	3p	-	45	1329	1785	1565	1383	6062	38	171	27	31	6	8	4	10	2	2	12	8	0	2	0	0	0	0	0	0	0
NZ_UGQW01000002.1	3p	-	46	1304	1531	1535	1275	5645	41	129	26	26	12	3	4	6	6	2	9	6	0	0	0	1	0	0	1	0	0
NZ_UGQW01000002.1	3p	-	47	1114	1477	1472	1171	5234	32	130	28	29	8	4	7	5	7	2	9	6	0	1	0	0	2	0	0	0	0
NZ_UGQW01000002.1	3p	-	48	1063	1393	1297	1101	4854	27	119	20	22	9	3	5	8	4	3	10	7	0	0	1	1	0	0	0	1	0
NZ_UGQW01000002.1	3p	-	49	1025	1253	1194	1049	4521	29	102	22	17	3	2	8	3	3	2	6	5	0	0	0	0	0	0	0	0	0
NZ_UGQW01000002.1	3p	-	50	974	1154	1159	921	4208	30	101	18	22	2	3	7	6	3	1	7	10	0	0	0	0	0	0	0	0	0
NZ_UGQW01000002.1	3p	-	51	886	1136	1010	882	3914	23	93	21	21	3	3	5	2	3	0	6	6	1	0	0	0	0	0	0	0	0
NZ_UGQW01000002.1	3p	-	52	813	1051	963	812	3639	19	91	20	10	2	2	5	4	3	1	3	3	0	1	0	0	0	0	0	0	0
NZ_UGQW01000002.1	3p	-	53	717	944	951	767	3379	16	66	14	18	4	0	3	3	4	0	1	5	1	0	0	0	0	1	0	0	0
NZ_UGQW01000002.1	3p	-	54	659	926	872	717	3174	17	74	7	20	8	4	2	6	1	1	7	4	0	0	0	0	0	0	0	0	0
NZ_UGQW01000002.1	3p	-	55	718	803	774	655	2950	12	49	19	10	2	1	1	3	2	1	2	4	0	0	0	0	0	0	0	0	0
NZ_UGQW01000002.1	3p	-	56	608	785	762	619	2774	13	54	17	18	2	1	1	6	1	0	4	3	0	0	0	0	0	0	0	0	0
NZ_UGQW01000002.1	3p	-	57	554	758	660	608	2580	9	51	11	16	1	2	8	2	1	0	1	4	0	0	0	0	0	0	0	0	0
NZ_UGQW01000002.1	3p	-	58	557	708	636	525	2426	16	37	9	15	1	1	3	2	3	1	3	3	1	0	0	0	0	0	0	0	0
NZ_UGQW01000002.1	3p	-	59	482	650	642	502	2276	9	43	10	10	1	1	0	4	2	2	4	7	0	0	0	0	0	0	0	0	0
NZ_UGQW01000002.1	3p	-	60	486	656	507	486	2135	15	42	12	12	3	1	2	6	4	1	4	3	0	0	0	0	0	0	0	0	0
NZ_UGQW01000002.1	3p	-	61	477	514	555	453	1999	15	32	14	5	2	0	0	3	1	1	2	1	0	0	0	0	0	0	0	1	0
NZ_UGQW01000002.1	3p	-	62	425	546	487	414	1872	13	31	12	8	1	1	1	1	4	1	4	2	0	0	0	0	0	0	0	0	0
NZ_UGQW01000002.1	3p	-	63	374	537	459	392	1762	7	24	13	11	1	1	1	3	1	1	1	4	0	0	0	0	0	0	0	0	0
NZ_UGQW01000002.1	3p	-	64	369	439	445	399	1652	5	20	11	6	1	1	1	3	1	2	4	4	0	0	0	0	0	0	0	0	0
NZ_UGQW01000002.1	3p	-	65	322	458	440	326	1546	6	33	7	12	1	0	1	2	1	1	2	8	0	0	0	0	0	0	0	0	0
NZ_UGQW01000002.1	3p	-	66	325	434	362	326	1447	8	33	7	4	1	2	1	1	1	1	3	3	0	0	0	0	0	0	0	0	0
NZ_UGQW01000002.1	3p	-	67	308	394	350	302	1354	6	25	4	6	1	0	1	3	0	0	1	3	0	0	0	0	0	0	0	0	0
NZ_UGQW01000002.1	3p	-	68	261	362	369	282	1274	4	25	7	8	1	1	0	2	0	0	3	0	0	0	0	0	0	0	0	0	0
NZ_UGQW01000002.1	3p	-	69	243	348	296	301	1188	6	22	8	8	0	0	1	1	0	1	2	3	0	0	0	0	0	0	0	0	0
NZ_UGQW01000002.1	3p	-	70	248	303	296	267	1114	5	11	5	11	1	1	2	1	1	0	3	3	0	0	0	0	0	0	0	0	0
NZ_UGQW01000002.1	5p	+	1	3613	5289	3011	4073	15986	50	1220	73	93	25	22	19	24	15	14	71	37	0	0	0	0	0	0	0	0	0
NZ_UGQW01000002.1	5p	+	2	4013	4497	3944	3531	15985	104	704	86	97	18	15	29	27	17	16	47	39	0	1	0	0	0	1	0	0	0
NZ_UGQW01000002.1	5p	+	3	3904	4270	4575	3235	15984	107	484	107	67	15	8	28	23	15	10	35	24	2	2	2	0	0	1	1	0	0
NZ_UGQW01000002.1	5p	+	4	3999	4577	3947	3460	15983	106	475	58	84	18	13	19	20	8	7	23	25	1	1	1	1	0	0	2	1	0
NZ_UGQW01000002.1	5p	+	5	3709	4826	3967	3478	15980	88	432	93	93	21	10	19	31	14	9	23	23	2	0	1	2	1	2	1	2	0
NZ_UGQW01000002.1	5p	+	6	3554	4437	4527	3464	15982	112	378	77	85	15	4	30	39	20	7	29	27	0	3	1	0	2	2	0	0	0
NZ_UGQW01000002.1	5p	+	7	3560	4574	4318	3532	15984	89	293	94	77	11	12	19	18	12	5	15	32	0	1	0	0	0	1	0	1	0
NZ_UGQW01000002.1	5p	+	8	3437	4889	4329	3326	15981	101	322	92	82	25	15	25	20	15	9	31	23	1	1	0	1	2	2	0	1	0
NZ_UGQW01000002.1	5p	+	9	3444	4634	4573	3333	15984	88	249	89	97	24	11	19	15	16	6	19	37	0	1	2	3	1	0	1	0	0
NZ_UGQW01000002.1	5p	+	10	3464	4758	4373	3389	15984	83	214	101	69	11	8	23	19	10	8	23	19	0	1	0	0	1	0	1	0	0
NZ_UGQW01000002.1	5p	+	11	3309	4993	4446	3234	15982	102	210	103	91	15	7	21	20	17	7	16	24	1	1	2	1	1	1	1	1	0
NZ_UGQW01000002.1	5p	+	12	3335	4715	4744	3191	15985	116	202	85	93	21	5	32	21	17	5	22	31	1	1	0	0	1	0	0	0	0
NZ_UGQW01000002.1	5p	+	13	3457	4702	4465	3360	15984	84	170	84	81	16	5	30	23	16	5	23	24	2	0	0	1	0	1	0	1	0
NZ_UGQW01000002.1	5p	+	14	3219	5029	4573	3163	15984	108	176	99	88	17	7	15	26	15	6	17	25	2	1	0	0	1	0	0	1	0
NZ_UGQW01000002.1	5p	+	15	3229	4770	4831	3154	15984	106	155	89	83	18	7	18	31	11	9	26	21	2	0	1	0	1	0	1	0	0
NZ_UGQW01000002.1	5p	+	16	3383	4802	4471	3324	15980	73	148	90	84	15	10	18	24	19	9	23	22	0	0	0	0	1	2	2	1	0
NZ_UGQW01000002.1	5p	+	17	3230	4915	4688	3152	15985	98	155	112	104	16	8	20	21	23	3	20	19	0	1	0	0	0	0	1	0	0
NZ_UGQW01000002.1	5p	+	18	3232	4768	4872	3111	15983	96	126	78	89	24	11	18	23	19	12	19	20	1	2	0	0	1	1	0	1	0
NZ_UGQW01000002.1	5p	+	19	3392	4701	4613	3278	15984	82	123	74	85	14	7	19	26	16	6	18	25	0	1	0	1	0	0	1	1	0
NZ_UGQW01000002.1	5p	+	20	3255	4949	4665	3115	15984	125	139	85	103	23	5	32	21	16	9	17	29	1	0	0	0	1	0	1	0	0
NZ_UGQW01000002.1	5p	+	21	3250	4711	4940	3082	15983	107	114	79	95	19	8	17	31	17	10	23	27	0	0	1	0	1	1	0	1	0
NZ_UGQW01000002.1	5p	+	22	3398	4750	4565	3269	15982	110	98	81	75	19	9	15	26	21	4	16	24	1	1	1	2	0	1	1	2	0
NZ_UGQW01000002.1	5p	+	23	3237	4872	4677	3195	15981	145	138	79	91	20	6	33	33	15	10	20	24	2	0	0	1	1	2	1	1	0
NZ_UGQW01000002.1	5p	+	24	3330	4676	4766	3211	15983	171	126	93	88	7	9	23	26	19	8	31	25	1	0	0	2	1	0	0	2	0
NZ_UGQW01000002.1	5p	+	25	3405	4612	4563	3406	15986	151	117	87	80	15	7	18	28	15	6	20	28	1	1	0	0	0	0	0	0	0
NZ_UGQW01000002.1	5p	+	26	3301	4755	4648	3281	15985	179	110	105	99	13	14	27	32	16	8	28	22	0	0	0	1	0	1	0	0	0
NZ_UGQW01000002.1	5p	+	27	3446	4401	4853	3282	15982	202	113	98	90	18	8	31	31	18	7	20	13	1	0	1	2	3	0	1	0	0
NZ_UGQW01000002.1	5p	+	28	3546	4523	4530	3385	15984	229	106	71	86	25	11	18	37	15	8	10	21	1	0	0	1	1	0	0	1	0
NZ_UGQW01000002.1	5p	+	29	3426	4673	4553	3334	15986	273	122	88	100	13	8	25	32	16	13	19	24	0	1	1	1	0	0	0	0	0
NZ_UGQW01000002.1	5p	+	30	3556	4348	4774	3307	15985	351	121	88	90	19	11	31	38	17	8	27	32	1	1	0	1	1	0	0	0	0
NZ_UGQW01000002.1	5p	+	31	3467	4100	4247	3310	15124	322	104	60	78	8	10	20	20	15	10	14	28	2	1	0	1	0	0	0	2	0
NZ_UGQW01000002.1	5p	+	32	3126	4192	4020	2940	14278	320	91	58	75	16	5	39	27	16	5	18	18	0	0	0	1	0	0	0	0	0
NZ_UGQW01000002.1	5p	+	33	3036	3552	4052	2795	13435	300	81	66	67	15	10	20	30	22	14	23	30	0	1	0	0	0	0	0	0	0
NZ_UGQW01000002.1	5p	+	34	2948	3343	3489	2793	12573	255	76	50	72	12	7	22	18	17	12	12	11	0	0	0	0	1	0	0	1	0
NZ_UGQW01000002.1	5p	+	35	2629	3344	3299	2449	11721	281	63	65	61	8	3	24	24	15	6	8	16	0	0	1	0	0	0	0	0	0
NZ_UGQW01000002.1	5p	+	36	2498	2910	3243	2338	10989	281	66	69	64	10	4	21	27	8	6	11	24	0	1	0	0	0	0	0	0	0
NZ_UGQW01000002.1	5p	+	37	2428	2759	2831	2282	10300	187	64	35	42	13	3	20	24	8	10	10	11	1	0	1	0	3	1	0	0	0
NZ_UGQW01000002.1	5p	+	38	2204	2696	2743	2015	9658	226	65	42	57	8	6	14	25	9	8	4	15	0	0	0	1	0	0	0	0	0
NZ_UGQW01000002.1	5p	+	39	2008	2396	2734	1922	9060	221	56	54	52	10	9	22	24	5	5	13	11	0	1	0	1	0	0	0	0	0
NZ_UGQW01000002.1	5p	+	40	1971	2347	2320	1873	8511	195	50	45	43	10	4	13	16	9	6	10	17	0	0	0	0	0	0	1	0	0
NZ_UGQW01000002.1	5p	+	41	1801	2294	2189	1727	8011	189	51	38	45	8	3	14	17	9	5	10	14	0	0	0	0	0	0	0	0	0
NZ_UGQW01000002.1	5p	+	42	1740	1968	2273	1563	7544	190	58	37	42	3	1	15	15	8	5	6	14	2	1	0	0	0	1	0	0	0
NZ_UGQW01000002.1	5p	+	43	1611	1882	1943	1547	6983	160	40	29	33	5	2	13	11	6	5	8	8	0	0	0	0	0	0	0	0	0
NZ_UGQW01000002.1	5p	+	44	1529	1825	1720	1415	6489	150	46	43	34	5	8	8	13	8	1	6	5	0	0	0	0	0	0	1	0	0
NZ_UGQW01000002.1	5p	+	45	1364	1579	1795	1283	6021	149	37	28	37	3	4	5	10	2	2	12	10	0	0	0	0	0	0	0	0	0
NZ_UGQW01000002.1	5p	+	46	1309	1493	1559	1233	5594	144	26	20	25	1	4	9	8	4	6	3	9	0	0	1	0	0	1	0	0	0
NZ_UGQW01000002.1	5p	+	47	1238	1435	1459	1063	5195	123	27	28	28	4	1	3	6	6	3	2	9	0	0	0	0	0	0	1	0	0
NZ_UGQW01000002.1	5p	+	48	1096	1313	1367	1022	4798	104	28	33	31	1	1	10	4	3	2	1	7	0	0	0	0	0	0	1	0	0
NZ_UGQW01000002.1	5p	+	49	1084	1185	1265	943	4477	111	26	16	11	2	2	5	5	1	2	3	4	0	0	0	1	0	1	0	0	0
NZ_UGQW01000002.1	5p	+	50	936	1231	1129	865	4161	77	33	22	19	3	1	7	8	6	4	1	5	1	0	0	0	0	0	0	0	0
NZ_UGQW01000002.1	5p	+	51	892	1051	1137	749	3829	91	28	8	20	4	1	5	12	4	1	4	5	0	0	1	0	0	0	0	0	0
NZ_UGQW01000002.1	5p	+	52	833	945	1000	776	3554	59	13	8	18	2	1	5	3	4	1	4	5	0	0	0	0	0	0	0	0	0
NZ_UGQW01000002.1	5p	+	53	753	915	952	706	3326	77	23	17	22	0	2	5	4	3	1	0	7	1	0	1	0	0	0	0	0	0
NZ_UGQW01000002.1	5p	+	54	702	850	906	669	3127	63	18	13	16	3	1	6	5	2	5	2	4	0	0	0	0	1	0	0	0	0
NZ_UGQW01000002.1	5p	+	55	691	768	788	666	2913	43	15	14	12	0	3	5	6	2	0	2	6	0	0	0	0	0	0	1	0	0
NZ_UGQW01000002.1	5p	+	56	636	712	793	576	2717	50	15	14	18	1	3	0	6	3	2	2	6	0	0	0	0	0	0	0	0	0
NZ_UGQW01000002.1	5p	+	57	601	675	736	536	2548	43	17	13	15	2	3	3	8	2	4	2	6	0	0	0	0	0	0	0	1	0
NZ_UGQW01000002.1	5p	+	58	539	665	627	548	2379	48	11	8	16	0	0	5	5	2	3	1	2	0	1	0	0	0	0	0	0	0
NZ_UGQW01000002.1	5p	+	59	505	602	654	485	2246	42	11	16	11	1	0	4	3	5	0	1	8	0	1	0	1	0	0	0	0	0
NZ_UGQW01000002.1	5p	+	60	481	524	614	483	2102	46	19	8	6	2	2	2	7	1	1	2	3	0	0	0	0	0	0	0	1	0
NZ_UGQW01000002.1	5p	+	61	486	552	500	433	1971	34	15	8	5	0	1	2	5	0	0	0	3	0	0	0	0	0	0	0	1	0
NZ_UGQW01000002.1	5p	+	62	443	502	508	391	1844	30	18	8	10	2	1	2	2	0	1	3	2	0	0	0	0	0	1	0	0	0
NZ_UGQW01000002.1	5p	+	63	397	444	511	378	1730	27	9	8	9	1	1	0	6	2	0	2	2	0	0	0	0	0	0	0	0	0
NZ_UGQW01000002.1	5p	+	64	384	406	459	365	1614	30	10	5	8	0	0	2	2	2	0	1	1	0	0	0	0	0	0	0	0	0
NZ_UGQW01000002.1	5p	+	65	374	431	403	309	1517	25	12	8	14	3	0	1	2	2	0	0	1	0	0	0	0	0	0	0	0	0
NZ_UGQW01000002.1	5p	+	66	312	382	428	290	1412	29	7	9	5	3	1	1	3	2	0	0	1	0	0	0	0	0	0	0	0	0
NZ_UGQW01000002.1	5p	+	67	300	375	343	293	1311	18	11	2	4	0	2	3	2	2	1	0	1	0	0	0	0	0	0	0	0	0
NZ_UGQW01000002.1	5p	+	68	282	340	337	275	1234	25	7	6	15	1	0	1	1	0	2	1	2	0	0	0	0	0	0	0	0	0
NZ_UGQW01000002.1	5p	+	69	282	278	324	259	1143	21	6	6	4	1	0	2	3	1	0	0	1	0	0	0	0	0	0	0	0	0
NZ_UGQW01000002.1	5p	+	70	258	292	281	246	1077	11	7	8	2	1	0	0	0	1	1	2	0	0	0	0	0	0	0	0	0	0
NZ_UGQW01000002.1	5p	-	1	3624	5058	3235	4078	15995	104	1210	55	88	28	22	17	29	10	12	55	41	0	0	0	0	0	0	0	0	1
NZ_UGQW01000002.1	5p	-	2	3893	4518	3937	3647	15995	106	665	103	97	7	22	22	34	21	15	52	35	0	0	1	1	0	0	0	0	1
NZ_UGQW01000002.1	5p	-	3	3736	4215	4688	3355	15994	106	526	111	90	21	12	26	26	15	11	42	32	0	0	2	1	0	0	1	0	0
NZ_UGQW01000002.1	5p	-	4	3842	4464	3992	3695	15993	94	443	76	87	11	13	18	19	12	14	28	28	0	0	1	0	1	0	0	1	0
NZ_UGQW01000002.1	5p	-	5	3752	4592	4084	3562	15990	99	421	95	93	23	15	20	27	16	7	32	30	2	0	2	2	0	3	1	1	0
NZ_UGQW01000002.1	5p	-	6	3376	4426	4559	3630	15991	99	357	99	82	12	14	22	34	14	6	31	22	0	2	0	1	1	2	0	1	0
NZ_UGQW01000002.1	5p	-	7	3423	4436	4421	3709	15989	87	303	77	81	14	3	21	16	10	4	28	35	0	1	2	1	2	1	1	2	0
NZ_UGQW01000002.1	5p	-	8	3291	4788	4433	3480	15992	94	291	91	99	20	11	14	25	15	11	33	24	3	0	1	0	0	1	1	1	0
NZ_UGQW01000002.1	5p	-	9	3281	4605	4743	3365	15994	105	237	92	100	20	4	15	20	16	12	33	22	0	0	0	0	0	1	0	0	0
NZ_UGQW01000002.1	5p	-	10	3335	4570	4522	3564	15991	94	205	67	91	18	7	28	16	15	9	22	33	1	1	0	1	1	2	1	0	0
NZ_UGQW01000002.1	5p	-	11	3213	4906	4555	3318	15992	97	211	100	96	12	4	27	21	10	5	26	22	2	0	0	1	0	1	0	2	0
NZ_UGQW01000002.1	5p	-	12	3337	4568	4904	3184	15993	113	190	110	89	15	6	25	32	21	3	23	30	1	0	0	0	1	0	1	0	0
NZ_UGQW01000002.1	5p	-	13	3383	4631	4610	3366	15990	93	174	68	85	21	5	15	17	24	7	15	26	0	0	0	1	1	3	0	1	0
NZ_UGQW01000002.1	5p	-	14	3108	4929	4652	3306	15995	98	160	80	75	25	7	18	31	29	12	22	41	3	1	1	0	0	0	0	0	0
NZ_UGQW01000002.1	5p	-	15	3127	4637	4929	3302	15995	97	158	102	96	19	12	24	25	14	13	16	19	0	1	0	1	0	0	0	0	0
NZ_UGQW01000002.1	5p	-	16	3181	4725	4779	3307	15992	118	124	93	83	13	6	28	24	26	7	21	25	0	1	0	1	1	0	0	2	0
NZ_UGQW01000002.1	5p	-	17	3197	4897	4674	3223	15991	95	148	89	104	27	12	19	35	21	6	24	26	1	0	0	0	0	0	1	3	0
NZ_UGQW01000002.1	5p	-	18	3149	4647	4977	3221	15994	106	137	103	91	16	8	24	27	13	5	26	21	1	1	0	0	0	0	0	1	0
NZ_UGQW01000002.1	5p	-	19	3289	4464	4846	3391	15990	111	108	91	76	22	8	15	27	20	11	15	23	0	1	0	0	3	1	0	1	0
NZ_UGQW01000002.1	5p	-	20	3130	4848	4647	3367	15992	112	129	79	100	19	9	18	26	20	4	25	35	0	0	0	1	0	1	1	1	0
NZ_UGQW01000002.1	5p	-	21	3178	4604	4946	3264	15992	101	124	89	102	22	8	31	22	15	9	20	32	0	1	0	0	0	1	2	0	0
NZ_UGQW01000002.1	5p	-	22	3379	4544	4674	3391	15988	114	122	83	81	17	8	24	18	17	7	30	22	0	0	1	0	1	1	2	3	0
NZ_UGQW01000002.1	5p	-	23	3230	4678	4735	3348	15991	133	135	84	92	16	8	13	19	18	6	21	32	0	3	1	0	1	1	2	0	0
NZ_UGQW01000002.1	5p	-	24	3292	4570	4989	3141	15992	155	134	83	88	20	5	22	28	15	11	22	25	0	0	1	1	0	2	0	1	0
NZ_UGQW01000002.1	5p	-	25	3454	4503	4551	3485	15993	161	110	84	94	18	8	17	23	16	5	31	23	0	1	1	0	0	1	0	1	0
NZ_UGQW01000002.1	5p	-	26	3329	4607	4755	3301	15992	182	114	101	96	10	9	22	15	22	7	29	30	1	0	0	0	1	1	1	0	0
NZ_UGQW01000002.1	5p	-	27	3336	4356	4975	3325	15992	232	94	87	82	15	11	24	26	17	8	22	37	0	0	0	1	0	1	2	0	0
NZ_UGQW01000002.1	5p	-	28	3516	4468	4543	3466	15993	221	102	84	97	13	5	25	27	19	8	17	16	1	0	1	1	0	2	0	0	0
NZ_UGQW01000002.1	5p	-	29	3426	4550	4546	3471	15993	264	115	83	104	14	10	27	27	15	7	15	28	0	0	1	0	2	0	0	0	0
NZ_UGQW01000002.1	5p	-	30	3407	4341	4903	3342	15993	339	106	89	88	18	2	32	30	21	8	24	25	1	1	1	0	0	1	1	0	0
NZ_UGQW01000002.1	5p	-	31	3371	4030	4397	3358	15156	299	94	78	69	13	11	22	33	15	11	20	23	0	2	0	0	0	0	0	0	0
NZ_UGQW01000002.1	5p	-	32	3073	4020	4099	3071	14263	335	93	67	64	22	11	32	37	13	10	15	27	1	1	0	0	1	2	0	1	0
NZ_UGQW01000002.1	5p	-	33	2859	3587	4108	2879	13433	345	89	81	67	15	5	22	26	13	8	11	18	1	0	1	2	1	1	0	1	0
NZ_UGQW01000002.1	5p	-	34	2936	3318	3509	2816	12579	248	66	61	73	6	2	17	20	13	4	14	20	0	0	0	0	0	0	0	0	0
NZ_UGQW01000002.1	5p	-	35	2520	3244	3392	2636	11792	262	74	51	64	11	11	19	19	15	4	10	20	0	0	0	1	2	0	0	0	0
NZ_UGQW01000002.1	5p	-	36	2353	2910	3416	2361	11040	269	54	58	48	12	4	24	24	14	10	10	19	1	0	0	0	1	1	0	0	0
NZ_UGQW01000002.1	5p	-	37	2351	2713	2984	2315	10363	243	69	57	45	11	3	15	21	8	2	13	14	0	0	0	1	0	1	0	0	0
NZ_UGQW01000002.1	5p	-	38	2062	2755	2809	2109	9735	220	67	54	45	11	5	15	12	6	6	9	13	1	1	0	0	0	0	0	0	0
NZ_UGQW01000002.1	5p	-	39	2005	2442	2751	1956	9154	234	64	39	49	11	2	29	17	12	3	7	18	0	0	0	0	0	0	0	1	0
NZ_UGQW01000002.1	5p	-	40	1926	2263	2449	1960	8598	192	41	35	23	6	5	14	18	7	5	9	9	0	0	0	0	2	0	1	0	0
NZ_UGQW01000002.1	5p	-	41	1783	2186	2296	1803	8068	177	60	34	45	15	5	12	19	4	9	7	14	0	0	0	0	2	0	0	0	0
NZ_UGQW01000002.1	5p	-	42	1680	1994	2302	1619	7595	204	56	44	34	7	5	15	22	12	1	10	9	0	0	0	0	0	1	1	1	0
NZ_UGQW01000002.1	5p	-	43	1640	1821	1959	1615	7035	162	43	42	31	8	3	10	12	10	3	6	10	0	0	1	1	0	0	0	0	0
NZ_UGQW01000002.1	5p	-	44	1418	1753	1913	1422	6506	146	35	24	34	6	5	15	11	12	3	4	8	0	0	1	0	0	0	0	0	0
NZ_UGQW01000002.1	5p	-	45	1382	1553	1859	1267	6061	156	44	26	29	9	2	14	13	5	4	2	10	1	0	1	0	1	0	0	0	0
NZ_UGQW01000002.1	5p	-	46	1288	1414	1585	1358	5645	125	25	24	29	9	3	8	11	4	4	7	10	0	0	0	1	0	0	1	0	0
NZ_UGQW01000002.1	5p	-	47	1140	1453	1523	1119	5235	122	31	23	19	3	5	9	19	4	2	12	7	1	1	0	0	0	0	0	1	0
NZ_UGQW01000002.1	5p	-	48	1040	1250	1471	1094	4855	115	34	27	22	5	3	7	9	5	2	7	6	0	0	0	0	0	0	0	0	0
NZ_UGQW01000002.1	5p	-	49	1041	1173	1253	1052	4519	108	31	20	19	4	2	5	4	6	1	7	4	0	0	0	0	0	2	0	0	0
NZ_UGQW01000002.1	5p	-	50	960	1140	1202	904	4206	95	27	13	14	4	1	5	8	4	5	2	6	0	0	0	0	0	2	0	0	0
NZ_UGQW01000002.1	5p	-	51	862	967	1216	868	3913	83	20	20	18	2	1	13	10	2	1	4	6	0	0	0	0	0	1	0	0	0
NZ_UGQW01000002.1	5p	-	52	842	919	1047	829	3637	72	15	17	24	5	1	2	6	2	1	3	7	0	0	0	0	2	0	0	0	0
NZ_UGQW01000002.1	5p	-	53	724	958	962	736	3380	82	20	6	17	1	2	7	7	4	0	4	4	0	0	0	0	0	0	0	0	0
NZ_UGQW01000002.1	5p	-	54	710	849	955	660	3174	78	23	15	13	2	1	3	7	1	2	2	5	0	1	0	0	0	0	0	0	0
NZ_UGQW01000002.1	5p	-	55	681	734	858	677	2950	54	16	13	18	3	2	1	5	1	1	1	6	0	0	0	0	0	0	0	0	0
NZ_UGQW01000002.1	5p	-	56	620	761	792	600	2773	63	22	17	13	4	0	6	5	1	1	3	2	0	1	0	0	0	1	0	0	0
NZ_UGQW01000002.1	5p	-	57	596	608	788	586	2578	52	13	16	8	1	0	3	5	1	1	1	1	0	0	2	0	0	0	2	0	0
NZ_UGQW01000002.1	5p	-	58	609	635	615	567	2426	50	22	11	7	2	1	1	6	0	0	1	4	0	0	0	0	0	0	0	0	0
NZ_UGQW01000002.1	5p	-	59	533	631	620	492	2276	44	14	12	11	3	2	5	5	1	0	1	3	0	0	0	0	0	0	0	0	0
NZ_UGQW01000002.1	5p	-	60	499	569	612	455	2135	46	12	7	9	2	0	5	2	2	0	2	4	0	0	0	0	0	0	0	0	0
NZ_UGQW01000002.1	5p	-	61	457	524	557	462	2000	50	14	7	14	2	1	4	2	1	1	2	4	0	0	0	0	0	0	0	0	0
NZ_UGQW01000002.1	5p	-	62	415	491	540	426	1872	30	9	8	14	1	1	4	0	6	1	2	3	1	0	0	0	0	0	0	0	0
NZ_UGQW01000002.1	5p	-	63	347	496	521	398	1762	37	11	8	1	0	1	5	2	1	1	3	2	0	0	0	0	0	0	0	0	0
NZ_UGQW01000002.1	5p	-	64	380	431	481	360	1652	41	6	4	7	2	1	1	5	3	1	0	2	0	0	0	0	0	0	0	0	0
NZ_UGQW01000002.1	5p	-	65	317	437	472	320	1546	29	10	8	8	1	0	2	3	0	0	0	1	0	0	0	0	0	0	0	0	0
NZ_UGQW01000002.1	5p	-	66	326	365	452	304	1447	35	13	11	4	0	2	2	4	1	0	2	1	0	1	0	0	0	0	0	0	0
NZ_UGQW01000002.1	5p	-	67	302	361	401	290	1354	23	4	4	2	1	1	2	4	1	0	1	2	1	0	0	0	0	0	0	0	0
NZ_UGQW01000002.1	5p	-	68	309	359	329	277	1274	19	3	7	6	0	1	2	1	0	0	0	2	0	0	0	0	0	0	0	0	0
NZ_UGQW01000002.1	5p	-	69	259	299	357	273	1188	16	5	5	9	1	0	2	0	4	1	0	1	0	0	0	0	0	0	0	0	0
NZ_UGQW01000002.1	5p	-	70	281	266	319	248	1114	16	1	1	4	2	0	0	1	2	0	0	1	0	0	0	0	0	0	0	0	0
