# table produced by mapDamage version 2.2.3
# using mapped file /mnt/archgen/microbiome_calculus/library_ds_vs_ss/04-analysis/normalize_kraken/mapping/neisseria_elongata/out/CDM020.A0101.SG1.1_5M.mapped_n_elongata_q25l30_rmdup.bam and /mnt/archgen/microbiome_calculus/library_ds_vs_ss/04-analysis/normalize_kraken/mapping/neisseria_elongata/input/GCF_900453895.1_42925_E01_genomic.fna as reference file
# Chr: reference from sam/bam header, End: from which termini of DNA sequences, Std: strand of reads
Chr	End	Std	Pos	A	C	G	T	Total	G>A	C>T	A>G	T>C	A>C	A>T	C>G	C>A	T>G	T>A	G>C	G>T	A>-	T>-	C>-	G>-	->A	->T	->C	->G	S
NZ_UGQW01000001.1	3p	+	1	149	179	219	135	682	74	4	2	3	1	0	2	0	0	1	0	0	0	0	0	0	0	0	0	0	0
NZ_UGQW01000001.1	3p	+	2	158	182	208	134	682	49	2	3	3	1	0	1	0	1	1	1	0	0	0	0	0	0	0	0	0	0
NZ_UGQW01000001.1	3p	+	3	147	207	192	136	682	22	7	3	5	1	0	1	3	1	0	0	2	0	0	0	0	0	0	0	0	0
NZ_UGQW01000001.1	3p	+	4	152	194	186	150	682	20	3	4	3	0	1	1	3	1	0	2	1	0	0	0	0	0	0	0	0	0
NZ_UGQW01000001.1	3p	+	5	142	187	214	139	682	28	7	2	5	1	1	2	0	0	2	1	0	0	0	0	0	0	0	0	0	0
NZ_UGQW01000001.1	3p	+	6	144	201	193	144	682	20	3	3	6	1	0	1	2	0	0	2	2	0	0	0	0	0	0	0	0	0
NZ_UGQW01000001.1	3p	+	7	149	192	189	151	681	9	1	2	3	0	0	1	2	1	1	1	1	0	0	0	0	0	0	0	1	0
NZ_UGQW01000001.1	3p	+	8	139	170	210	162	681	7	2	3	4	0	0	0	2	1	2	1	2	0	0	0	0	0	0	1	0	0
NZ_UGQW01000001.1	3p	+	9	151	190	208	132	681	21	4	3	4	0	0	1	2	0	0	0	0	0	0	0	0	0	0	1	0	0
NZ_UGQW01000001.1	3p	+	10	154	171	201	156	682	9	2	0	2	0	0	1	1	1	0	3	1	0	0	0	0	0	0	0	0	0
NZ_UGQW01000001.1	3p	+	11	141	198	195	148	682	11	5	5	7	1	0	1	1	0	1	1	0	0	0	0	0	0	0	0	0	0
NZ_UGQW01000001.1	3p	+	12	149	188	198	147	682	6	2	4	4	0	0	0	0	2	1	4	2	0	0	0	0	0	0	0	0	0
NZ_UGQW01000001.1	3p	+	13	149	181	216	136	682	7	3	2	4	1	0	1	1	0	0	1	3	0	0	0	0	0	0	0	0	0
NZ_UGQW01000001.1	3p	+	14	112	192	229	149	682	8	2	2	2	2	0	1	1	2	0	0	0	1	0	0	0	0	0	0	0	0
NZ_UGQW01000001.1	3p	+	15	139	204	192	147	682	4	5	8	5	0	0	1	1	0	0	2	0	0	0	0	0	0	0	0	0	0
NZ_UGQW01000001.1	3p	+	16	143	189	212	138	682	11	4	1	2	2	0	1	0	2	0	2	2	0	0	0	0	0	0	0	0	0
NZ_UGQW01000001.1	3p	+	17	158	179	214	131	682	6	4	6	7	0	1	0	0	3	0	1	0	0	0	0	0	0	0	0	0	0
NZ_UGQW01000001.1	3p	+	18	130	186	222	144	682	3	3	5	2	0	0	0	1	2	0	1	1	0	0	0	0	0	0	0	0	0
NZ_UGQW01000001.1	3p	+	19	141	201	194	146	682	6	4	4	4	0	0	0	1	0	0	0	0	0	0	0	0	0	0	0	0	0
NZ_UGQW01000001.1	3p	+	20	149	190	208	135	682	8	8	3	3	0	1	0	2	1	0	1	2	0	0	0	0	0	0	0	0	0
NZ_UGQW01000001.1	3p	+	21	138	181	222	141	682	4	4	2	3	0	0	0	0	2	0	0	0	0	0	0	0	0	0	0	0	0
NZ_UGQW01000001.1	3p	+	22	142	191	210	139	682	4	3	4	5	0	0	0	0	2	0	4	1	0	0	0	0	0	0	0	0	0
NZ_UGQW01000001.1	3p	+	23	145	201	197	139	682	5	3	1	3	1	0	1	0	2	1	4	1	0	0	0	0	0	0	0	0	0
NZ_UGQW01000001.1	3p	+	24	138	197	200	147	682	7	9	3	8	0	0	1	0	0	0	1	1	0	0	0	0	0	0	0	0	0
NZ_UGQW01000001.1	3p	+	25	150	183	210	139	682	4	7	0	4	0	0	0	1	0	0	0	1	0	0	0	0	0	0	0	0	0
NZ_UGQW01000001.1	3p	+	26	124	177	230	151	682	8	6	1	5	2	1	0	1	2	0	1	1	0	0	0	0	0	0	0	0	0
NZ_UGQW01000001.1	3p	+	27	134	198	191	159	682	6	2	3	3	1	0	1	0	1	0	2	0	0	0	0	0	0	0	0	0	0
NZ_UGQW01000001.1	3p	+	28	145	189	183	165	682	4	10	7	4	1	0	1	0	0	0	3	1	0	0	0	0	0	0	0	0	0
NZ_UGQW01000001.1	3p	+	29	158	181	217	126	682	6	9	0	3	3	1	1	0	0	1	0	1	0	0	0	0	0	0	0	0	0
NZ_UGQW01000001.1	3p	+	30	146	199	188	148	681	3	9	2	9	3	0	0	1	0	0	1	0	0	0	0	0	0	0	0	1	0
NZ_UGQW01000001.1	3p	+	31	131	188	201	147	667	5	13	1	1	0	1	1	1	0	0	1	1	0	0	0	0	0	0	0	0	0
NZ_UGQW01000001.1	3p	+	32	130	199	187	137	653	4	10	3	4	1	1	1	3	1	0	2	0	0	0	0	0	0	0	0	0	0
NZ_UGQW01000001.1	3p	+	33	117	175	193	153	638	6	15	3	5	0	1	1	1	0	0	1	1	0	0	0	0	0	0	0	0	0
NZ_UGQW01000001.1	3p	+	34	126	161	177	147	611	2	8	3	5	0	0	0	2	0	0	3	1	0	0	0	0	0	0	0	0	0
NZ_UGQW01000001.1	3p	+	35	121	156	194	121	592	3	10	2	5	1	0	0	0	3	0	1	0	0	0	0	0	0	0	0	0	0
NZ_UGQW01000001.1	3p	+	36	113	160	165	132	570	3	11	1	4	1	0	1	0	2	0	0	1	0	0	0	0	0	0	0	0	0
NZ_UGQW01000001.1	3p	+	37	106	162	157	131	556	1	9	2	2	0	1	1	0	0	0	0	1	0	0	0	0	0	0	0	0	0
NZ_UGQW01000001.1	3p	+	38	95	126	187	128	536	6	12	0	5	0	0	0	0	0	0	1	1	0	0	0	0	0	0	0	0	0
NZ_UGQW01000001.1	3p	+	39	118	135	148	121	522	7	9	5	1	0	0	0	0	0	0	0	1	0	0	0	0	0	0	0	0	0
NZ_UGQW01000001.1	3p	+	40	106	151	132	118	507	3	14	2	0	0	1	1	0	1	1	1	0	0	0	0	0	0	0	0	0	0
NZ_UGQW01000001.1	3p	+	41	107	118	151	114	490	5	9	2	5	0	0	0	0	0	0	0	2	0	0	0	0	0	0	0	0	0
NZ_UGQW01000001.1	3p	+	42	107	128	137	102	474	4	11	2	2	0	0	0	0	0	0	0	1	0	0	0	0	0	0	0	0	0
NZ_UGQW01000001.1	3p	+	43	107	117	122	108	454	3	7	3	4	1	0	0	0	0	0	1	1	0	0	0	0	0	0	0	0	0
NZ_UGQW01000001.1	3p	+	44	106	112	131	90	439	3	9	2	1	1	0	0	0	0	0	0	0	0	0	0	0	0	0	0	0	0
NZ_UGQW01000001.1	3p	+	45	89	125	119	91	424	3	17	2	0	0	1	0	0	0	0	1	1	0	0	0	0	0	0	0	0	0
NZ_UGQW01000001.1	3p	+	46	99	98	115	90	402	1	8	2	2	1	0	0	0	1	0	0	1	0	0	0	0	0	0	0	0	0
NZ_UGQW01000001.1	3p	+	47	82	105	115	87	389	0	12	2	2	2	0	0	0	0	0	0	2	0	0	0	0	0	0	0	0	0
NZ_UGQW01000001.1	3p	+	48	86	99	113	71	369	2	6	1	2	0	0	0	0	0	1	0	0	0	0	0	0	0	0	0	0	0
NZ_UGQW01000001.1	3p	+	49	71	97	106	76	350	1	2	0	2	0	0	0	0	0	0	0	1	0	0	0	0	0	0	0	0	0
NZ_UGQW01000001.1	3p	+	50	54	108	104	68	334	3	11	0	2	0	0	0	0	0	0	1	0	0	0	0	0	0	0	0	0	0
NZ_UGQW01000001.1	3p	+	51	56	102	81	84	323	2	6	5	3	0	0	0	0	1	0	1	0	0	0	0	0	0	0	0	0	0
NZ_UGQW01000001.1	3p	+	52	60	76	94	77	307	2	6	3	1	0	0	0	0	0	0	0	1	0	0	0	0	0	0	0	0	0
NZ_UGQW01000001.1	3p	+	53	61	78	93	62	294	1	3	3	0	0	0	0	0	0	0	1	1	0	0	0	0	0	0	0	0	0
NZ_UGQW01000001.1	3p	+	54	52	81	89	65	287	3	6	1	3	2	0	0	0	0	0	1	0	0	0	0	0	0	0	0	0	0
NZ_UGQW01000001.1	3p	+	55	48	84	85	60	277	1	7	1	2	0	0	0	1	0	0	0	1	0	0	0	0	0	0	0	0	0
NZ_UGQW01000001.1	3p	+	56	47	75	81	61	264	2	4	1	3	0	0	0	0	0	0	0	0	0	0	0	0	0	0	0	0	0
NZ_UGQW01000001.1	3p	+	57	42	67	78	69	256	3	5	2	4	0	0	0	0	0	0	0	0	0	0	0	0	0	0	0	0	0
NZ_UGQW01000001.1	3p	+	58	55	61	67	61	244	0	2	1	0	0	0	1	0	0	0	0	0	0	0	0	0	0	0	0	0	0
NZ_UGQW01000001.1	3p	+	59	33	59	78	65	235	2	3	0	1	0	0	0	0	0	0	0	1	0	0	0	0	0	0	0	0	0
NZ_UGQW01000001.1	3p	+	60	51	69	46	65	231	2	5	1	3	0	1	0	0	1	0	0	0	0	0	0	0	0	0	0	0	0
NZ_UGQW01000001.1	3p	+	61	46	66	58	55	225	0	3	0	2	1	0	0	1	0	0	0	0	0	0	0	0	0	0	0	0	0
NZ_UGQW01000001.1	3p	+	62	43	54	72	49	218	1	1	0	3	0	0	0	0	1	0	0	0	0	0	0	0	0	0	0	0	0
NZ_UGQW01000001.1	3p	+	63	33	54	72	54	213	1	0	1	2	0	0	0	0	0	0	0	0	0	0	0	0	0	0	0	0	0
NZ_UGQW01000001.1	3p	+	64	43	65	57	42	207	0	7	0	1	2	0	0	1	0	0	0	0	0	0	0	0	0	0	0	0	0
NZ_UGQW01000001.1	3p	+	65	41	57	53	47	198	2	6	4	2	0	0	0	0	0	0	0	0	0	0	0	1	0	0	0	0	0
NZ_UGQW01000001.1	3p	+	66	39	55	51	45	190	0	7	0	2	0	0	0	1	0	0	0	0	0	0	0	0	0	0	0	0	0
NZ_UGQW01000001.1	3p	+	67	33	48	56	41	178	0	6	0	2	0	0	0	0	0	0	0	0	0	0	0	0	0	0	0	0	0
NZ_UGQW01000001.1	3p	+	68	48	45	43	39	175	0	5	0	2	0	0	1	0	0	0	1	1	0	0	0	0	0	0	0	0	0
NZ_UGQW01000001.1	3p	+	69	49	45	44	32	170	0	5	1	0	0	0	0	0	0	0	0	0	0	0	0	0	0	0	0	0	0
NZ_UGQW01000001.1	3p	+	70	38	44	45	40	167	1	3	0	3	0	0	0	0	0	0	0	0	0	0	0	0	0	0	0	0	0
NZ_UGQW01000001.1	3p	-	1	183	214	234	141	772	75	3	3	2	0	0	3	3	1	2	1	0	0	0	0	0	0	0	0	0	0
NZ_UGQW01000001.1	3p	-	2	187	219	202	164	772	55	6	2	6	1	0	0	0	1	0	3	2	0	0	0	0	0	0	0	0	0
NZ_UGQW01000001.1	3p	-	3	175	233	202	162	772	23	3	2	3	0	0	2	1	0	0	1	0	0	0	0	0	0	0	0	0	0
NZ_UGQW01000001.1	3p	-	4	195	219	196	162	772	24	6	4	4	0	0	0	1	0	1	0	2	0	0	0	0	0	0	0	0	0
NZ_UGQW01000001.1	3p	-	5	188	218	201	165	772	16	3	6	3	0	0	0	1	1	0	1	0	0	0	0	0	0	0	0	0	0
NZ_UGQW01000001.1	3p	-	6	158	224	232	158	772	24	0	3	2	0	0	0	0	1	1	0	3	0	0	0	0	0	0	0	0	0
NZ_UGQW01000001.1	3p	-	7	177	226	204	165	772	21	6	5	7	0	0	1	0	1	0	1	1	0	0	0	0	0	0	0	0	0
NZ_UGQW01000001.1	3p	-	8	184	201	220	167	772	14	1	2	2	0	1	0	1	1	0	3	0	0	0	0	0	0	0	0	0	0
NZ_UGQW01000001.1	3p	-	9	167	236	220	149	772	12	3	5	2	1	1	0	3	0	1	0	1	0	0	0	0	0	0	0	0	0
NZ_UGQW01000001.1	3p	-	10	164	229	215	164	772	10	1	3	4	0	0	0	0	0	1	0	1	0	0	0	0	0	0	0	0	0
NZ_UGQW01000001.1	3p	-	11	173	225	228	146	772	9	6	2	7	1	1	1	1	2	0	0	1	0	0	0	0	0	0	0	0	0
NZ_UGQW01000001.1	3p	-	12	158	246	219	148	771	9	6	1	6	0	1	3	2	0	0	0	1	0	0	0	0	0	1	0	0	0
NZ_UGQW01000001.1	3p	-	13	186	218	211	157	772	5	6	5	1	0	0	1	0	1	0	0	0	0	0	0	0	0	0	0	0	0
NZ_UGQW01000001.1	3p	-	14	156	230	228	158	772	10	7	4	2	0	0	3	0	1	0	1	0	0	0	0	0	0	0	0	0	0
NZ_UGQW01000001.1	3p	-	15	170	253	207	142	772	11	5	6	5	1	0	0	0	0	0	0	2	0	0	0	0	0	0	0	0	0
NZ_UGQW01000001.1	3p	-	16	175	232	199	165	771	11	3	4	4	0	0	1	0	0	2	0	0	0	0	0	0	0	1	0	0	0
NZ_UGQW01000001.1	3p	-	17	179	208	228	157	772	8	5	8	4	1	2	2	0	0	0	2	1	0	0	0	0	0	0	0	0	0
NZ_UGQW01000001.1	3p	-	18	178	227	193	174	772	12	2	4	5	0	0	0	0	0	0	0	0	0	0	0	0	0	0	0	0	0
NZ_UGQW01000001.1	3p	-	19	182	234	192	164	772	4	3	5	2	0	0	2	0	0	0	0	1	0	0	0	0	0	0	0	0	0
NZ_UGQW01000001.1	3p	-	20	169	219	220	164	772	9	3	6	5	2	0	1	2	0	0	0	2	0	0	0	0	0	0	0	0	0
NZ_UGQW01000001.1	3p	-	21	138	244	223	167	772	7	3	5	3	0	0	1	0	2	1	0	1	0	0	0	0	0	0	0	0	0
NZ_UGQW01000001.1	3p	-	22	151	232	219	170	772	7	4	3	0	0	1	1	0	0	0	0	1	0	0	0	0	0	0	0	0	0
NZ_UGQW01000001.1	3p	-	23	152	236	219	165	772	10	8	3	5	1	2	1	1	0	0	0	0	0	0	0	1	0	0	0	0	0
NZ_UGQW01000001.1	3p	-	24	158	236	222	156	772	8	4	3	4	0	0	1	1	1	1	0	1	0	0	0	0	0	0	0	0	0
NZ_UGQW01000001.1	3p	-	25	161	227	209	175	772	8	11	6	5	0	0	2	0	0	1	1	0	0	0	0	0	0	0	0	0	0
NZ_UGQW01000001.1	3p	-	26	177	218	224	153	772	10	10	7	4	1	0	1	2	0	0	1	0	0	0	0	0	0	0	0	0	0
NZ_UGQW01000001.1	3p	-	27	157	237	226	152	772	5	10	6	1	1	0	1	3	0	0	0	1	0	0	0	0	0	0	0	0	0
NZ_UGQW01000001.1	3p	-	28	168	233	200	170	771	3	8	3	1	0	0	0	0	0	0	1	0	0	0	0	0	0	1	0	0	0
NZ_UGQW01000001.1	3p	-	29	172	230	222	148	772	2	6	6	4	1	1	1	1	0	0	1	0	0	0	0	0	0	0	0	0	0
NZ_UGQW01000001.1	3p	-	30	161	238	226	147	772	4	11	3	1	0	0	1	0	2	1	0	2	0	0	0	0	0	0	0	0	0
NZ_UGQW01000001.1	3p	-	31	162	232	189	158	741	4	12	8	2	0	0	0	2	1	1	1	2	0	0	0	0	0	0	0	0	0
NZ_UGQW01000001.1	3p	-	32	156	205	215	145	721	6	17	8	1	1	0	2	2	1	1	0	0	0	0	0	0	0	0	0	0	0
NZ_UGQW01000001.1	3p	-	33	155	227	174	142	698	6	7	4	3	0	0	0	2	0	1	1	0	0	0	0	0	0	0	0	0	0
NZ_UGQW01000001.1	3p	-	34	167	201	167	143	678	3	8	5	1	1	0	0	0	0	0	2	0	0	0	0	0	0	0	0	0	0
NZ_UGQW01000001.1	3p	-	35	152	182	169	158	661	3	11	6	2	0	0	0	1	1	0	2	0	0	0	0	0	0	0	0	0	0
NZ_UGQW01000001.1	3p	-	36	124	179	195	144	642	7	9	3	2	0	0	0	1	1	0	0	0	0	0	0	0	0	0	0	0	0
NZ_UGQW01000001.1	3p	-	37	132	190	161	130	613	3	10	2	6	0	1	0	1	1	0	0	1	0	0	0	0	0	0	0	0	0
NZ_UGQW01000001.1	3p	-	38	120	181	181	105	587	5	8	4	3	1	0	0	1	0	0	0	0	0	0	0	0	0	0	0	0	0
NZ_UGQW01000001.1	3p	-	39	127	173	147	125	572	6	8	3	2	0	0	0	1	2	0	0	1	0	0	0	0	0	0	1	0	0
NZ_UGQW01000001.1	3p	-	40	132	165	146	113	556	3	9	0	1	1	0	0	0	1	0	0	0	0	0	0	0	0	0	1	0	0
NZ_UGQW01000001.1	3p	-	41	116	159	145	114	534	1	8	2	3	1	0	1	0	0	1	0	0	0	0	0	0	0	0	0	0	0
NZ_UGQW01000001.1	3p	-	42	96	155	151	116	518	2	8	2	2	1	1	0	2	1	0	1	0	0	0	0	0	0	0	0	0	0
NZ_UGQW01000001.1	3p	-	43	98	144	148	114	504	2	12	0	5	0	1	1	2	0	0	0	1	0	0	0	0	0	0	0	0	0
NZ_UGQW01000001.1	3p	-	44	107	142	129	105	483	2	7	6	2	1	0	0	0	0	0	0	0	0	0	0	0	0	0	0	0	0
NZ_UGQW01000001.1	3p	-	45	99	149	131	91	470	1	16	3	0	0	0	0	0	1	0	0	0	1	0	0	0	0	0	0	0	0
NZ_UGQW01000001.1	3p	-	46	92	130	137	97	456	5	8	3	3	1	1	0	1	0	0	0	1	0	0	0	0	0	0	0	0	0
NZ_UGQW01000001.1	3p	-	47	90	128	118	99	435	1	8	1	2	0	1	0	0	0	0	0	0	0	0	0	0	0	0	0	0	0
NZ_UGQW01000001.1	3p	-	48	85	128	102	103	418	0	12	2	4	0	0	1	0	0	0	1	1	0	0	0	0	0	0	0	0	0
NZ_UGQW01000001.1	3p	-	49	93	103	113	94	403	2	8	1	1	1	0	1	2	1	1	0	1	0	0	0	0	0	0	0	0	0
NZ_UGQW01000001.1	3p	-	50	81	101	108	96	386	2	6	3	1	1	0	0	0	0	0	0	0	0	0	0	0	0	0	0	0	0
NZ_UGQW01000001.1	3p	-	51	90	106	107	63	366	3	9	1	3	0	1	0	0	0	0	0	0	0	0	0	0	0	0	0	0	0
NZ_UGQW01000001.1	3p	-	52	83	107	101	63	354	4	3	1	1	0	0	1	0	0	1	0	0	0	0	0	0	0	0	0	0	0
NZ_UGQW01000001.1	3p	-	53	74	107	91	64	336	1	9	0	1	0	0	0	1	0	0	0	0	0	0	0	0	0	0	0	0	0
NZ_UGQW01000001.1	3p	-	54	65	110	86	62	323	4	7	3	2	0	0	0	0	0	0	0	0	0	0	0	0	0	0	0	0	0
NZ_UGQW01000001.1	3p	-	55	74	85	88	64	311	2	2	0	1	0	0	0	0	0	0	0	0	0	0	0	0	0	0	0	0	0
NZ_UGQW01000001.1	3p	-	56	90	84	69	54	297	1	6	3	0	0	0	1	1	0	0	0	0	0	0	0	0	0	0	0	0	0
NZ_UGQW01000001.1	3p	-	57	62	85	77	56	280	5	5	1	1	0	0	1	0	0	0	0	0	0	0	0	0	0	0	0	0	0
NZ_UGQW01000001.1	3p	-	58	66	73	91	41	271	2	7	0	0	0	0	0	0	0	0	0	0	0	0	0	0	0	0	0	0	0
NZ_UGQW01000001.1	3p	-	59	62	76	77	46	261	2	8	5	1	1	0	0	0	0	0	0	0	0	0	0	0	0	0	0	0	0
NZ_UGQW01000001.1	3p	-	60	57	75	74	43	249	1	4	1	1	0	0	0	0	0	0	0	0	0	0	0	0	0	0	0	0	0
NZ_UGQW01000001.1	3p	-	61	59	53	67	61	240	2	4	1	2	2	0	0	0	0	0	0	0	0	0	0	0	0	0	0	0	0
NZ_UGQW01000001.1	3p	-	62	61	69	61	42	233	1	2	0	2	0	0	0	0	0	0	0	0	0	0	0	0	0	0	0	0	0
NZ_UGQW01000001.1	3p	-	63	40	65	74	52	231	3	6	0	1	1	0	0	0	1	1	0	0	0	0	0	0	0	0	0	0	0
NZ_UGQW01000001.1	3p	-	64	39	65	70	45	219	0	4	1	0	0	0	0	0	0	0	0	2	0	0	0	0	0	0	0	0	0
NZ_UGQW01000001.1	3p	-	65	37	57	59	56	209	0	2	0	0	1	0	0	1	0	0	0	0	0	0	0	0	0	0	0	0	0
NZ_UGQW01000001.1	3p	-	66	36	64	59	44	203	1	4	3	0	0	0	0	1	0	0	0	0	0	0	0	0	0	0	0	0	0
NZ_UGQW01000001.1	3p	-	67	45	52	57	41	195	1	3	0	2	0	0	0	0	0	0	0	0	0	0	0	0	0	0	0	0	0
NZ_UGQW01000001.1	3p	-	68	48	54	46	38	186	3	3	1	2	0	0	0	1	0	0	0	1	0	0	0	0	0	0	0	0	0
NZ_UGQW01000001.1	3p	-	69	46	55	33	45	179	0	3	2	1	0	0	0	0	1	0	0	0	0	0	0	0	0	0	0	0	0
NZ_UGQW01000001.1	3p	-	70	40	53	41	43	177	1	6	1	0	0	0	0	0	0	1	0	0	0	0	0	0	0	0	0	0	0
NZ_UGQW01000001.1	5p	+	1	150	198	138	196	682	1	69	4	5	1	0	0	2	1	0	0	3	0	0	0	0	0	0	0	0	0
NZ_UGQW01000001.1	5p	+	2	150	185	193	154	682	4	48	4	7	0	2	0	2	1	0	1	1	0	0	0	0	0	0	0	0	0
NZ_UGQW01000001.1	5p	+	3	153	174	210	145	682	1	25	5	4	0	1	1	0	1	1	0	0	0	0	0	0	0	0	0	0	0
NZ_UGQW01000001.1	5p	+	4	151	199	186	146	682	3	25	3	4	2	0	1	0	0	0	3	3	0	0	0	0	0	0	0	0	0
NZ_UGQW01000001.1	5p	+	5	146	167	213	156	682	2	19	6	5	0	0	0	0	0	0	1	0	0	0	0	0	0	0	0	0	0
NZ_UGQW01000001.1	5p	+	6	152	171	212	147	682	5	20	5	3	1	0	1	0	1	0	0	0	0	0	0	0	0	0	0	0	0
NZ_UGQW01000001.1	5p	+	7	150	179	176	177	682	2	14	0	8	0	0	0	0	0	0	0	1	0	0	0	0	0	0	0	0	0
NZ_UGQW01000001.1	5p	+	8	136	187	199	160	682	3	12	2	10	0	0	1	0	0	1	1	1	0	0	0	0	0	0	0	0	0
NZ_UGQW01000001.1	5p	+	9	150	175	206	151	682	2	11	3	4	1	0	1	0	1	0	3	0	0	0	0	0	0	0	0	0	0
NZ_UGQW01000001.1	5p	+	10	156	180	192	154	682	4	7	2	4	0	0	0	0	0	0	1	1	0	0	0	0	0	0	0	0	0
NZ_UGQW01000001.1	5p	+	11	136	187	214	145	682	2	1	2	4	0	0	2	0	0	0	1	1	0	0	0	1	0	0	0	0	0
NZ_UGQW01000001.1	5p	+	12	143	212	183	144	682	1	14	0	2	0	0	0	0	0	0	0	0	0	0	0	0	0	0	0	0	0
NZ_UGQW01000001.1	5p	+	13	141	166	218	157	682	2	8	2	3	1	0	0	0	0	0	2	0	0	0	0	0	0	0	0	0	0
NZ_UGQW01000001.1	5p	+	14	139	200	192	150	681	2	5	6	1	0	0	0	0	1	0	2	0	0	0	0	0	0	0	0	1	0
NZ_UGQW01000001.1	5p	+	15	141	193	205	143	682	5	8	2	1	0	0	1	0	1	0	2	0	0	0	0	0	0	0	0	0	0
NZ_UGQW01000001.1	5p	+	16	126	186	204	166	682	5	13	0	6	1	0	0	0	0	0	2	0	0	0	0	0	0	0	0	0	0
NZ_UGQW01000001.1	5p	+	17	129	187	213	153	682	4	8	2	1	0	1	0	0	1	0	1	0	0	0	0	0	0	0	0	0	0
NZ_UGQW01000001.1	5p	+	18	135	179	213	155	682	7	5	2	4	0	0	0	2	0	0	0	2	0	0	0	0	0	0	0	0	0
NZ_UGQW01000001.1	5p	+	19	154	174	195	159	682	5	3	4	5	1	2	1	0	0	0	0	1	0	0	0	0	0	0	0	0	0
NZ_UGQW01000001.1	5p	+	20	128	210	205	139	682	5	6	2	4	0	1	1	1	0	0	0	2	0	0	0	0	0	0	0	0	0
NZ_UGQW01000001.1	5p	+	21	143	201	211	127	682	7	9	5	1	0	0	2	0	1	0	3	1	0	0	0	0	0	0	0	0	0
NZ_UGQW01000001.1	5p	+	22	121	205	202	154	682	4	5	3	4	0	0	0	0	1	1	0	4	0	0	0	0	0	0	0	0	0
NZ_UGQW01000001.1	5p	+	23	152	189	197	144	682	3	3	2	8	2	0	0	0	1	0	2	0	0	0	0	0	0	0	0	0	0
NZ_UGQW01000001.1	5p	+	24	154	169	218	141	682	4	5	5	6	1	0	0	1	0	0	2	1	0	0	0	0	0	0	0	0	0
NZ_UGQW01000001.1	5p	+	25	171	175	189	147	682	2	4	1	2	0	0	0	2	3	0	3	2	0	0	0	0	0	0	0	0	0
NZ_UGQW01000001.1	5p	+	26	137	202	191	152	682	14	7	5	4	1	0	1	0	1	0	1	0	0	0	0	0	0	0	0	0	0
NZ_UGQW01000001.1	5p	+	27	153	191	206	132	682	7	4	9	10	0	0	0	2	2	0	1	1	0	0	0	0	0	0	0	0	0
NZ_UGQW01000001.1	5p	+	28	166	183	196	137	682	10	0	8	4	1	0	1	1	0	0	0	0	0	0	0	0	0	0	0	0	0
NZ_UGQW01000001.1	5p	+	29	129	180	231	142	682	11	4	5	5	1	0	0	0	2	0	1	0	0	0	0	0	0	0	0	0	0
NZ_UGQW01000001.1	5p	+	30	142	190	200	150	682	11	5	3	7	0	0	0	1	1	0	1	0	0	0	0	0	0	0	0	0	0
NZ_UGQW01000001.1	5p	+	31	140	172	183	172	667	11	4	3	3	0	0	0	1	1	1	1	2	0	0	0	0	0	0	0	0	0
NZ_UGQW01000001.1	5p	+	32	127	179	208	139	653	13	6	2	6	0	1	0	0	0	1	0	1	0	0	0	0	0	0	0	0	0
NZ_UGQW01000001.1	5p	+	33	137	157	201	143	638	16	4	2	3	1	1	2	0	0	1	0	1	0	0	0	0	0	0	0	0	0
NZ_UGQW01000001.1	5p	+	34	150	165	159	137	611	7	4	2	4	2	0	1	0	0	0	0	2	0	0	0	0	0	0	0	0	0
NZ_UGQW01000001.1	5p	+	35	118	163	176	135	592	16	6	4	4	2	0	2	2	1	1	0	1	0	0	0	0	0	0	0	0	0
NZ_UGQW01000001.1	5p	+	36	103	171	178	118	570	5	3	3	3	0	0	0	0	0	0	0	0	0	0	0	0	0	0	0	0	0
NZ_UGQW01000001.1	5p	+	37	115	142	153	146	556	12	2	1	5	2	0	0	0	0	1	1	1	0	0	0	0	0	0	0	0	0
NZ_UGQW01000001.1	5p	+	38	106	152	150	128	536	10	3	0	3	0	0	0	2	2	0	0	2	0	0	0	0	0	0	0	0	0
NZ_UGQW01000001.1	5p	+	39	96	156	177	93	522	12	3	0	1	0	0	1	1	0	0	2	2	0	0	0	0	0	0	0	0	0
NZ_UGQW01000001.1	5p	+	40	97	130	162	118	507	12	1	0	1	0	0	2	0	0	0	0	0	0	0	0	0	0	0	0	0	0
NZ_UGQW01000001.1	5p	+	41	92	158	130	110	490	7	3	2	4	1	0	0	1	1	0	0	0	1	0	0	0	0	0	0	0	0
NZ_UGQW01000001.1	5p	+	42	88	134	132	120	474	3	5	1	1	0	0	1	1	2	1	0	0	0	0	0	0	0	0	0	0	0
NZ_UGQW01000001.1	5p	+	43	88	134	133	99	454	7	4	0	3	1	0	1	3	0	0	0	1	0	0	0	0	0	0	0	0	0
NZ_UGQW01000001.1	5p	+	44	78	127	139	95	439	9	3	5	6	0	0	0	2	0	0	0	1	0	0	0	0	0	0	0	0	0
NZ_UGQW01000001.1	5p	+	45	84	115	133	92	424	9	2	2	1	1	1	1	1	0	0	0	0	0	0	0	0	0	0	0	0	0
NZ_UGQW01000001.1	5p	+	46	86	89	134	93	402	8	5	1	0	0	1	1	0	0	0	1	0	0	0	0	0	0	0	0	0	0
NZ_UGQW01000001.1	5p	+	47	78	116	115	80	389	11	1	1	4	0	0	0	0	1	0	0	0	0	0	0	0	0	0	0	0	0
NZ_UGQW01000001.1	5p	+	48	79	101	114	75	369	9	3	0	1	0	0	0	0	0	0	1	1	0	0	0	0	0	0	0	0	0
NZ_UGQW01000001.1	5p	+	49	81	93	94	82	350	10	3	2	0	0	0	0	0	1	0	0	0	0	0	0	0	0	0	0	0	0
NZ_UGQW01000001.1	5p	+	50	66	92	100	76	334	8	0	1	3	0	0	0	0	0	0	1	1	0	0	0	0	0	0	0	0	0
NZ_UGQW01000001.1	5p	+	51	79	93	94	57	323	3	1	2	3	2	0	0	0	0	0	0	0	0	0	0	0	0	0	0	0	0
NZ_UGQW01000001.1	5p	+	52	61	75	101	70	307	10	2	1	0	0	0	0	0	0	0	0	1	0	0	0	0	0	0	0	0	0
NZ_UGQW01000001.1	5p	+	53	57	79	89	69	294	5	3	1	2	0	0	0	0	0	0	0	0	0	0	0	0	0	0	0	0	0
NZ_UGQW01000001.1	5p	+	54	63	69	93	62	287	6	2	1	2	0	0	1	0	1	0	0	0	0	0	0	0	0	0	0	0	0
NZ_UGQW01000001.1	5p	+	55	57	71	86	63	277	9	0	1	0	1	0	0	0	0	0	1	1	0	0	0	0	0	0	0	0	0
NZ_UGQW01000001.1	5p	+	56	51	92	64	57	264	7	5	0	3	1	0	1	1	0	0	0	0	0	0	0	0	0	0	0	0	0
NZ_UGQW01000001.1	5p	+	57	45	58	87	66	256	5	0	1	0	0	0	1	1	2	0	0	0	0	0	0	0	0	0	0	0	0
NZ_UGQW01000001.1	5p	+	58	51	71	69	52	243	5	1	0	1	1	0	0	1	0	0	1	1	0	0	0	0	0	0	1	0	0
NZ_UGQW01000001.1	5p	+	59	44	61	73	57	235	7	1	3	3	1	0	0	0	1	0	0	0	0	0	0	0	0	0	0	0	0
NZ_UGQW01000001.1	5p	+	60	46	65	77	43	231	6	1	4	2	1	0	0	0	1	1	0	0	0	0	0	0	0	0	0	0	0
NZ_UGQW01000001.1	5p	+	61	47	65	65	48	225	4	3	0	0	0	0	0	0	2	0	1	0	0	0	0	0	0	0	0	0	0
NZ_UGQW01000001.1	5p	+	62	49	70	60	39	218	4	4	2	0	0	0	0	1	0	1	2	0	0	0	0	0	0	0	0	0	0
NZ_UGQW01000001.1	5p	+	63	45	51	74	43	213	2	2	0	4	0	0	0	0	1	1	2	0	0	0	0	0	0	0	0	0	0
NZ_UGQW01000001.1	5p	+	64	45	65	61	36	207	1	1	2	1	0	0	0	1	0	0	0	0	0	0	0	0	0	0	0	0	0
NZ_UGQW01000001.1	5p	+	65	31	65	69	33	198	2	1	1	2	1	0	1	0	0	0	0	0	0	0	0	0	0	0	0	0	0
NZ_UGQW01000001.1	5p	+	66	36	44	67	43	190	4	1	0	1	0	0	0	0	0	0	0	0	0	0	0	0	0	0	0	0	0
NZ_UGQW01000001.1	5p	+	67	29	50	57	42	178	5	1	0	1	0	0	0	0	0	0	0	0	0	0	0	0	0	0	0	0	0
NZ_UGQW01000001.1	5p	+	68	35	60	49	31	175	3	2	0	3	1	0	0	0	0	1	0	0	0	0	0	0	0	0	0	0	0
NZ_UGQW01000001.1	5p	+	69	49	42	46	33	170	0	1	1	1	0	0	0	0	0	0	0	0	0	0	0	0	0	0	0	0	0
NZ_UGQW01000001.1	5p	+	70	43	42	48	34	167	1	0	0	0	0	0	0	0	0	0	0	0	0	0	0	0	0	0	0	0	0
NZ_UGQW01000001.1	5p	-	1	165	246	164	197	772	2	69	6	1	1	0	0	1	1	0	0	2	0	0	0	0	0	0	0	0	0
NZ_UGQW01000001.1	5p	-	2	175	233	200	164	772	2	38	5	2	1	0	0	1	1	0	3	0	0	0	0	0	0	0	0	0	0
NZ_UGQW01000001.1	5p	-	3	180	191	230	171	772	7	21	5	6	1	0	1	0	0	2	2	1	0	0	0	0	0	0	0	0	0
NZ_UGQW01000001.1	5p	-	4	187	225	190	169	771	3	21	3	3	0	1	1	0	0	0	0	0	0	0	0	0	0	0	1	0	0
NZ_UGQW01000001.1	5p	-	5	176	233	199	163	771	6	28	5	3	3	0	1	0	0	0	1	0	0	0	0	0	0	0	1	0	0
NZ_UGQW01000001.1	5p	-	6	189	210	204	169	772	0	26	7	6	0	2	0	1	1	1	0	1	0	0	0	0	0	0	0	0	0
NZ_UGQW01000001.1	5p	-	7	179	215	227	151	772	1	15	1	1	2	0	0	1	0	0	1	0	0	0	0	0	0	0	0	0	0
NZ_UGQW01000001.1	5p	-	8	170	238	191	173	772	5	15	1	4	0	1	1	3	2	1	1	0	0	0	0	0	0	0	0	0	0
NZ_UGQW01000001.1	5p	-	9	182	224	196	169	771	6	13	6	5	0	1	2	1	1	0	0	2	0	0	0	0	0	1	0	0	0
NZ_UGQW01000001.1	5p	-	10	142	225	211	194	772	3	6	2	0	1	0	0	0	1	1	0	0	0	0	0	0	0	0	0	0	0
NZ_UGQW01000001.1	5p	-	11	147	243	233	149	772	7	9	1	4	0	0	1	2	0	1	0	0	0	0	0	0	0	0	0	0	0
NZ_UGQW01000001.1	5p	-	12	147	241	225	159	772	6	10	3	3	0	0	1	2	1	0	1	1	0	0	0	0	0	0	0	0	0
NZ_UGQW01000001.1	5p	-	13	149	252	201	170	772	2	5	2	3	0	1	1	1	0	0	0	1	0	0	0	0	0	0	0	0	0
NZ_UGQW01000001.1	5p	-	14	156	224	240	152	772	8	7	4	4	1	0	0	1	0	0	0	3	0	0	0	1	0	0	0	0	0
NZ_UGQW01000001.1	5p	-	15	157	221	230	164	772	7	8	3	2	2	0	1	0	0	1	0	1	0	0	0	0	0	0	0	0	0
NZ_UGQW01000001.1	5p	-	16	167	256	197	152	772	3	9	3	5	1	0	1	0	1	0	0	0	0	0	0	0	0	0	0	0	0
NZ_UGQW01000001.1	5p	-	17	167	250	218	137	772	9	11	6	1	0	0	0	0	1	0	0	0	0	0	0	0	0	0	0	0	0
NZ_UGQW01000001.1	5p	-	18	175	221	214	162	772	7	4	8	5	0	1	0	1	0	0	0	1	0	0	0	0	0	0	0	0	0
NZ_UGQW01000001.1	5p	-	19	174	217	207	174	772	5	7	2	3	0	1	2	1	0	1	1	0	0	0	0	0	0	0	0	0	0
NZ_UGQW01000001.1	5p	-	20	157	236	236	142	771	4	10	6	4	0	0	1	0	0	1	0	1	0	0	0	0	0	1	0	0	0
NZ_UGQW01000001.1	5p	-	21	168	247	216	141	772	5	10	8	2	0	2	2	2	0	0	0	2	0	0	0	0	0	0	0	0	0
NZ_UGQW01000001.1	5p	-	22	169	228	224	151	772	8	2	2	1	1	0	1	2	0	0	0	1	0	0	0	0	0	0	0	0	0
NZ_UGQW01000001.1	5p	-	23	174	219	231	148	772	7	5	6	3	0	0	1	0	1	1	2	1	1	0	0	0	0	0	0	0	0
NZ_UGQW01000001.1	5p	-	24	145	252	218	157	772	8	9	3	1	1	0	1	0	0	0	0	1	0	0	0	0	0	0	0	0	0
NZ_UGQW01000001.1	5p	-	25	172	226	211	163	772	9	8	0	6	0	1	1	1	1	0	0	1	0	0	0	0	0	0	0	0	0
NZ_UGQW01000001.1	5p	-	26	166	241	212	153	772	6	3	7	4	0	0	1	2	0	0	0	1	0	0	0	0	0	0	0	0	0
NZ_UGQW01000001.1	5p	-	27	170	223	220	159	772	5	7	7	2	0	1	0	1	1	0	0	1	0	0	0	0	0	0	0	0	0
NZ_UGQW01000001.1	5p	-	28	151	268	200	153	772	7	2	5	7	1	0	0	1	0	0	1	1	0	0	0	0	0	0	0	0	0
NZ_UGQW01000001.1	5p	-	29	164	256	217	135	772	17	6	4	3	3	0	3	1	0	0	0	0	0	0	0	0	0	0	0	0	0
NZ_UGQW01000001.1	5p	-	30	198	231	202	141	772	8	3	4	1	0	1	0	0	2	3	3	0	0	0	0	0	0	0	0	0	0
NZ_UGQW01000001.1	5p	-	31	160	226	208	147	741	9	4	2	6	0	1	3	0	0	0	0	0	0	0	0	0	0	0	0	0	0
NZ_UGQW01000001.1	5p	-	32	157	200	208	156	721	14	6	4	5	0	1	0	0	0	0	0	1	0	0	0	0	0	0	0	0	0
NZ_UGQW01000001.1	5p	-	33	140	213	201	144	698	11	1	6	2	2	0	1	0	0	0	1	0	0	0	0	0	0	0	0	0	0
NZ_UGQW01000001.1	5p	-	34	148	189	202	139	678	18	5	3	2	0	0	1	0	0	0	1	0	0	0	0	0	0	0	0	0	0
NZ_UGQW01000001.1	5p	-	35	150	195	178	138	661	11	8	5	3	0	1	0	2	0	0	1	0	0	0	0	0	0	0	0	0	0
NZ_UGQW01000001.1	5p	-	36	143	167	180	152	642	14	2	2	4	0	0	0	0	0	0	1	0	0	0	0	0	0	0	0	0	0
NZ_UGQW01000001.1	5p	-	37	126	171	174	142	613	10	2	4	3	1	0	0	0	2	1	0	0	0	0	0	0	0	0	0	0	0
NZ_UGQW01000001.1	5p	-	38	131	180	153	123	587	11	7	4	1	0	0	0	2	0	0	0	1	0	0	0	0	0	0	0	0	0
NZ_UGQW01000001.1	5p	-	39	135	161	165	112	573	8	6	4	5	0	0	1	0	0	0	0	0	0	0	0	0	0	0	0	0	0
NZ_UGQW01000001.1	5p	-	40	150	156	132	119	557	12	3	6	1	1	0	0	0	0	0	0	1	0	0	0	0	0	0	0	0	0
NZ_UGQW01000001.1	5p	-	41	119	169	134	112	534	10	3	3	3	0	0	0	2	0	0	1	0	0	0	0	0	0	0	0	0	0
NZ_UGQW01000001.1	5p	-	42	112	145	152	109	518	14	4	7	3	0	0	0	1	0	0	0	0	0	0	0	0	0	0	0	0	0
NZ_UGQW01000001.1	5p	-	43	119	155	134	95	503	8	1	3	2	0	0	1	3	2	0	0	0	0	0	0	0	0	0	1	0	0
NZ_UGQW01000001.1	5p	-	44	99	149	129	106	483	6	4	0	5	0	0	0	0	0	2	0	0	0	0	0	0	0	0	0	0	0
NZ_UGQW01000001.1	5p	-	45	98	133	130	109	470	11	3	5	2	0	0	0	0	1	0	0	0	0	0	0	0	0	0	0	0	0
NZ_UGQW01000001.1	5p	-	46	99	139	125	93	456	14	5	4	2	2	0	2	0	1	0	0	1	0	0	0	0	0	0	0	0	0
NZ_UGQW01000001.1	5p	-	47	99	124	115	97	435	12	5	3	5	0	0	0	0	1	0	0	1	0	0	0	0	0	0	0	0	0
NZ_UGQW01000001.1	5p	-	48	90	120	136	72	418	7	1	4	1	0	0	0	1	0	0	1	0	0	0	0	0	0	0	0	0	0
NZ_UGQW01000001.1	5p	-	49	77	118	118	90	403	4	5	0	2	1	0	0	0	0	0	0	0	0	0	0	0	0	0	0	0	0
NZ_UGQW01000001.1	5p	-	50	81	126	102	77	386	7	0	1	0	0	0	1	2	0	0	0	1	0	0	0	0	0	0	0	0	0
NZ_UGQW01000001.1	5p	-	51	88	104	97	77	366	3	2	1	2	0	0	0	0	0	1	0	0	0	0	0	0	0	0	0	0	0
NZ_UGQW01000001.1	5p	-	52	73	98	116	67	354	6	3	0	0	0	0	0	0	0	0	0	0	0	0	0	0	0	0	0	0	0
NZ_UGQW01000001.1	5p	-	53	77	107	86	66	336	8	0	2	1	0	0	1	0	0	0	1	1	0	0	0	0	0	0	0	0	0
NZ_UGQW01000001.1	5p	-	54	59	92	102	70	323	6	2	0	1	0	0	0	0	0	1	0	0	0	0	0	0	0	0	0	0	0
NZ_UGQW01000001.1	5p	-	55	67	86	94	64	311	10	3	1	1	1	0	0	2	1	1	1	0	0	0	0	0	0	0	0	0	0
NZ_UGQW01000001.1	5p	-	56	68	93	71	65	297	8	2	1	0	1	0	0	1	0	0	0	0	0	0	0	0	0	0	0	0	0
NZ_UGQW01000001.1	5p	-	57	68	75	70	67	280	6	1	0	0	0	0	0	1	0	1	0	0	0	0	0	0	0	0	0	0	0
NZ_UGQW01000001.1	5p	-	58	75	68	62	66	271	5	0	0	1	0	0	0	0	0	0	0	0	0	0	0	0	0	0	0	0	0
NZ_UGQW01000001.1	5p	-	59	60	72	70	59	261	5	2	0	2	0	0	0	2	0	0	0	0	0	0	0	0	0	0	0	0	0
NZ_UGQW01000001.1	5p	-	60	73	72	63	41	249	2	2	1	1	0	1	0	1	0	0	0	0	0	0	0	0	0	0	0	0	0
NZ_UGQW01000001.1	5p	-	61	59	64	60	57	240	4	1	2	0	0	0	0	0	0	0	0	0	0	0	0	0	0	0	0	0	0
NZ_UGQW01000001.1	5p	-	62	55	69	55	54	233	2	2	4	1	0	1	0	0	0	0	0	0	0	0	0	0	0	0	0	0	0
NZ_UGQW01000001.1	5p	-	63	49	66	71	45	231	5	0	2	1	0	0	0	0	0	0	0	1	0	0	0	0	0	0	0	0	0
NZ_UGQW01000001.1	5p	-	64	55	70	56	38	219	5	0	2	0	0	0	0	0	0	0	0	1	0	0	0	0	0	0	0	0	0
NZ_UGQW01000001.1	5p	-	65	52	64	53	40	209	2	0	2	3	0	0	0	0	1	0	0	1	0	0	0	0	0	0	0	0	0
NZ_UGQW01000001.1	5p	-	66	45	55	64	39	203	4	4	0	3	0	0	0	0	0	0	0	1	0	0	0	0	0	0	0	0	0
NZ_UGQW01000001.1	5p	-	67	45	48	62	40	195	5	0	0	0	0	0	0	1	0	0	0	0	0	0	0	0	0	0	0	0	0
NZ_UGQW01000001.1	5p	-	68	46	46	57	37	186	2	1	0	0	0	0	0	1	0	0	0	0	0	0	0	0	0	0	0	0	0
NZ_UGQW01000001.1	5p	-	69	29	53	57	40	179	4	1	0	0	0	0	0	0	1	0	0	1	0	0	0	0	0	0	0	0	0
NZ_UGQW01000001.1	5p	-	70	34	48	55	40	177	2	1	0	1	0	0	0	0	0	0	0	0	0	0	0	0	0	0	0	0	0
NZ_UGQW01000002.1	3p	+	1	1756	1822	2085	1490	7153	677	35	31	34	8	3	10	8	7	10	7	3	0	0	0	0	0	0	0	0	0
NZ_UGQW01000002.1	3p	+	2	1719	2014	1868	1551	7152	431	40	24	47	14	7	9	14	2	5	7	9	0	0	0	0	0	0	0	0	0
NZ_UGQW01000002.1	3p	+	3	1655	2115	1807	1576	7153	274	43	26	41	12	2	10	12	6	5	13	8	0	0	0	0	0	0	0	0	0
NZ_UGQW01000002.1	3p	+	4	1750	1959	1905	1539	7153	229	39	26	36	12	3	8	7	6	2	6	10	0	0	0	0	0	0	0	0	0
NZ_UGQW01000002.1	3p	+	5	1632	1994	1990	1536	7152	222	36	35	35	5	5	10	13	7	10	4	3	0	0	0	0	0	0	0	0	0
NZ_UGQW01000002.1	3p	+	6	1642	2108	1910	1490	7150	152	43	29	34	6	3	10	7	6	5	16	9	0	0	0	0	2	0	0	1	0
NZ_UGQW01000002.1	3p	+	7	1684	2020	1981	1467	7152	173	42	34	37	6	6	4	5	3	3	4	11	0	0	0	1	0	1	0	0	0
NZ_UGQW01000002.1	3p	+	8	1636	2027	2037	1452	7152	146	36	36	41	2	5	9	9	8	4	10	10	0	0	0	0	0	1	0	0	0
NZ_UGQW01000002.1	3p	+	9	1665	1994	1934	1559	7152	141	43	35	53	11	5	12	3	10	3	5	7	0	1	0	1	0	1	0	0	0
NZ_UGQW01000002.1	3p	+	10	1661	2007	1956	1527	7151	108	36	39	36	4	3	2	8	2	4	7	7	0	0	0	0	1	0	0	1	0
NZ_UGQW01000002.1	3p	+	11	1567	2115	2025	1444	7151	122	37	42	28	6	3	6	13	7	5	13	9	0	0	1	0	1	1	0	0	0
NZ_UGQW01000002.1	3p	+	12	1454	2203	1999	1496	7152	106	39	35	29	8	5	12	5	8	6	9	10	0	0	1	0	1	0	0	0	0
NZ_UGQW01000002.1	3p	+	13	1543	2079	2045	1484	7151	123	50	29	29	3	2	4	9	4	4	7	10	1	1	1	0	1	1	0	0	0
NZ_UGQW01000002.1	3p	+	14	1490	2104	2065	1493	7152	100	50	25	37	9	2	8	11	10	1	14	9	1	0	0	0	0	1	0	0	0
NZ_UGQW01000002.1	3p	+	15	1550	2064	1999	1540	7153	89	38	36	49	2	2	7	9	7	3	5	12	1	0	0	0	0	0	0	0	0
NZ_UGQW01000002.1	3p	+	16	1543	2051	2051	1507	7152	84	46	38	43	6	3	8	9	4	1	6	11	0	0	0	0	1	0	0	0	0
NZ_UGQW01000002.1	3p	+	17	1577	2042	2106	1425	7150	83	44	42	33	6	5	6	9	5	4	3	6	0	0	0	0	1	1	1	0	0
NZ_UGQW01000002.1	3p	+	18	1582	2089	2031	1450	7152	67	41	36	37	6	3	7	9	10	5	11	8	0	0	1	0	1	0	0	0	0
NZ_UGQW01000002.1	3p	+	19	1568	2059	2003	1522	7152	62	57	28	36	7	3	7	13	8	3	5	3	0	0	0	1	1	0	0	0	0
NZ_UGQW01000002.1	3p	+	20	1531	2094	2081	1447	7153	64	48	31	38	7	2	7	13	7	2	5	6	1	0	0	0	0	0	0	0	0
NZ_UGQW01000002.1	3p	+	21	1587	2061	2042	1463	7153	71	53	30	37	15	0	3	6	7	2	10	4	1	1	0	0	0	0	0	0	0
NZ_UGQW01000002.1	3p	+	22	1598	2032	1991	1532	7153	64	54	28	26	6	3	8	9	9	5	3	3	0	1	2	0	0	0	0	0	0
NZ_UGQW01000002.1	3p	+	23	1504	2204	2042	1403	7153	60	57	44	48	10	5	13	13	8	2	8	8	0	1	0	2	0	0	0	0	0
NZ_UGQW01000002.1	3p	+	24	1553	2128	1976	1495	7152	72	69	32	32	9	3	10	12	12	4	12	8	1	0	0	0	1	0	0	0	0
NZ_UGQW01000002.1	3p	+	25	1599	2051	2027	1475	7152	45	58	42	32	4	3	8	11	7	3	7	9	0	0	0	0	1	0	0	0	0
NZ_UGQW01000002.1	3p	+	26	1548	2052	2074	1477	7151	59	58	40	35	4	3	8	12	7	3	7	12	0	1	0	0	1	1	0	0	0
NZ_UGQW01000002.1	3p	+	27	1514	2188	1934	1517	7153	44	61	42	51	6	4	11	6	8	4	7	12	0	1	2	0	0	0	0	0	0
NZ_UGQW01000002.1	3p	+	28	1625	2057	1972	1499	7153	43	67	28	23	4	6	2	7	4	2	5	7	1	1	0	0	0	0	0	0	0
NZ_UGQW01000002.1	3p	+	29	1576	2059	2054	1463	7152	47	82	35	27	11	5	10	11	6	6	14	7	0	0	0	0	0	0	0	1	0
NZ_UGQW01000002.1	3p	+	30	1576	2136	1951	1489	7152	58	114	38	43	8	4	11	10	10	5	8	4	0	0	0	0	0	1	0	0	0
NZ_UGQW01000002.1	3p	+	31	1530	2011	1927	1523	6991	45	104	25	30	6	2	6	8	8	2	3	5	0	0	0	1	0	0	0	1	0
NZ_UGQW01000002.1	3p	+	32	1440	1992	1981	1394	6807	45	100	33	32	7	0	10	10	13	3	1	10	0	1	0	0	0	0	1	0	0
NZ_UGQW01000002.1	3p	+	33	1410	2040	1861	1343	6654	50	125	32	30	10	1	5	5	9	3	9	9	2	0	0	0	0	1	0	0	0
NZ_UGQW01000002.1	3p	+	34	1466	1806	1797	1395	6464	52	114	30	26	6	4	5	7	2	0	5	9	1	0	0	2	0	0	0	0	0
NZ_UGQW01000002.1	3p	+	35	1383	1753	1786	1340	6262	53	88	28	30	6	2	3	11	5	3	2	5	1	1	1	1	0	0	0	0	0
NZ_UGQW01000002.1	3p	+	36	1353	1771	1673	1293	6090	37	112	28	36	3	1	4	10	7	1	9	11	0	0	1	0	0	0	0	0	0
NZ_UGQW01000002.1	3p	+	37	1348	1708	1633	1184	5873	47	105	33	18	4	3	4	4	3	3	7	9	1	2	0	0	0	0	1	0	0
NZ_UGQW01000002.1	3p	+	38	1270	1665	1600	1144	5679	37	108	28	27	6	7	7	6	6	1	6	6	0	0	0	0	2	1	0	1	0
NZ_UGQW01000002.1	3p	+	39	1256	1622	1514	1121	5513	42	118	24	26	4	2	4	4	5	1	6	7	0	0	0	1	0	0	0	0	0
NZ_UGQW01000002.1	3p	+	40	1239	1482	1492	1115	5328	30	113	29	22	9	3	7	0	9	2	2	8	0	0	0	1	0	1	0	0	0
NZ_UGQW01000002.1	3p	+	41	1103	1504	1504	1054	5165	42	104	23	27	6	3	5	7	3	3	6	8	0	1	0	0	0	0	0	0	0
NZ_UGQW01000002.1	3p	+	42	1125	1461	1357	1042	4985	35	112	31	28	5	3	3	6	6	2	2	4	0	0	1	0	0	0	0	0	0
NZ_UGQW01000002.1	3p	+	43	1060	1375	1312	1045	4792	30	94	19	19	5	4	2	4	4	3	3	7	0	0	0	0	0	0	0	0	0
NZ_UGQW01000002.1	3p	+	44	1029	1353	1271	934	4587	30	95	28	20	2	0	5	8	6	2	5	3	1	0	0	0	0	0	0	0	0
NZ_UGQW01000002.1	3p	+	45	954	1327	1214	887	4382	29	99	18	14	2	3	2	3	4	1	8	3	1	0	0	0	0	0	0	0	0
NZ_UGQW01000002.1	3p	+	46	1017	1192	1120	875	4204	21	91	19	16	0	0	4	4	4	0	3	3	0	0	0	0	1	0	0	0	0
NZ_UGQW01000002.1	3p	+	47	876	1213	1118	831	4038	32	86	14	19	5	5	3	6	5	0	5	4	1	0	0	0	1	0	1	0	0
NZ_UGQW01000002.1	3p	+	48	866	1069	1084	856	3875	27	77	17	17	2	2	2	6	4	3	6	4	0	0	0	0	0	1	0	0	0
NZ_UGQW01000002.1	3p	+	49	815	1067	1026	809	3717	27	59	27	17	1	1	2	2	2	2	4	5	0	0	0	1	0	0	0	0	0
NZ_UGQW01000002.1	3p	+	50	738	1065	1035	731	3569	28	62	16	11	5	1	0	7	3	0	2	5	0	0	0	0	0	0	0	0	0
NZ_UGQW01000002.1	3p	+	51	802	994	911	736	3443	16	68	15	7	1	3	0	4	4	0	1	4	0	0	0	0	0	0	0	0	0
NZ_UGQW01000002.1	3p	+	52	758	919	932	704	3313	19	59	11	14	1	4	0	4	3	0	3	5	0	0	0	0	0	0	0	0	0
NZ_UGQW01000002.1	3p	+	53	694	945	902	647	3188	12	63	10	21	4	4	5	4	5	3	1	2	1	0	0	0	0	0	0	0	0
NZ_UGQW01000002.1	3p	+	54	649	897	848	683	3077	18	61	12	15	0	0	4	5	4	0	2	1	0	0	2	0	0	0	0	1	0
NZ_UGQW01000002.1	3p	+	55	604	872	848	626	2950	17	64	4	20	2	2	2	3	3	2	4	2	0	0	0	0	0	1	0	0	0
NZ_UGQW01000002.1	3p	+	56	584	822	843	590	2839	16	56	10	14	3	2	1	2	0	0	0	3	0	0	0	0	0	0	2	0	0
NZ_UGQW01000002.1	3p	+	57	605	818	722	588	2733	17	62	12	19	2	1	5	2	0	2	4	0	1	0	0	0	0	0	0	1	0
NZ_UGQW01000002.1	3p	+	58	577	730	723	612	2642	15	64	14	16	2	1	1	3	2	1	1	3	0	0	0	0	0	0	0	0	0
NZ_UGQW01000002.1	3p	+	59	577	722	702	552	2553	17	58	10	13	0	1	2	3	1	2	4	1	0	0	0	0	0	0	0	0	0
NZ_UGQW01000002.1	3p	+	60	525	720	677	564	2486	21	52	7	12	2	2	2	0	1	1	2	3	0	0	0	0	0	0	1	0	0
NZ_UGQW01000002.1	3p	+	61	540	693	627	543	2403	10	57	12	12	3	1	1	2	3	1	3	2	0	0	0	0	0	0	0	0	0
NZ_UGQW01000002.1	3p	+	62	504	669	656	493	2322	14	52	9	12	2	0	3	0	3	2	2	4	0	0	0	0	0	0	1	0	0
NZ_UGQW01000002.1	3p	+	63	504	661	597	482	2244	14	54	6	13	2	0	1	1	1	0	1	2	0	0	0	0	1	0	0	0	0
NZ_UGQW01000002.1	3p	+	64	515	584	578	489	2166	16	51	4	9	3	2	1	1	1	0	0	4	0	0	0	0	1	0	0	0	0
NZ_UGQW01000002.1	3p	+	65	454	610	599	402	2065	17	45	9	7	1	0	1	2	0	0	4	1	0	0	0	1	0	0	0	0	0
NZ_UGQW01000002.1	3p	+	66	452	563	547	425	1987	14	53	11	7	1	2	2	0	1	2	2	0	0	0	0	0	0	0	0	0	0
NZ_UGQW01000002.1	3p	+	67	449	527	492	427	1895	7	38	9	7	0	0	2	2	1	0	3	5	0	0	0	0	0	0	0	0	0
NZ_UGQW01000002.1	3p	+	68	421	504	493	400	1818	16	28	9	9	0	1	0	1	1	1	1	0	0	0	0	0	0	0	0	0	0
NZ_UGQW01000002.1	3p	+	69	388	479	518	360	1745	7	38	8	10	2	0	1	2	1	1	1	1	0	0	0	0	0	0	0	0	0
NZ_UGQW01000002.1	3p	+	70	392	451	461	353	1657	9	47	11	5	2	0	0	4	0	0	0	2	0	0	0	0	0	0	0	0	0
NZ_UGQW01000002.1	3p	-	1	1654	1715	2086	1532	6987	656	31	26	44	7	3	5	12	9	5	8	9	0	0	0	0	0	0	0	0	0
NZ_UGQW01000002.1	3p	-	2	1631	2010	1837	1509	6987	426	42	23	38	8	4	5	13	8	5	5	3	0	0	0	0	0	0	0	0	0
NZ_UGQW01000002.1	3p	-	3	1559	1997	1877	1553	6986	322	46	26	39	5	2	10	10	9	7	12	7	0	0	0	0	1	0	0	0	0
NZ_UGQW01000002.1	3p	-	4	1649	1792	2003	1543	6987	263	29	32	32	5	3	10	14	2	3	8	10	0	0	0	0	0	0	0	0	0
NZ_UGQW01000002.1	3p	-	5	1579	1925	1941	1542	6987	232	29	24	46	15	6	5	14	5	2	7	10	0	1	0	0	0	0	0	0	0
NZ_UGQW01000002.1	3p	-	6	1555	1923	1957	1552	6987	193	33	32	27	10	4	7	15	4	4	7	7	0	0	0	0	0	0	0	0	0
NZ_UGQW01000002.1	3p	-	7	1518	1869	2026	1574	6987	196	29	37	42	3	3	6	4	4	1	10	7	0	0	0	0	0	0	0	0	0
NZ_UGQW01000002.1	3p	-	8	1447	1980	2027	1532	6986	140	24	37	33	6	1	5	12	7	2	5	6	2	0	0	0	0	1	0	0	0
NZ_UGQW01000002.1	3p	-	9	1483	1972	2000	1530	6985	115	54	34	38	3	1	8	10	11	4	7	14	0	2	1	1	0	2	0	0	0
NZ_UGQW01000002.1	3p	-	10	1593	1856	1995	1543	6987	110	38	41	32	11	4	10	11	7	4	6	12	1	0	0	2	0	0	0	0	0
NZ_UGQW01000002.1	3p	-	11	1459	1985	2052	1487	6983	90	51	33	39	6	0	9	13	11	5	3	3	0	0	0	0	2	1	0	1	0
NZ_UGQW01000002.1	3p	-	12	1528	2019	1932	1506	6985	109	40	39	32	3	2	13	4	8	7	5	8	2	0	0	0	1	1	0	0	0
NZ_UGQW01000002.1	3p	-	13	1513	1929	2029	1515	6986	92	39	39	47	6	5	8	9	4	1	6	7	0	0	0	0	0	0	0	1	0
NZ_UGQW01000002.1	3p	-	14	1471	1920	2098	1497	6986	85	38	38	41	3	6	12	9	4	3	3	8	2	0	0	1	0	0	1	0	0
NZ_UGQW01000002.1	3p	-	15	1491	1997	1993	1504	6985	74	43	28	38	6	2	10	7	6	4	8	5	1	0	0	0	0	0	1	1	0
NZ_UGQW01000002.1	3p	-	16	1500	1985	2034	1468	6987	78	51	39	30	5	1	8	6	5	3	9	7	1	0	0	0	0	0	0	0	0
NZ_UGQW01000002.1	3p	-	17	1424	1963	2151	1449	6987	70	43	42	32	8	2	13	6	4	0	6	10	1	0	0	0	0	0	0	0	0
NZ_UGQW01000002.1	3p	-	18	1461	2001	2028	1497	6987	72	45	33	44	11	4	4	7	6	4	10	4	0	0	0	0	0	0	0	0	0
NZ_UGQW01000002.1	3p	-	19	1464	1930	2098	1493	6985	67	29	27	29	6	4	3	11	7	3	10	6	0	1	0	0	0	1	0	1	0
NZ_UGQW01000002.1	3p	-	20	1458	1994	2070	1464	6986	66	47	34	36	6	2	7	8	7	2	7	10	0	0	0	1	0	0	0	1	0
NZ_UGQW01000002.1	3p	-	21	1435	2010	2023	1518	6986	71	42	36	34	9	6	5	14	6	1	5	9	0	1	0	0	1	0	0	0	0
NZ_UGQW01000002.1	3p	-	22	1440	1922	2135	1489	6986	58	43	36	30	5	2	8	7	3	4	6	9	0	0	0	0	0	0	0	1	0
NZ_UGQW01000002.1	3p	-	23	1453	2014	2070	1449	6986	50	51	40	31	4	1	8	10	6	1	9	12	0	1	0	0	0	0	0	1	0
NZ_UGQW01000002.1	3p	-	24	1504	1967	2008	1507	6986	78	46	44	32	8	3	9	6	10	5	8	7	1	0	0	1	0	0	0	1	0
NZ_UGQW01000002.1	3p	-	25	1479	1911	2032	1564	6986	66	67	37	40	9	0	8	13	8	3	5	8	0	0	0	0	0	1	0	0	0
NZ_UGQW01000002.1	3p	-	26	1468	1953	2104	1461	6986	48	58	49	33	11	6	4	4	11	6	6	12	1	0	0	0	0	1	0	0	0
NZ_UGQW01000002.1	3p	-	27	1469	2040	1957	1520	6986	58	62	46	27	9	2	4	5	8	2	15	10	1	2	0	0	0	0	0	1	0
NZ_UGQW01000002.1	3p	-	28	1508	1962	2047	1470	6987	50	84	32	36	7	3	8	9	4	4	6	10	0	0	0	0	0	0	0	0	0
NZ_UGQW01000002.1	3p	-	29	1456	1928	2092	1511	6987	54	81	41	38	1	4	1	6	10	3	10	4	0	0	0	0	0	0	0	0	0
NZ_UGQW01000002.1	3p	-	30	1480	1973	1989	1545	6987	53	85	36	24	8	5	6	3	8	5	12	10	2	0	0	2	0	0	0	0	0
NZ_UGQW01000002.1	3p	-	31	1437	1862	1981	1548	6828	57	105	35	24	9	3	8	7	6	1	2	4	0	0	0	0	0	1	0	0	0
NZ_UGQW01000002.1	3p	-	32	1343	1904	1941	1445	6633	53	92	35	29	6	1	6	8	5	3	12	7	1	0	0	0	0	0	0	0	0
NZ_UGQW01000002.1	3p	-	33	1350	1864	1786	1449	6449	44	103	40	41	5	3	6	7	4	2	4	11	1	0	1	0	0	0	1	0	0
NZ_UGQW01000002.1	3p	-	34	1380	1647	1897	1337	6261	38	110	36	37	5	6	8	4	5	0	4	9	0	0	0	1	0	0	0	1	0
NZ_UGQW01000002.1	3p	-	35	1233	1777	1789	1299	6098	46	106	24	26	6	3	5	5	8	2	6	4	0	0	0	0	0	0	0	0	0
NZ_UGQW01000002.1	3p	-	36	1210	1733	1667	1297	5907	41	107	28	23	5	3	7	9	2	4	10	6	0	0	1	1	0	0	0	0	0
NZ_UGQW01000002.1	3p	-	37	1254	1552	1649	1261	5716	26	104	18	25	4	4	8	4	5	1	4	5	2	0	1	0	0	0	0	0	0
NZ_UGQW01000002.1	3p	-	38	1202	1534	1621	1193	5550	32	106	31	27	3	2	5	7	6	3	6	2	0	0	0	0	1	0	0	0	0
NZ_UGQW01000002.1	3p	-	39	1118	1516	1528	1205	5367	29	104	24	30	10	1	3	6	1	4	5	9	0	0	0	0	0	0	1	1	0
NZ_UGQW01000002.1	3p	-	40	1176	1425	1496	1106	5203	44	91	25	19	7	0	5	4	1	3	2	6	0	0	0	0	0	0	0	0	0
NZ_UGQW01000002.1	3p	-	41	1082	1486	1406	1068	5042	36	89	29	27	2	2	5	10	2	2	4	9	0	0	0	0	0	0	0	0	0
NZ_UGQW01000002.1	3p	-	42	1027	1408	1374	1084	4893	31	111	20	25	6	4	5	3	4	1	8	7	0	0	0	0	0	1	0	0	0
NZ_UGQW01000002.1	3p	-	43	1027	1287	1316	1049	4679	32	87	31	19	5	3	7	5	1	2	5	4	0	0	0	0	0	0	0	0	0
NZ_UGQW01000002.1	3p	-	44	923	1275	1299	986	4483	34	93	14	25	7	3	9	2	4	5	5	8	0	0	0	0	1	0	0	0	0
NZ_UGQW01000002.1	3p	-	45	918	1201	1216	956	4291	31	86	16	13	4	0	3	2	3	2	1	4	1	0	0	0	0	1	0	0	0
NZ_UGQW01000002.1	3p	-	46	945	1141	1117	914	4117	18	73	22	8	4	1	5	6	8	1	4	4	0	1	1	0	0	0	0	0	0
NZ_UGQW01000002.1	3p	-	47	846	1077	1118	903	3944	28	76	20	18	2	3	4	3	1	4	5	7	0	0	0	0	0	0	0	0	0
NZ_UGQW01000002.1	3p	-	48	836	1081	1032	830	3779	23	91	16	21	4	3	1	2	6	4	2	2	0	0	0	0	0	0	0	0	0
NZ_UGQW01000002.1	3p	-	49	787	1016	1004	819	3626	31	69	21	14	6	1	4	8	3	5	3	5	0	1	0	0	0	0	0	0	0
NZ_UGQW01000002.1	3p	-	50	724	979	1011	759	3473	25	72	19	11	4	0	3	3	1	2	4	6	0	0	0	0	0	0	0	0	0
NZ_UGQW01000002.1	3p	-	51	732	954	951	729	3366	17	60	11	16	1	1	2	5	1	2	0	4	0	0	0	0	1	0	0	0	0
NZ_UGQW01000002.1	3p	-	52	701	882	908	739	3230	21	68	17	14	3	1	2	4	1	0	2	3	0	0	0	0	0	0	0	0	0
NZ_UGQW01000002.1	3p	-	53	712	823	871	688	3094	12	59	16	11	4	2	1	3	2	1	3	0	0	0	0	0	0	0	0	0	0
NZ_UGQW01000002.1	3p	-	54	683	840	785	642	2950	17	58	21	11	2	0	2	5	2	4	2	4	0	1	0	0	0	0	0	0	0
NZ_UGQW01000002.1	3p	-	55	604	770	848	608	2830	21	52	10	16	3	0	0	7	1	3	0	4	0	0	1	0	0	0	0	0	0
NZ_UGQW01000002.1	3p	-	56	571	827	754	554	2706	15	47	11	11	2	1	2	8	0	1	1	6	0	0	0	0	0	0	0	0	0
NZ_UGQW01000002.1	3p	-	57	542	755	717	583	2597	17	61	11	7	3	1	3	6	2	2	1	0	0	0	0	0	1	0	0	0	0
NZ_UGQW01000002.1	3p	-	58	557	706	677	555	2495	8	39	12	13	3	2	2	3	0	0	1	5	0	0	0	0	0	0	0	0	0
NZ_UGQW01000002.1	3p	-	59	517	661	667	550	2395	11	48	13	12	2	1	1	2	2	1	2	4	0	0	0	1	0	0	0	0	0
NZ_UGQW01000002.1	3p	-	60	517	624	625	541	2307	18	46	7	11	1	0	1	2	4	1	1	4	0	0	0	1	0	1	0	0	0
NZ_UGQW01000002.1	3p	-	61	510	591	611	501	2213	12	42	13	10	1	0	3	3	3	3	1	5	1	0	0	0	0	0	0	0	0
NZ_UGQW01000002.1	3p	-	62	456	612	588	482	2138	15	42	12	10	2	0	1	3	3	1	3	0	0	0	0	0	0	0	0	0	0
NZ_UGQW01000002.1	3p	-	63	439	601	528	487	2055	17	56	8	9	4	1	3	5	3	1	0	3	0	0	0	0	1	0	0	0	0
NZ_UGQW01000002.1	3p	-	64	418	556	562	454	1990	7	41	14	8	1	1	2	3	1	0	1	1	0	0	0	0	0	1	0	0	0
NZ_UGQW01000002.1	3p	-	65	423	517	520	452	1912	10	34	14	10	3	1	3	2	2	1	0	4	0	0	1	0	0	0	0	0	0
NZ_UGQW01000002.1	3p	-	66	388	493	525	422	1828	11	33	9	6	2	1	1	3	0	1	0	2	1	0	1	0	0	0	0	0	0
NZ_UGQW01000002.1	3p	-	67	379	491	480	415	1765	12	41	7	9	2	0	4	1	1	0	1	3	0	0	0	1	0	0	0	0	0
NZ_UGQW01000002.1	3p	-	68	386	455	475	382	1698	9	30	6	8	3	0	1	0	0	2	0	5	0	0	0	0	0	0	0	0	0
NZ_UGQW01000002.1	3p	-	69	360	456	452	371	1639	9	39	12	3	3	0	0	0	0	0	0	1	0	1	0	0	0	0	1	0	0
NZ_UGQW01000002.1	3p	-	70	361	426	459	314	1560	11	25	10	4	2	0	0	1	0	0	1	1	0	1	0	0	0	0	0	0	0
NZ_UGQW01000002.1	5p	+	1	1498	2257	1646	1752	7153	31	729	27	32	7	12	8	8	4	4	5	15	0	0	0	0	0	0	0	0	0
NZ_UGQW01000002.1	5p	+	2	1730	1989	1927	1507	7153	35	369	37	30	8	7	10	13	5	7	8	6	0	0	0	0	0	0	0	0	0
NZ_UGQW01000002.1	5p	+	3	1751	1844	2174	1382	7151	37	253	39	27	5	3	8	8	6	2	12	12	0	0	0	0	1	0	0	1	0
NZ_UGQW01000002.1	5p	+	4	1733	2008	1884	1526	7151	35	278	35	31	5	4	5	6	7	5	11	8	0	0	0	2	0	0	2	0	0
NZ_UGQW01000002.1	5p	+	5	1689	2026	1871	1565	7151	41	234	43	41	9	2	3	8	7	5	7	8	0	0	0	0	1	0	0	1	0
NZ_UGQW01000002.1	5p	+	6	1638	1973	2048	1492	7151	32	173	51	38	8	3	6	8	12	5	5	7	1	0	0	2	0	0	2	0	0
NZ_UGQW01000002.1	5p	+	7	1505	2050	1996	1599	7150	41	177	28	33	8	3	7	9	5	4	5	11	1	1	0	1	0	3	0	0	0
NZ_UGQW01000002.1	5p	+	8	1552	2086	1951	1560	7149	49	150	32	20	6	9	6	6	9	1	8	9	1	1	0	0	2	1	0	1	0
NZ_UGQW01000002.1	5p	+	9	1549	2056	1977	1570	7152	42	144	33	39	8	4	9	17	5	2	6	7	0	1	1	0	1	0	0	0	0
NZ_UGQW01000002.1	5p	+	10	1614	2019	2000	1520	7153	47	122	31	33	14	1	6	4	4	6	5	6	1	0	0	1	0	0	0	0	0
NZ_UGQW01000002.1	5p	+	11	1529	2132	1973	1519	7153	56	91	37	45	4	1	3	8	8	4	10	7	0	1	0	0	0	0	0	0	0
NZ_UGQW01000002.1	5p	+	12	1583	2028	2098	1444	7153	45	83	34	42	10	3	3	10	6	2	6	4	0	1	0	0	0	0	0	0	0
NZ_UGQW01000002.1	5p	+	13	1534	2144	1970	1504	7152	51	102	40	34	6	2	11	8	9	4	12	9	0	0	0	0	1	0	0	0	0
NZ_UGQW01000002.1	5p	+	14	1514	2134	2016	1489	7153	41	99	34	45	6	3	4	8	13	4	8	5	0	1	0	0	0	0	0	0	0
NZ_UGQW01000002.1	5p	+	15	1544	2067	2099	1443	7153	41	79	44	39	9	2	6	6	7	4	10	6	1	1	1	0	0	0	0	0	0
NZ_UGQW01000002.1	5p	+	16	1559	2087	2030	1475	7151	36	81	35	35	4	7	8	11	3	2	7	14	1	0	1	0	1	0	0	1	0
NZ_UGQW01000002.1	5p	+	17	1570	2101	2003	1479	7153	42	57	32	44	11	2	9	9	9	5	9	4	0	0	0	1	0	0	0	0	0
NZ_UGQW01000002.1	5p	+	18	1571	2070	2039	1471	7151	47	69	30	40	5	3	9	10	4	2	5	9	0	0	0	0	2	0	0	0	0
NZ_UGQW01000002.1	5p	+	19	1558	2148	2004	1443	7153	46	80	31	37	4	1	3	6	9	5	13	7	0	0	0	0	0	0	0	0	0
NZ_UGQW01000002.1	5p	+	20	1458	2155	2071	1467	7151	62	73	31	33	3	2	6	7	7	2	11	8	2	0	0	1	1	0	0	1	0
NZ_UGQW01000002.1	5p	+	21	1508	2105	2057	1481	7151	60	62	40	43	3	4	8	7	7	1	11	10	0	2	1	0	1	0	1	0	0
NZ_UGQW01000002.1	5p	+	22	1578	2091	1984	1500	7153	48	60	34	39	7	5	9	4	7	3	8	4	0	0	0	0	0	0	0	0	0
NZ_UGQW01000002.1	5p	+	23	1476	2116	2037	1523	7152	49	65	41	27	8	0	9	10	14	1	7	5	0	0	1	0	0	1	0	0	0
NZ_UGQW01000002.1	5p	+	24	1603	2004	2051	1495	7153	63	51	32	42	4	3	9	9	10	1	7	8	0	0	1	0	0	0	0	0	0
NZ_UGQW01000002.1	5p	+	25	1539	2085	2050	1478	7152	60	51	31	31	5	3	3	5	5	4	6	6	0	0	0	0	0	0	0	1	0
NZ_UGQW01000002.1	5p	+	26	1543	2103	2019	1486	7151	74	59	34	31	4	4	3	8	6	3	9	10	1	0	0	0	0	2	0	0	0
NZ_UGQW01000002.1	5p	+	27	1523	2101	2079	1448	7151	73	55	48	20	4	4	6	13	5	4	11	10	0	0	0	1	0	1	0	1	0
NZ_UGQW01000002.1	5p	+	28	1579	2064	1995	1513	7151	85	46	30	31	16	3	9	7	7	5	8	6	0	0	0	0	1	1	0	0	0
NZ_UGQW01000002.1	5p	+	29	1536	2141	2052	1422	7151	86	58	37	44	10	2	6	8	2	3	6	12	0	0	1	0	1	0	1	0	0
NZ_UGQW01000002.1	5p	+	30	1564	2036	2087	1466	7153	111	53	31	37	9	1	6	13	3	1	3	8	0	0	0	0	0	0	0	0	0
NZ_UGQW01000002.1	5p	+	31	1498	2048	1917	1529	6992	100	47	31	30	6	2	13	18	6	2	3	9	0	0	0	0	0	0	0	0	0
NZ_UGQW01000002.1	5p	+	32	1424	2088	1881	1414	6807	110	66	27	34	8	1	8	11	7	7	4	9	0	0	1	0	0	0	1	0	0
NZ_UGQW01000002.1	5p	+	33	1487	1873	1914	1381	6655	109	47	31	29	10	5	5	11	6	3	8	9	0	1	1	1	0	0	0	0	0
NZ_UGQW01000002.1	5p	+	34	1462	1884	1700	1417	6463	119	51	27	32	2	5	6	4	5	2	7	4	0	0	0	0	0	0	1	0	0
NZ_UGQW01000002.1	5p	+	35	1429	1824	1739	1270	6262	120	42	19	32	6	2	4	4	0	3	5	7	0	0	0	1	0	0	0	0	0
NZ_UGQW01000002.1	5p	+	36	1360	1745	1689	1294	6088	129	41	29	34	5	2	9	7	1	2	8	6	1	0	0	0	1	1	0	0	0
NZ_UGQW01000002.1	5p	+	37	1347	1649	1631	1247	5874	121	28	24	37	4	3	4	7	2	0	3	4	0	1	0	0	0	0	0	0	0
NZ_UGQW01000002.1	5p	+	38	1250	1645	1634	1154	5683	102	34	18	22	8	1	9	12	4	1	4	6	0	0	1	0	0	0	0	0	0
NZ_UGQW01000002.1	5p	+	39	1259	1657	1479	1118	5513	130	41	23	28	4	0	5	6	2	2	3	3	0	0	0	0	0	0	0	0	0
NZ_UGQW01000002.1	5p	+	40	1224	1506	1459	1140	5329	111	34	15	14	6	3	8	6	6	2	4	3	0	0	0	0	0	0	0	0	0
NZ_UGQW01000002.1	5p	+	41	1161	1466	1453	1085	5165	98	35	26	36	6	0	7	4	1	4	7	9	0	0	0	0	0	0	0	0	0
NZ_UGQW01000002.1	5p	+	42	1121	1429	1413	1022	4985	118	32	24	29	5	4	5	6	7	3	6	8	0	1	0	0	0	0	0	0	0
NZ_UGQW01000002.1	5p	+	43	1073	1372	1315	1032	4792	89	35	15	22	4	5	6	2	3	1	4	6	1	0	0	0	0	0	0	0	0
NZ_UGQW01000002.1	5p	+	44	1050	1313	1273	950	4586	92	28	26	25	6	4	4	9	4	1	2	7	1	0	1	0	0	1	0	0	0
NZ_UGQW01000002.1	5p	+	45	975	1257	1230	920	4382	104	24	14	10	1	2	1	2	4	2	4	6	1	0	1	0	0	0	0	0	0
NZ_UGQW01000002.1	5p	+	46	999	1165	1142	899	4205	76	25	22	22	7	0	6	4	5	4	3	2	1	0	0	0	0	0	0	0	0
NZ_UGQW01000002.1	5p	+	47	926	1161	1126	827	4040	72	34	29	23	3	2	3	3	5	3	4	7	0	1	0	1	0	0	0	0	0
NZ_UGQW01000002.1	5p	+	48	874	1102	1087	813	3876	75	21	15	18	2	1	6	3	6	1	2	3	0	0	0	1	0	0	0	0	0
NZ_UGQW01000002.1	5p	+	49	859	1058	1012	788	3717	73	23	14	18	3	0	2	7	2	3	2	3	0	0	0	0	0	0	0	0	0
NZ_UGQW01000002.1	5p	+	50	836	996	995	742	3569	87	17	25	20	4	2	3	4	4	1	4	2	0	0	0	0	0	0	0	0	0
NZ_UGQW01000002.1	5p	+	51	808	986	958	691	3443	78	23	8	15	1	0	2	3	2	1	1	2	0	0	0	0	0	0	0	0	0
NZ_UGQW01000002.1	5p	+	52	699	995	894	725	3313	49	20	12	13	2	0	4	1	4	3	0	2	0	0	0	0	0	0	0	0	0
NZ_UGQW01000002.1	5p	+	53	703	911	887	687	3188	62	21	21	9	2	2	2	5	3	1	2	2	0	0	0	0	0	0	0	0	0
NZ_UGQW01000002.1	5p	+	54	707	862	851	658	3078	61	29	12	12	1	1	3	3	4	0	5	3	0	1	0	0	0	0	0	0	0
NZ_UGQW01000002.1	5p	+	55	658	840	830	622	2950	80	18	12	12	6	0	4	2	3	2	2	1	0	0	0	0	1	0	0	0	0
NZ_UGQW01000002.1	5p	+	56	601	820	833	586	2840	54	21	5	13	1	3	2	4	2	0	2	1	0	0	0	0	1	0	0	0	0
NZ_UGQW01000002.1	5p	+	57	613	773	777	568	2731	63	18	17	8	4	0	2	3	3	2	2	1	0	0	0	0	2	1	0	0	0
NZ_UGQW01000002.1	5p	+	58	616	729	727	568	2640	58	9	9	12	4	0	4	4	4	1	2	4	0	0	0	0	0	2	0	0	0
NZ_UGQW01000002.1	5p	+	59	612	748	668	525	2553	50	15	14	14	1	0	3	4	2	4	3	1	0	0	0	0	0	0	0	0	0
NZ_UGQW01000002.1	5p	+	60	596	659	676	556	2487	46	17	15	15	2	2	2	4	2	1	3	3	0	0	0	0	0	0	0	0	0
NZ_UGQW01000002.1	5p	+	61	569	645	655	533	2402	48	15	14	10	3	0	2	2	3	0	3	2	0	0	1	0	1	0	0	0	0
NZ_UGQW01000002.1	5p	+	62	547	664	603	509	2323	39	13	12	9	1	0	0	2	2	2	2	3	0	0	0	0	0	0	0	0	0
NZ_UGQW01000002.1	5p	+	63	538	631	593	483	2245	46	11	6	13	2	1	3	3	1	3	2	2	0	0	0	0	0	0	0	0	0
NZ_UGQW01000002.1	5p	+	64	492	620	578	477	2167	49	8	13	11	1	0	0	8	4	1	2	2	0	0	0	0	0	0	0	0	0
NZ_UGQW01000002.1	5p	+	65	458	572	576	459	2065	50	11	13	3	5	0	2	1	2	0	3	4	0	0	0	0	0	0	0	0	0
NZ_UGQW01000002.1	5p	+	66	461	572	572	382	1987	50	11	9	6	0	0	2	5	1	1	1	3	0	0	0	0	0	0	0	0	0
NZ_UGQW01000002.1	5p	+	67	411	604	506	374	1895	36	14	5	6	2	1	1	3	1	0	2	0	0	0	0	0	0	0	0	0	0
NZ_UGQW01000002.1	5p	+	68	405	528	483	402	1818	32	11	4	7	3	2	2	2	5	1	0	3	0	0	0	1	0	0	0	0	0
NZ_UGQW01000002.1	5p	+	69	391	473	490	391	1745	36	10	6	9	1	0	1	1	2	1	1	0	0	0	0	0	0	0	0	0	0
NZ_UGQW01000002.1	5p	+	70	389	471	440	357	1657	26	15	10	4	2	0	0	1	0	1	4	1	0	0	0	0	0	0	0	0	0
NZ_UGQW01000002.1	5p	-	1	1397	2153	1632	1805	6987	24	716	34	22	2	11	12	7	1	2	11	16	0	0	0	0	0	0	0	0	0
NZ_UGQW01000002.1	5p	-	2	1661	1820	1962	1544	6987	33	349	38	29	4	11	12	9	9	8	6	12	0	0	2	1	0	0	0	0	0
NZ_UGQW01000002.1	5p	-	3	1673	1794	2089	1431	6987	42	228	46	24	8	0	6	6	6	5	7	11	2	0	2	0	0	0	0	0	0
NZ_UGQW01000002.1	5p	-	4	1632	1952	1830	1573	6987	32	239	25	36	12	4	4	10	3	2	8	10	1	0	0	1	0	0	0	0	0
NZ_UGQW01000002.1	5p	-	5	1585	1925	1870	1606	6986	40	201	35	36	8	4	4	11	3	10	10	8	0	0	1	0	0	0	0	1	0
NZ_UGQW01000002.1	5p	-	6	1509	1876	2062	1540	6987	34	166	39	26	8	1	12	13	8	3	6	9	1	1	0	0	0	0	0	0	0
NZ_UGQW01000002.1	5p	-	7	1522	1942	1955	1568	6987	43	154	41	33	13	4	7	5	4	2	4	14	0	0	0	0	0	0	0	0	0
NZ_UGQW01000002.1	5p	-	8	1490	1989	2002	1505	6986	36	118	38	31	6	2	7	12	5	2	9	6	0	1	0	0	0	0	0	1	0
NZ_UGQW01000002.1	5p	-	9	1488	1916	2084	1497	6985	42	107	37	37	7	3	6	8	6	3	8	4	0	1	0	1	0	1	0	1	0
NZ_UGQW01000002.1	5p	-	10	1473	2023	1928	1562	6986	34	113	41	37	5	4	7	5	5	1	7	8	0	1	0	1	0	1	0	0	0
NZ_UGQW01000002.1	5p	-	11	1459	2015	2016	1497	6987	51	92	39	37	9	4	5	8	6	6	13	9	2	0	0	0	0	0	0	0	0
NZ_UGQW01000002.1	5p	-	12	1498	1891	2079	1517	6985	63	83	38	36	12	6	9	7	14	5	7	9	0	0	0	0	0	1	0	1	0
NZ_UGQW01000002.1	5p	-	13	1515	2030	1955	1485	6985	40	89	41	26	5	3	8	4	7	3	4	15	0	0	0	0	0	1	1	0	0
NZ_UGQW01000002.1	5p	-	14	1455	2084	1959	1487	6985	42	99	48	25	11	5	8	10	7	2	14	6	0	0	1	0	0	1	0	1	0
NZ_UGQW01000002.1	5p	-	15	1479	1912	2038	1558	6987	45	81	35	37	10	1	7	5	10	1	9	9	0	2	0	0	0	0	0	0	0
NZ_UGQW01000002.1	5p	-	16	1524	1976	1960	1527	6987	30	59	36	27	8	3	5	6	3	7	6	6	1	1	0	0	0	0	0	0	0
NZ_UGQW01000002.1	5p	-	17	1399	2008	2096	1483	6986	40	90	37	31	6	2	3	8	5	3	9	7	1	1	0	0	0	0	1	0	0
NZ_UGQW01000002.1	5p	-	18	1420	2013	2061	1492	6986	41	66	42	30	7	2	12	6	4	2	13	5	0	0	0	1	0	1	0	0	0
NZ_UGQW01000002.1	5p	-	19	1456	1980	2016	1532	6984	50	64	28	37	5	1	3	10	5	2	7	9	0	0	0	0	0	2	0	1	0
NZ_UGQW01000002.1	5p	-	20	1433	2067	2036	1450	6986	42	65	48	42	5	5	6	4	3	0	7	6	1	0	0	0	1	0	0	0	0
NZ_UGQW01000002.1	5p	-	21	1495	1928	2025	1537	6985	44	63	40	35	4	2	7	4	9	4	5	4	0	3	0	0	1	0	0	1	0
NZ_UGQW01000002.1	5p	-	22	1471	1972	2008	1536	6987	58	52	44	34	5	2	11	5	10	1	2	6	0	0	0	1	0	0	0	0	0
NZ_UGQW01000002.1	5p	-	23	1438	2040	2051	1458	6987	69	58	41	23	14	2	6	12	5	6	4	8	1	0	0	0	0	0	0	0	0
NZ_UGQW01000002.1	5p	-	24	1495	1997	2069	1425	6986	62	63	33	33	6	3	14	4	6	5	7	12	0	0	0	2	1	0	0	0	0
NZ_UGQW01000002.1	5p	-	25	1447	1935	2119	1485	6986	70	34	35	43	8	3	5	10	4	5	6	11	1	0	0	1	0	1	0	0	0
NZ_UGQW01000002.1	5p	-	26	1416	2008	2029	1532	6985	75	56	35	45	9	2	14	7	8	2	7	9	0	0	0	0	1	0	1	0	0
NZ_UGQW01000002.1	5p	-	27	1473	1958	2034	1522	6987	76	65	32	40	5	7	7	11	6	3	6	5	0	0	0	0	0	0	0	0	0
NZ_UGQW01000002.1	5p	-	28	1479	1994	2001	1513	6987	68	57	33	27	5	1	10	11	5	4	6	8	0	0	0	1	0	0	0	0	0
NZ_UGQW01000002.1	5p	-	29	1442	1990	2036	1516	6984	98	53	30	32	11	2	8	12	9	4	6	5	1	0	0	0	2	0	0	1	0
NZ_UGQW01000002.1	5p	-	30	1517	1923	2058	1489	6987	106	58	38	37	9	5	4	7	5	4	9	6	2	1	0	0	0	0	0	0	0
NZ_UGQW01000002.1	5p	-	31	1484	1942	1936	1467	6829	110	43	21	28	7	5	4	10	6	1	6	8	1	1	0	0	0	0	0	0	0
NZ_UGQW01000002.1	5p	-	32	1426	1884	1921	1402	6633	115	54	34	36	8	3	9	8	5	4	6	10	0	0	0	0	0	0	0	0	0
NZ_UGQW01000002.1	5p	-	33	1378	1768	1889	1414	6449	116	42	34	32	4	3	4	10	5	2	8	7	0	0	0	0	0	0	0	1	0
NZ_UGQW01000002.1	5p	-	34	1389	1716	1745	1412	6262	90	37	25	25	4	0	9	7	10	4	3	9	0	1	0	0	0	0	0	0	0
NZ_UGQW01000002.1	5p	-	35	1303	1790	1735	1270	6098	116	52	35	34	4	3	5	5	4	0	4	2	0	0	0	0	0	0	0	0	0
NZ_UGQW01000002.1	5p	-	36	1292	1585	1750	1279	5906	117	38	28	29	5	1	6	8	3	1	3	5	0	1	0	0	1	0	0	0	0
NZ_UGQW01000002.1	5p	-	37	1288	1604	1548	1275	5715	87	41	30	29	3	0	5	2	10	2	8	6	0	0	0	0	1	0	0	0	0
NZ_UGQW01000002.1	5p	-	38	1196	1558	1626	1171	5551	139	36	22	29	4	1	5	8	7	4	5	4	0	0	0	0	0	0	0	0	0
NZ_UGQW01000002.1	5p	-	39	1224	1479	1529	1137	5369	108	26	30	25	6	0	6	5	3	4	4	4	2	0	0	0	0	0	0	0	0
NZ_UGQW01000002.1	5p	-	40	1186	1472	1430	1115	5203	106	29	23	24	7	1	3	4	3	3	6	5	0	0	0	0	0	0	0	0	0
NZ_UGQW01000002.1	5p	-	41	1083	1421	1428	1110	5042	104	42	35	37	6	2	7	7	2	4	3	2	0	0	0	0	0	0	0	0	0
NZ_UGQW01000002.1	5p	-	42	1060	1334	1446	1054	4894	122	35	17	28	8	0	2	7	6	1	2	8	0	0	0	0	0	0	0	0	0
NZ_UGQW01000002.1	5p	-	43	1032	1318	1254	1075	4679	104	32	22	16	5	2	3	6	3	3	6	5	0	0	0	0	0	0	0	0	0
NZ_UGQW01000002.1	5p	-	44	953	1272	1266	993	4484	98	29	19	18	4	3	5	10	4	5	5	7	0	0	0	0	0	0	0	0	0
NZ_UGQW01000002.1	5p	-	45	884	1135	1319	952	4290	101	25	15	15	4	2	3	4	3	7	2	5	0	0	0	0	0	0	1	1	0
NZ_UGQW01000002.1	5p	-	46	896	1136	1131	953	4116	90	23	19	23	0	2	0	1	4	1	2	4	0	0	0	0	0	1	0	0	0
NZ_UGQW01000002.1	5p	-	47	849	1149	1122	824	3944	89	17	25	11	6	0	3	6	4	1	0	7	0	0	0	0	0	0	0	0	0
NZ_UGQW01000002.1	5p	-	48	822	994	1120	841	3777	74	15	10	19	3	1	7	5	1	4	4	2	0	0	0	0	1	1	0	0	0
NZ_UGQW01000002.1	5p	-	49	791	966	1045	824	3626	92	17	9	19	3	1	2	2	5	0	0	8	0	0	0	0	0	0	0	0	0
NZ_UGQW01000002.1	5p	-	50	729	945	1005	793	3472	73	32	20	12	1	0	1	4	4	1	5	8	0	0	0	1	1	0	0	0	0
NZ_UGQW01000002.1	5p	-	51	696	983	962	726	3367	64	18	14	14	2	1	1	2	1	1	1	5	0	0	1	0	0	0	0	0	0
NZ_UGQW01000002.1	5p	-	52	704	869	899	758	3230	65	17	13	18	3	1	1	5	3	1	2	4	1	0	0	0	0	0	0	0	0
NZ_UGQW01000002.1	5p	-	53	647	890	866	691	3094	74	16	17	9	1	2	0	5	2	3	2	2	0	0	0	1	0	0	0	0	0
NZ_UGQW01000002.1	5p	-	54	662	752	882	654	2950	80	17	11	21	0	0	1	6	1	1	0	5	1	0	0	0	0	0	0	0	0
NZ_UGQW01000002.1	5p	-	55	618	787	765	660	2830	63	20	14	17	0	0	4	3	1	1	1	1	0	0	0	0	0	0	0	0	0
NZ_UGQW01000002.1	5p	-	56	579	789	768	570	2706	67	18	15	16	2	1	2	4	2	0	3	3	1	0	0	0	0	0	0	0	0
NZ_UGQW01000002.1	5p	-	57	574	694	741	588	2597	49	14	17	18	2	1	4	6	1	1	2	4	0	0	0	1	0	0	1	0	0
NZ_UGQW01000002.1	5p	-	58	516	666	734	579	2495	54	8	7	12	0	1	2	5	4	5	1	4	0	0	0	0	0	0	0	0	0
NZ_UGQW01000002.1	5p	-	59	529	669	659	538	2395	30	8	17	13	1	2	1	7	2	2	0	3	0	0	0	0	0	0	0	0	0
NZ_UGQW01000002.1	5p	-	60	502	646	654	505	2307	52	16	3	11	1	1	1	3	1	1	3	4	0	0	0	0	1	0	0	0	0
NZ_UGQW01000002.1	5p	-	61	478	612	611	512	2213	48	9	11	12	4	1	2	2	0	0	3	3	0	0	0	0	0	0	0	0	0
NZ_UGQW01000002.1	5p	-	62	479	604	602	453	2138	45	11	11	14	3	0	2	4	1	1	4	3	0	0	0	0	0	0	0	0	0
NZ_UGQW01000002.1	5p	-	63	482	529	614	431	2056	51	9	9	8	5	0	1	3	3	0	3	2	1	0	0	0	0	0	0	0	0
NZ_UGQW01000002.1	5p	-	64	426	588	521	456	1991	49	18	8	10	0	0	4	4	2	1	0	0	0	0	0	0	0	0	0	0	0
NZ_UGQW01000002.1	5p	-	65	403	549	526	433	1911	41	7	10	2	1	1	3	3	3	1	2	1	0	0	0	0	0	1	0	0	0
NZ_UGQW01000002.1	5p	-	66	382	503	515	427	1827	29	14	4	5	2	0	0	4	0	2	1	1	0	1	0	0	0	1	0	0	0
NZ_UGQW01000002.1	5p	-	67	366	491	495	413	1765	32	9	12	12	2	0	2	5	0	1	1	3	0	0	0	0	0	0	0	0	0
NZ_UGQW01000002.1	5p	-	68	364	469	525	339	1697	49	10	6	5	1	0	2	3	1	1	4	4	0	0	0	0	0	1	0	0	0
NZ_UGQW01000002.1	5p	-	69	330	445	486	379	1640	41	7	5	12	1	0	1	2	1	0	2	1	0	0	0	0	0	0	0	0	0
NZ_UGQW01000002.1	5p	-	70	344	413	470	332	1559	32	7	7	5	0	1	4	4	1	0	1	3	0	0	0	0	0	1	0	0	0
