# table produced by mapDamage version 2.2.3
# using mapped file /mnt/archgen/microbiome_calculus/library_ds_vs_ss/04-analysis/normalize_kraken/mapping/neisseria_elongata/mapDamage2_ssLibs/input/GOY005.A0103.SG1.4_5M.mapped_n_elongata_q25l30_rmdup.bam and /mnt/archgen/microbiome_calculus/library_ds_vs_ss/04-analysis/normalize_kraken/mapping/neisseria_elongata/input/GCF_900453895.1_42925_E01_genomic.fna as reference file
# Chr: reference from sam/bam header, End: from which termini of DNA sequences, Std: strand of reads
Chr	End	Std	Pos	A	C	G	T	Total	G>A	C>T	A>G	T>C	A>C	A>T	C>G	C>A	T>G	T>A	G>C	G>T	A>-	T>-	C>-	G>-	->A	->T	->C	->G	S
NZ_UGQW01000001.1	3p	+	1	346	459	291	316	1412	9	83	4	7	0	3	3	4	1	3	6	4	0	0	0	0	0	0	0	0	0
NZ_UGQW01000001.1	3p	+	2	386	418	355	253	1412	6	54	4	9	3	1	2	6	3	0	2	0	0	0	0	0	0	0	0	0	0
NZ_UGQW01000001.1	3p	+	3	346	345	423	298	1412	10	50	9	6	0	1	1	2	0	2	5	3	0	0	0	0	0	0	0	0	0
NZ_UGQW01000001.1	3p	+	4	362	369	356	325	1412	8	53	8	9	1	2	1	3	2	0	5	2	0	0	0	0	0	0	0	0	0
NZ_UGQW01000001.1	3p	+	5	356	360	350	346	1412	9	45	4	10	1	0	0	0	2	1	7	1	0	0	0	0	0	0	0	0	0
NZ_UGQW01000001.1	3p	+	6	353	355	404	300	1412	8	34	3	12	2	1	4	2	2	0	5	4	0	0	0	0	0	0	0	0	0
NZ_UGQW01000001.1	3p	+	7	316	408	343	344	1411	8	32	8	12	1	0	3	0	1	2	2	2	0	0	0	0	0	1	0	0	0
NZ_UGQW01000001.1	3p	+	8	342	350	359	360	1411	7	29	7	13	5	0	3	6	1	0	1	1	0	0	0	0	0	0	0	1	0
NZ_UGQW01000001.1	3p	+	9	328	367	416	301	1412	16	36	12	6	1	2	0	2	1	1	4	2	0	1	0	0	0	0	0	0	0
NZ_UGQW01000001.1	3p	+	10	322	377	374	339	1412	8	25	3	7	2	2	2	0	3	0	0	4	0	0	1	0	0	0	0	0	0
NZ_UGQW01000001.1	3p	+	11	321	357	378	356	1412	6	20	5	11	1	4	2	2	1	0	6	1	0	0	2	3	0	0	0	0	0
NZ_UGQW01000001.1	3p	+	12	313	369	409	321	1412	9	19	4	12	4	2	2	5	0	0	6	6	0	0	0	0	0	0	0	0	0
NZ_UGQW01000001.1	3p	+	13	295	413	393	311	1412	5	21	11	7	1	2	2	4	1	0	7	0	0	0	0	1	0	0	0	0	0
NZ_UGQW01000001.1	3p	+	14	347	371	369	325	1412	10	20	4	11	1	0	1	3	1	1	4	0	1	0	0	1	0	0	0	0	0
NZ_UGQW01000001.1	3p	+	15	326	383	412	289	1410	4	20	9	18	1	1	2	3	3	0	3	2	0	0	0	1	1	1	0	0	0
NZ_UGQW01000001.1	3p	+	16	299	421	375	315	1410	8	28	5	9	3	0	0	2	1	2	4	2	0	0	1	1	1	1	0	0	0
NZ_UGQW01000001.1	3p	+	17	315	384	396	317	1412	8	19	9	10	2	1	1	2	1	0	2	1	0	0	0	2	0	0	0	0	0
NZ_UGQW01000001.1	3p	+	18	310	382	408	312	1412	9	20	9	9	2	2	3	1	2	1	5	4	0	1	0	0	0	0	0	0	0
NZ_UGQW01000001.1	3p	+	19	301	416	387	308	1412	8	21	8	13	2	2	0	1	0	0	3	3	0	0	0	0	0	0	0	0	0
NZ_UGQW01000001.1	3p	+	20	328	400	361	322	1411	8	26	11	10	1	1	2	1	2	0	4	3	0	0	0	0	1	0	0	0	0
NZ_UGQW01000001.1	3p	+	21	304	370	436	302	1412	10	18	4	9	2	5	2	3	1	1	2	2	0	0	0	0	0	0	0	0	0
NZ_UGQW01000001.1	3p	+	22	337	386	359	330	1412	8	23	4	13	2	3	2	3	3	2	5	3	0	0	1	0	0	0	0	0	0
NZ_UGQW01000001.1	3p	+	23	346	380	362	324	1412	6	17	5	8	0	2	0	0	0	0	4	1	0	0	0	0	0	0	0	0	0
NZ_UGQW01000001.1	3p	+	24	316	367	428	301	1412	6	26	11	9	1	2	2	3	5	0	6	2	0	0	0	0	0	0	0	0	0
NZ_UGQW01000001.1	3p	+	25	300	413	385	314	1412	7	20	5	10	0	0	2	0	1	0	6	0	0	0	0	0	0	0	0	0	0
NZ_UGQW01000001.1	3p	+	26	330	411	358	313	1412	6	27	8	8	3	0	1	1	1	1	0	2	0	0	0	0	0	0	0	0	0
NZ_UGQW01000001.1	3p	+	27	324	377	400	311	1412	10	22	10	9	2	3	1	2	1	0	1	9	0	0	0	0	0	0	0	0	0
NZ_UGQW01000001.1	3p	+	28	338	382	375	317	1412	8	19	6	9	0	1	2	2	0	2	2	1	0	0	0	0	0	0	0	0	0
NZ_UGQW01000001.1	3p	+	29	347	364	366	335	1412	7	38	4	6	2	1	2	4	0	1	2	2	0	1	0	0	0	0	0	0	0
NZ_UGQW01000001.1	3p	+	30	350	382	387	293	1412	9	35	6	13	2	3	2	2	2	0	6	1	0	0	0	0	0	0	0	0	0
NZ_UGQW01000001.1	3p	+	31	315	362	309	285	1271	7	34	7	8	0	1	2	2	0	1	3	3	0	0	0	0	0	0	0	0	0
NZ_UGQW01000001.1	3p	+	32	299	308	277	254	1138	8	36	7	11	1	2	0	2	1	1	2	0	0	0	0	0	0	0	0	0	0
NZ_UGQW01000001.1	3p	+	33	248	278	289	206	1021	6	23	5	4	2	0	5	1	2	1	2	4	0	0	0	1	0	0	0	0	0
NZ_UGQW01000001.1	3p	+	34	214	283	199	234	930	3	30	4	7	1	0	2	1	0	2	2	2	0	0	1	0	0	0	0	0	0
NZ_UGQW01000001.1	3p	+	35	215	233	200	195	843	0	18	4	4	0	0	4	2	2	0	2	0	1	0	0	1	0	0	0	0	0
NZ_UGQW01000001.1	3p	+	36	195	178	220	172	765	5	9	5	4	0	3	0	0	1	0	2	2	0	0	0	0	0	0	0	0	0
NZ_UGQW01000001.1	3p	+	37	160	202	150	170	682	4	18	2	8	0	1	0	1	1	0	1	1	1	0	0	0	0	0	0	0	0
NZ_UGQW01000001.1	3p	+	38	150	176	129	147	602	4	16	2	3	1	0	1	0	0	0	3	1	0	0	0	0	0	0	0	0	0
NZ_UGQW01000001.1	3p	+	39	145	148	135	122	550	2	18	2	4	2	0	0	1	0	2	1	0	1	0	0	0	0	0	0	0	0
NZ_UGQW01000001.1	3p	+	40	136	131	137	108	512	2	18	2	4	1	0	1	1	0	0	3	1	1	0	0	1	0	0	0	0	0
NZ_UGQW01000001.1	3p	+	41	139	115	115	99	468	4	14	2	2	1	0	0	1	1	0	1	1	0	0	0	0	0	0	0	0	0
NZ_UGQW01000001.1	3p	+	42	104	126	100	104	434	2	14	4	2	2	1	2	1	0	1	1	0	0	0	0	0	0	0	0	0	0
NZ_UGQW01000001.1	3p	+	43	105	117	83	88	393	5	11	2	6	1	0	0	0	0	2	0	0	0	0	0	0	0	0	0	0	0
NZ_UGQW01000001.1	3p	+	44	95	94	73	94	356	2	12	0	5	1	0	0	1	1	1	1	2	0	0	0	0	0	0	0	0	0
NZ_UGQW01000001.1	3p	+	45	87	75	79	77	318	4	5	1	0	0	0	0	0	1	0	0	1	0	0	0	0	0	0	0	0	0
NZ_UGQW01000001.1	3p	+	46	70	90	55	69	284	1	5	2	5	1	1	0	1	0	0	0	1	0	0	0	0	0	0	0	0	0
NZ_UGQW01000001.1	3p	+	47	69	73	45	68	255	1	9	0	3	0	0	0	0	1	0	1	2	0	0	0	0	0	0	0	0	0
NZ_UGQW01000001.1	3p	+	48	72	51	55	50	228	1	6	4	0	0	0	0	1	0	0	0	0	0	0	0	0	0	0	0	0	0
NZ_UGQW01000001.1	3p	+	49	52	62	45	44	203	0	7	0	1	0	0	0	0	1	0	0	0	0	0	0	0	0	0	0	0	0
NZ_UGQW01000001.1	3p	+	50	50	56	45	36	187	2	6	2	0	0	0	0	0	0	0	1	0	0	0	0	0	0	0	0	0	0
NZ_UGQW01000001.1	3p	+	51	50	34	44	34	162	0	4	0	0	0	0	0	1	0	0	1	0	0	0	0	0	0	0	0	0	0
NZ_UGQW01000001.1	3p	+	52	40	43	38	28	149	0	4	2	0	0	1	0	0	0	0	0	1	0	0	0	0	0	0	0	0	0
NZ_UGQW01000001.1	3p	+	53	32	31	32	36	131	1	2	0	1	0	0	0	0	1	0	0	0	0	0	0	0	0	0	0	0	0
NZ_UGQW01000001.1	3p	+	54	29	31	29	29	118	2	4	0	0	0	0	0	0	0	1	0	0	0	0	0	0	0	0	0	0	0
NZ_UGQW01000001.1	3p	+	55	27	28	25	24	104	2	3	0	1	0	0	0	0	0	0	1	0	0	0	0	0	0	0	0	0	0
NZ_UGQW01000001.1	3p	+	56	32	21	15	26	94	0	1	0	0	1	0	0	0	0	0	0	1	0	0	0	0	0	0	0	0	0
NZ_UGQW01000001.1	3p	+	57	16	30	21	15	82	0	5	0	0	0	0	0	0	0	0	1	1	0	0	0	0	0	0	0	0	0
NZ_UGQW01000001.1	3p	+	58	21	26	17	11	75	0	4	0	0	0	0	0	0	0	0	0	0	0	0	0	0	0	0	0	0	0
NZ_UGQW01000001.1	3p	+	59	25	15	17	12	69	0	2	2	0	0	0	0	0	0	0	0	0	0	0	0	0	0	0	0	0	0
NZ_UGQW01000001.1	3p	+	60	14	22	18	9	63	2	4	1	0	0	0	0	0	0	0	1	0	0	0	0	0	0	0	0	0	0
NZ_UGQW01000001.1	3p	+	61	13	18	9	13	53	1	0	0	1	1	0	0	0	0	0	0	0	0	0	0	0	0	0	0	0	0
NZ_UGQW01000001.1	3p	+	62	19	7	12	12	50	0	0	0	1	0	0	0	0	0	0	0	0	0	0	0	0	0	0	0	0	0
NZ_UGQW01000001.1	3p	+	63	13	14	7	10	44	0	2	0	0	0	0	1	0	0	0	0	0	0	0	0	0	0	0	0	0	0
NZ_UGQW01000001.1	3p	+	64	8	11	10	10	39	1	0	0	1	0	0	0	0	0	0	0	0	0	0	0	0	0	0	0	0	0
NZ_UGQW01000001.1	3p	+	65	7	7	10	13	37	1	2	0	0	0	0	0	1	0	0	0	0	0	0	0	0	0	0	0	0	0
NZ_UGQW01000001.1	3p	+	66	12	11	4	8	35	0	0	1	1	0	0	0	0	0	0	0	0	0	0	0	0	0	0	0	0	0
NZ_UGQW01000001.1	3p	+	67	7	7	10	5	29	2	1	0	0	0	0	0	0	0	0	0	0	0	0	0	0	0	0	0	0	0
NZ_UGQW01000001.1	3p	+	68	9	6	6	7	28	0	0	0	1	0	0	0	0	0	0	0	0	0	0	0	0	0	0	0	0	0
NZ_UGQW01000001.1	3p	+	69	5	11	5	6	27	1	1	0	0	0	0	0	0	0	0	0	0	0	0	0	0	0	0	0	0	0
NZ_UGQW01000001.1	3p	+	70	5	7	7	6	25	0	0	0	0	0	0	0	0	0	0	0	0	0	0	0	0	0	0	0	0	0
NZ_UGQW01000001.1	3p	-	1	344	496	267	323	1430	9	82	7	6	1	1	2	4	2	3	3	5	0	0	0	0	0	0	0	0	0
NZ_UGQW01000001.1	3p	-	2	396	438	322	274	1430	7	59	12	12	3	0	1	6	2	2	2	3	0	0	0	0	0	0	0	0	0
NZ_UGQW01000001.1	3p	-	3	395	391	368	276	1430	15	53	13	6	0	3	1	2	2	0	2	2	0	0	0	0	0	0	0	0	0
NZ_UGQW01000001.1	3p	-	4	350	420	364	296	1430	12	41	6	3	4	0	3	3	0	1	9	3	0	0	0	0	0	0	0	0	0
NZ_UGQW01000001.1	3p	-	5	378	367	355	330	1430	8	40	8	3	2	0	4	4	2	1	3	3	0	0	0	0	0	0	0	0	0
NZ_UGQW01000001.1	3p	-	6	357	383	374	316	1430	9	32	9	4	1	3	2	1	2	1	2	6	0	0	0	0	0	0	0	0	0
NZ_UGQW01000001.1	3p	-	7	368	426	322	314	1430	3	36	11	6	3	0	2	3	3	0	4	3	1	0	0	0	0	0	0	0	0
NZ_UGQW01000001.1	3p	-	8	350	401	348	330	1429	6	22	6	7	0	1	3	5	2	2	5	1	0	0	0	0	0	0	1	0	0
NZ_UGQW01000001.1	3p	-	9	320	383	394	331	1428	14	25	13	5	1	0	2	0	2	1	6	2	0	0	0	0	0	1	1	0	0
NZ_UGQW01000001.1	3p	-	10	321	429	347	332	1429	6	22	11	11	1	3	1	0	1	2	2	2	0	0	1	1	0	1	0	0	0
NZ_UGQW01000001.1	3p	-	11	344	396	348	342	1430	7	19	10	6	4	0	0	1	3	1	3	2	0	0	0	1	0	0	0	0	0
NZ_UGQW01000001.1	3p	-	12	365	392	373	299	1429	5	23	9	7	3	0	2	2	1	1	2	1	0	1	0	2	0	1	0	0	0
NZ_UGQW01000001.1	3p	-	13	333	462	350	285	1430	7	22	9	7	0	0	4	1	3	0	6	1	3	0	0	0	0	0	0	0	0
NZ_UGQW01000001.1	3p	-	14	320	410	408	291	1429	12	15	13	4	2	1	1	4	1	1	2	1	0	1	1	0	0	0	0	1	0
NZ_UGQW01000001.1	3p	-	15	356	441	363	269	1429	11	25	7	8	2	1	2	2	3	0	1	3	0	1	0	1	0	1	0	0	0
NZ_UGQW01000001.1	3p	-	16	328	450	331	321	1430	5	20	6	12	2	2	3	2	2	0	3	0	0	0	0	0	0	0	0	0	0
NZ_UGQW01000001.1	3p	-	17	337	428	342	323	1430	7	27	15	6	0	2	1	1	2	2	2	2	0	0	1	0	0	0	0	0	0
NZ_UGQW01000001.1	3p	-	18	331	406	380	313	1430	18	20	9	6	1	0	5	0	2	1	4	8	1	1	0	0	0	0	0	0	0
NZ_UGQW01000001.1	3p	-	19	329	427	358	315	1429	7	11	12	6	1	1	3	1	0	0	2	2	0	0	0	0	0	1	0	0	0
NZ_UGQW01000001.1	3p	-	20	337	407	362	324	1430	7	23	9	8	1	3	1	4	1	3	1	4	0	0	1	0	0	0	0	0	0
NZ_UGQW01000001.1	3p	-	21	321	418	405	286	1430	10	25	9	10	0	0	1	2	0	2	8	6	0	0	1	1	0	0	0	0	0
NZ_UGQW01000001.1	3p	-	22	317	434	375	304	1430	7	25	2	5	2	2	4	1	1	1	4	3	0	0	0	0	0	0	0	0	0
NZ_UGQW01000001.1	3p	-	23	342	450	330	308	1430	12	28	13	9	0	1	2	2	1	1	0	1	0	1	0	0	0	0	0	0	0
NZ_UGQW01000001.1	3p	-	24	318	402	387	320	1427	4	17	5	6	2	0	2	3	0	3	2	1	0	0	0	0	2	1	0	0	0
NZ_UGQW01000001.1	3p	-	25	318	430	364	317	1429	10	22	10	7	2	1	3	2	3	1	2	2	1	0	0	0	0	0	0	1	0
NZ_UGQW01000001.1	3p	-	26	329	415	351	334	1429	9	21	5	6	2	2	3	2	0	1	2	2	0	1	1	1	0	1	0	0	0
NZ_UGQW01000001.1	3p	-	27	331	402	373	324	1430	9	19	9	4	0	0	1	5	5	2	3	2	1	0	0	0	0	0	0	0	0
NZ_UGQW01000001.1	3p	-	28	371	425	331	303	1430	8	23	16	5	2	0	2	1	3	0	4	0	0	0	1	0	0	0	0	0	0
NZ_UGQW01000001.1	3p	-	29	370	417	334	309	1430	9	41	8	10	1	2	5	1	1	1	3	1	0	0	0	0	0	0	0	0	0
NZ_UGQW01000001.1	3p	-	30	356	418	355	301	1430	13	39	11	4	3	3	1	3	1	0	4	2	1	0	0	0	0	0	0	0	0
NZ_UGQW01000001.1	3p	-	31	338	369	288	288	1283	14	43	8	9	0	0	1	1	0	0	8	2	0	0	0	0	0	0	0	0	0
NZ_UGQW01000001.1	3p	-	32	292	355	253	262	1162	8	32	8	4	1	1	1	3	0	0	2	2	0	0	0	1	0	0	0	0	0
NZ_UGQW01000001.1	3p	-	33	240	302	262	246	1050	6	27	4	5	0	1	0	1	1	1	3	1	0	0	0	0	0	0	0	0	0
NZ_UGQW01000001.1	3p	-	34	243	283	196	212	934	5	18	8	7	3	2	0	2	0	0	2	2	0	0	0	0	0	0	0	0	0
NZ_UGQW01000001.1	3p	-	35	212	243	201	178	834	6	22	2	2	2	1	1	1	0	0	0	3	0	0	0	0	0	0	0	0	0
NZ_UGQW01000001.1	3p	-	36	198	189	186	169	742	2	12	9	2	1	0	0	0	0	1	1	3	0	0	0	0	0	0	0	0	0
NZ_UGQW01000001.1	3p	-	37	188	213	142	134	677	4	18	0	4	1	1	1	2	0	0	3	0	0	0	0	0	0	0	0	0	0
NZ_UGQW01000001.1	3p	-	38	144	186	139	150	619	6	17	2	0	0	0	0	1	0	0	1	2	0	0	0	0	0	0	0	0	0
NZ_UGQW01000001.1	3p	-	39	141	162	140	126	569	2	14	2	2	1	0	0	3	1	0	1	1	0	0	0	0	0	0	0	0	0
NZ_UGQW01000001.1	3p	-	40	144	151	111	113	519	2	17	6	7	0	0	0	1	0	1	2	2	0	0	0	0	0	0	0	0	0
NZ_UGQW01000001.1	3p	-	41	101	142	116	116	475	3	18	3	0	1	0	2	0	1	0	2	0	0	0	0	0	0	0	0	0	0
NZ_UGQW01000001.1	3p	-	42	119	124	95	94	432	1	14	4	1	1	2	2	1	1	0	1	1	0	0	0	0	0	0	0	0	0
NZ_UGQW01000001.1	3p	-	43	95	110	87	90	382	0	11	2	2	0	0	1	1	0	0	2	3	0	0	0	0	0	0	0	0	0
NZ_UGQW01000001.1	3p	-	44	86	84	77	89	336	1	12	1	3	0	0	0	0	0	0	2	0	0	0	0	0	0	0	0	0	0
NZ_UGQW01000001.1	3p	-	45	66	91	64	70	291	4	7	2	1	0	0	0	0	0	0	0	1	0	0	0	0	0	0	0	0	0
NZ_UGQW01000001.1	3p	-	46	57	85	51	75	268	1	12	1	3	0	0	0	1	0	0	0	0	0	0	0	0	0	0	0	0	0
NZ_UGQW01000001.1	3p	-	47	62	56	51	65	234	1	7	0	0	0	0	0	0	0	0	1	0	0	0	0	0	0	0	0	0	0
NZ_UGQW01000001.1	3p	-	48	46	50	59	50	205	2	9	0	0	0	0	0	0	1	0	0	0	0	0	0	0	0	0	0	0	0
NZ_UGQW01000001.1	3p	-	49	51	54	38	35	178	0	6	1	0	0	0	0	0	0	1	0	0	0	0	0	0	0	0	1	0	0
NZ_UGQW01000001.1	3p	-	50	38	55	39	30	162	2	5	0	1	0	0	0	1	0	0	0	0	0	0	0	0	0	0	0	0	0
NZ_UGQW01000001.1	3p	-	51	40	41	30	37	148	1	7	1	0	0	0	0	0	0	1	0	0	0	0	0	0	0	0	0	0	0
NZ_UGQW01000001.1	3p	-	52	41	36	23	36	136	0	5	2	0	0	0	0	0	0	1	0	0	0	0	0	0	0	0	0	0	0
NZ_UGQW01000001.1	3p	-	53	29	38	23	27	117	1	2	1	0	0	0	0	0	0	0	0	0	0	0	0	0	0	0	0	0	0
NZ_UGQW01000001.1	3p	-	54	23	32	26	27	108	2	2	0	1	0	0	0	0	0	0	0	0	0	0	0	0	0	0	0	0	0
NZ_UGQW01000001.1	3p	-	55	29	24	20	25	98	0	3	2	1	0	0	0	1	0	0	0	1	0	0	0	0	0	0	0	0	0
NZ_UGQW01000001.1	3p	-	56	17	25	21	24	87	0	2	0	0	0	0	0	0	0	0	0	0	0	0	0	0	0	0	0	0	0
NZ_UGQW01000001.1	3p	-	57	19	22	17	22	80	1	0	0	1	0	0	0	0	0	0	0	0	0	0	0	0	0	0	0	0	0
NZ_UGQW01000001.1	3p	-	58	14	24	14	18	70	1	0	1	1	1	0	0	1	0	0	0	0	0	1	0	0	0	0	0	0	0
NZ_UGQW01000001.1	3p	-	59	11	18	15	18	62	0	1	0	1	0	0	0	0	0	0	0	0	0	0	0	0	0	0	0	0	0
NZ_UGQW01000001.1	3p	-	60	16	19	11	13	59	0	0	0	1	0	0	0	1	0	0	0	0	0	0	0	0	0	0	0	0	0
NZ_UGQW01000001.1	3p	-	61	16	17	13	10	56	0	0	1	0	0	0	0	0	0	0	0	0	0	0	0	0	0	0	0	0	0
NZ_UGQW01000001.1	3p	-	62	12	12	12	15	51	0	1	0	0	0	0	0	0	1	0	0	0	0	0	0	0	0	0	0	0	0
NZ_UGQW01000001.1	3p	-	63	11	10	12	13	46	0	1	0	0	0	0	0	0	0	0	0	1	0	0	0	0	0	0	0	0	0
NZ_UGQW01000001.1	3p	-	64	9	11	12	9	41	0	0	0	0	0	0	0	0	0	0	0	0	0	0	0	0	0	0	0	0	0
NZ_UGQW01000001.1	3p	-	65	14	7	6	12	39	0	1	0	0	0	0	0	0	1	0	0	0	0	0	0	0	0	0	0	0	0
NZ_UGQW01000001.1	3p	-	66	7	7	9	10	33	0	0	0	0	0	0	0	0	0	0	0	0	0	0	0	0	0	0	0	0	0
NZ_UGQW01000001.1	3p	-	67	6	13	5	9	33	1	1	0	0	0	0	0	0	0	0	0	0	0	0	0	0	0	0	0	0	0
NZ_UGQW01000001.1	3p	-	68	4	13	4	8	29	2	0	1	0	0	0	0	0	0	0	0	0	0	0	0	0	0	0	0	0	0
NZ_UGQW01000001.1	3p	-	69	7	9	7	4	27	0	1	0	0	0	0	0	0	0	0	1	0	0	0	0	0	0	0	0	0	0
NZ_UGQW01000001.1	3p	-	70	4	8	10	1	23	0	0	0	0	0	0	0	0	0	0	0	0	0	0	0	0	0	0	0	0	0
NZ_UGQW01000001.1	5p	+	1	386	416	212	398	1412	19	103	4	6	1	1	2	0	2	2	1	3	0	0	0	0	0	0	0	0	1
NZ_UGQW01000001.1	5p	+	2	405	397	290	320	1412	13	58	12	11	2	3	2	2	3	1	3	0	0	0	0	0	0	0	0	0	0
NZ_UGQW01000001.1	5p	+	3	364	354	404	290	1412	12	37	5	10	1	1	4	2	1	1	4	3	0	0	0	0	0	0	0	0	0
NZ_UGQW01000001.1	5p	+	4	406	348	357	301	1412	9	37	7	5	2	2	1	1	1	2	1	3	0	0	0	0	0	0	0	0	0
NZ_UGQW01000001.1	5p	+	5	341	435	350	286	1412	8	37	6	10	3	1	0	3	2	2	1	2	0	0	0	1	0	0	0	0	0
NZ_UGQW01000001.1	5p	+	6	338	409	384	281	1412	9	34	3	6	3	1	3	5	0	1	3	4	0	0	0	0	0	0	0	0	0
NZ_UGQW01000001.1	5p	+	7	344	362	369	337	1412	6	31	7	10	2	2	3	2	1	0	4	3	0	0	0	0	0	0	0	0	0
NZ_UGQW01000001.1	5p	+	8	316	415	374	307	1412	9	28	10	13	2	1	4	2	3	0	5	2	0	1	0	0	0	0	0	0	0
NZ_UGQW01000001.1	5p	+	9	344	384	394	290	1412	9	22	8	9	3	3	1	1	3	2	5	3	0	0	0	0	0	0	0	0	0
NZ_UGQW01000001.1	5p	+	10	374	371	343	324	1412	9	24	3	9	0	5	0	0	0	0	5	2	2	0	0	0	0	0	0	0	0
NZ_UGQW01000001.1	5p	+	11	307	432	371	302	1412	10	27	3	9	2	0	2	3	1	0	1	2	0	0	0	0	0	0	0	0	0
NZ_UGQW01000001.1	5p	+	12	335	353	434	290	1412	5	19	9	12	2	1	1	2	1	1	4	1	0	0	0	0	0	0	0	0	0
NZ_UGQW01000001.1	5p	+	13	321	387	357	347	1412	7	18	4	18	0	1	2	6	3	2	1	2	0	0	0	0	0	0	0	0	0
NZ_UGQW01000001.1	5p	+	14	306	407	369	329	1411	5	15	8	13	2	2	3	4	0	0	3	5	0	0	0	2	1	0	0	0	0
NZ_UGQW01000001.1	5p	+	15	314	353	431	314	1412	10	15	13	7	1	1	3	3	2	1	5	0	0	0	1	0	0	0	0	0	0
NZ_UGQW01000001.1	5p	+	16	337	380	350	345	1412	5	18	9	16	2	1	0	1	1	0	2	5	0	0	0	0	0	0	0	0	0
NZ_UGQW01000001.1	5p	+	17	313	429	369	301	1412	7	20	7	15	1	0	4	0	2	1	3	3	0	0	0	1	0	0	0	0	0
NZ_UGQW01000001.1	5p	+	18	325	374	417	295	1411	9	17	12	11	2	3	0	2	1	0	4	1	0	0	0	1	1	0	0	0	0
NZ_UGQW01000001.1	5p	+	19	340	358	376	338	1412	4	17	8	7	0	5	1	2	0	0	5	4	0	0	0	1	0	0	0	0	0
NZ_UGQW01000001.1	5p	+	20	296	406	366	344	1412	11	19	6	13	4	1	2	3	0	0	3	0	1	0	0	0	0	0	0	0	0
NZ_UGQW01000001.1	5p	+	21	297	388	420	307	1412	5	15	7	17	3	0	2	1	2	1	2	2	1	0	0	1	0	0	0	0	0
NZ_UGQW01000001.1	5p	+	22	318	377	359	357	1411	8	26	4	12	3	2	3	1	1	1	3	4	0	0	0	1	1	0	0	0	0
NZ_UGQW01000001.1	5p	+	23	301	414	382	315	1412	7	18	7	5	3	2	1	2	3	0	3	2	0	0	0	1	0	0	0	0	0
NZ_UGQW01000001.1	5p	+	24	328	393	402	289	1412	12	22	6	4	1	2	3	2	1	1	5	4	0	0	0	0	0	0	0	0	0
NZ_UGQW01000001.1	5p	+	25	345	374	375	318	1412	3	28	2	8	3	2	2	1	0	0	4	3	0	0	1	0	0	0	0	0	0
NZ_UGQW01000001.1	5p	+	26	344	377	384	307	1412	7	38	9	17	3	1	1	2	1	0	3	3	0	0	0	0	0	0	0	0	0
NZ_UGQW01000001.1	5p	+	27	329	372	385	326	1412	13	33	12	10	0	0	2	4	0	1	3	1	0	0	0	0	0	0	0	0	0
NZ_UGQW01000001.1	5p	+	28	368	357	347	340	1412	7	32	7	6	0	0	1	2	2	0	3	1	0	1	0	0	0	0	0	0	0
NZ_UGQW01000001.1	5p	+	29	308	407	366	331	1412	9	41	4	12	3	0	0	3	1	2	5	2	0	0	0	0	0	0	0	0	0
NZ_UGQW01000001.1	5p	+	30	348	371	410	283	1412	13	47	10	4	1	2	1	3	2	0	10	1	0	0	0	0	0	0	0	0	0
NZ_UGQW01000001.1	5p	+	31	297	369	300	305	1271	4	38	2	8	1	1	0	3	0	0	3	2	0	0	0	0	0	0	0	0	0
NZ_UGQW01000001.1	5p	+	32	263	311	321	243	1138	7	40	6	8	2	1	2	3	1	1	3	2	0	0	1	0	0	0	0	0	0
NZ_UGQW01000001.1	5p	+	33	259	269	272	221	1021	6	21	3	8	2	0	1	1	0	3	4	3	0	0	0	1	0	0	0	0	0
NZ_UGQW01000001.1	5p	+	34	231	248	239	211	929	7	23	4	4	0	0	0	2	1	0	1	1	0	0	0	0	0	1	0	0	0
NZ_UGQW01000001.1	5p	+	35	196	244	213	189	842	4	32	1	6	1	2	0	1	0	0	2	0	1	0	0	0	0	1	0	0	0
NZ_UGQW01000001.1	5p	+	36	197	195	226	147	765	6	18	3	2	0	1	1	3	3	0	3	1	0	0	0	0	0	0	0	0	0
NZ_UGQW01000001.1	5p	+	37	193	176	163	149	681	1	23	2	5	1	0	3	1	0	1	1	1	0	0	0	0	0	0	0	1	0
NZ_UGQW01000001.1	5p	+	38	143	170	156	132	601	3	18	0	4	0	1	0	1	3	2	3	1	0	0	0	0	0	1	0	0	0
NZ_UGQW01000001.1	5p	+	39	132	153	146	119	550	3	11	2	3	0	1	1	0	0	1	2	1	0	0	0	1	0	0	0	0	0
NZ_UGQW01000001.1	5p	+	40	113	133	146	120	512	2	10	4	2	0	0	1	0	0	0	1	1	0	0	0	0	0	0	0	0	0
NZ_UGQW01000001.1	5p	+	41	89	135	132	112	468	2	14	4	5	0	0	3	1	1	0	0	3	0	0	0	1	0	0	0	0	0
NZ_UGQW01000001.1	5p	+	42	105	119	109	101	434	0	10	4	5	0	0	1	0	1	0	2	0	0	0	1	0	0	0	0	0	0
NZ_UGQW01000001.1	5p	+	43	102	103	95	93	393	3	11	3	1	2	0	0	1	0	1	1	1	0	1	0	0	0	0	0	0	0
NZ_UGQW01000001.1	5p	+	44	76	101	94	85	356	3	9	2	3	1	1	1	2	1	0	0	0	0	0	2	0	0	0	0	0	0
NZ_UGQW01000001.1	5p	+	45	82	72	76	88	318	2	5	3	1	1	1	0	0	0	0	2	0	0	0	0	0	0	0	0	0	0
NZ_UGQW01000001.1	5p	+	46	68	79	66	71	284	0	12	0	0	0	0	0	0	0	1	1	1	0	0	0	0	0	0	0	0	0
NZ_UGQW01000001.1	5p	+	47	56	79	58	62	255	1	11	3	2	0	0	0	1	0	0	2	0	0	0	0	0	0	0	0	0	0
NZ_UGQW01000001.1	5p	+	48	58	62	66	42	228	1	5	1	1	0	0	0	0	0	0	0	0	0	0	0	0	0	0	0	0	0
NZ_UGQW01000001.1	5p	+	49	56	44	56	47	203	0	4	0	0	0	0	0	0	0	0	2	1	0	0	0	0	0	0	0	0	0
NZ_UGQW01000001.1	5p	+	50	59	29	56	43	187	0	3	0	2	0	1	0	0	1	0	3	0	0	0	0	0	0	0	0	0	0
NZ_UGQW01000001.1	5p	+	51	39	52	40	31	162	1	3	0	0	0	0	0	0	0	0	1	1	0	0	0	0	0	0	0	0	0
NZ_UGQW01000001.1	5p	+	52	39	36	37	37	149	0	1	2	1	0	0	0	1	0	0	0	0	0	0	0	0	0	0	0	0	0
NZ_UGQW01000001.1	5p	+	53	28	29	43	31	131	0	1	0	0	0	0	0	0	0	0	2	0	0	0	0	0	0	0	0	0	0
NZ_UGQW01000001.1	5p	+	54	32	25	33	28	118	0	1	0	2	0	0	0	0	0	0	0	0	0	0	0	0	0	0	0	0	0
NZ_UGQW01000001.1	5p	+	55	22	31	24	27	104	0	3	1	2	0	0	0	1	1	0	0	0	0	0	0	0	0	0	0	0	0
NZ_UGQW01000001.1	5p	+	56	27	20	22	25	94	0	2	0	0	0	0	0	0	0	0	0	0	0	0	0	0	0	0	0	0	0
NZ_UGQW01000001.1	5p	+	57	18	21	20	23	82	0	3	1	1	0	0	0	0	0	0	0	0	0	0	0	0	0	0	0	0	0
NZ_UGQW01000001.1	5p	+	58	16	26	21	12	75	1	7	0	0	0	0	0	0	0	0	1	0	0	0	0	0	0	0	0	0	0
NZ_UGQW01000001.1	5p	+	59	20	11	20	18	69	1	2	0	0	0	0	0	0	0	0	0	0	0	0	0	0	0	0	0	0	0
NZ_UGQW01000001.1	5p	+	60	20	19	13	11	63	0	1	0	0	0	0	0	0	0	0	0	0	0	0	0	0	0	0	0	0	0
NZ_UGQW01000001.1	5p	+	61	12	15	13	13	53	0	2	0	0	0	0	0	0	0	0	1	0	0	0	0	0	0	0	0	0	0
NZ_UGQW01000001.1	5p	+	62	10	13	13	14	50	1	2	0	0	0	0	0	0	0	0	0	0	0	0	0	0	0	0	0	0	0
NZ_UGQW01000001.1	5p	+	63	10	10	10	14	44	0	0	1	0	0	0	0	0	0	0	0	0	0	0	0	0	0	0	0	0	0
NZ_UGQW01000001.1	5p	+	64	5	11	10	13	39	0	1	0	0	0	0	0	0	0	0	0	0	0	0	0	0	0	0	0	0	0
NZ_UGQW01000001.1	5p	+	65	9	10	10	8	37	1	1	0	0	0	0	0	0	0	0	0	0	0	0	0	0	0	0	0	0	0
NZ_UGQW01000001.1	5p	+	66	11	8	11	5	35	1	1	0	0	0	0	0	0	0	0	0	0	0	0	0	0	0	0	0	0	0
NZ_UGQW01000001.1	5p	+	67	6	7	9	7	29	0	0	0	0	0	0	0	0	1	0	0	1	0	0	0	0	0	0	0	0	0
NZ_UGQW01000001.1	5p	+	68	7	7	7	7	28	0	1	0	0	0	0	0	0	0	0	0	0	0	0	0	0	0	0	0	0	0
NZ_UGQW01000001.1	5p	+	69	7	8	5	7	27	0	1	0	1	0	0	0	0	0	0	0	0	0	0	0	0	0	0	0	0	0
NZ_UGQW01000001.1	5p	+	70	6	8	5	6	25	1	1	0	0	0	0	0	0	0	0	0	0	0	0	0	0	0	0	0	0	0
NZ_UGQW01000001.1	5p	-	1	389	451	196	394	1430	10	109	0	6	1	2	0	3	2	1	6	2	0	0	0	0	0	0	0	0	0
NZ_UGQW01000001.1	5p	-	2	426	443	259	302	1430	14	67	10	5	0	1	0	3	0	2	0	6	0	0	0	0	0	0	0	0	0
NZ_UGQW01000001.1	5p	-	3	427	323	389	291	1430	11	42	12	5	3	2	4	1	1	0	10	2	0	0	0	0	0	0	0	0	0
NZ_UGQW01000001.1	5p	-	4	371	402	327	330	1430	9	38	6	1	0	3	2	2	1	1	0	2	0	0	0	0	0	0	0	0	0
NZ_UGQW01000001.1	5p	-	5	353	449	345	283	1430	6	32	12	9	2	2	1	4	1	0	6	0	1	0	0	0	0	0	0	0	0
NZ_UGQW01000001.1	5p	-	6	320	429	362	319	1430	7	34	13	11	0	0	3	3	2	1	5	2	0	0	1	0	0	0	0	0	0
NZ_UGQW01000001.1	5p	-	7	310	421	358	340	1429	4	30	3	5	0	2	3	3	1	2	5	4	0	0	0	0	1	0	0	0	0
NZ_UGQW01000001.1	5p	-	8	329	414	386	298	1427	11	14	11	5	5	1	2	3	2	0	6	1	1	1	0	0	0	1	1	1	0
NZ_UGQW01000001.1	5p	-	9	313	397	405	315	1430	15	28	11	15	1	1	6	5	3	1	2	6	0	0	1	0	0	0	0	0	0
NZ_UGQW01000001.1	5p	-	10	335	425	324	346	1430	9	18	3	8	2	1	1	2	0	0	3	0	0	0	0	0	0	0	0	0	0
NZ_UGQW01000001.1	5p	-	11	310	447	349	324	1430	7	33	10	7	4	0	1	3	2	2	1	1	0	0	0	0	0	0	0	0	0
NZ_UGQW01000001.1	5p	-	12	351	405	378	295	1429	8	20	15	9	1	2	3	2	2	1	5	3	0	0	1	0	1	0	0	0	0
NZ_UGQW01000001.1	5p	-	13	364	395	333	338	1430	7	17	5	7	5	1	1	0	1	1	0	3	0	0	0	0	0	0	0	0	0
NZ_UGQW01000001.1	5p	-	14	333	451	348	298	1430	6	22	12	5	1	2	2	0	1	1	2	5	0	0	0	0	0	0	0	0	0
NZ_UGQW01000001.1	5p	-	15	328	403	390	308	1429	12	21	10	10	0	0	3	3	1	0	4	3	0	0	0	0	0	1	0	0	0
NZ_UGQW01000001.1	5p	-	16	360	393	358	319	1430	10	16	9	7	2	2	1	0	1	0	2	1	0	1	0	0	0	0	0	0	0
NZ_UGQW01000001.1	5p	-	17	308	472	366	283	1429	7	21	12	6	0	0	4	2	2	2	2	4	0	0	0	0	0	1	0	0	0
NZ_UGQW01000001.1	5p	-	18	343	439	371	276	1429	17	16	14	4	1	1	4	1	0	0	2	2	1	0	0	0	0	0	0	1	0
NZ_UGQW01000001.1	5p	-	19	372	410	349	299	1430	7	18	6	4	0	0	1	2	0	1	1	1	1	1	0	1	0	0	0	0	0
NZ_UGQW01000001.1	5p	-	20	343	460	336	291	1430	12	19	6	3	0	0	2	2	4	0	2	1	0	0	1	0	0	0	0	0	0
NZ_UGQW01000001.1	5p	-	21	309	422	402	297	1430	11	23	9	16	4	1	2	3	1	1	2	1	1	0	0	0	0	0	0	0	0
NZ_UGQW01000001.1	5p	-	22	351	388	351	340	1430	7	20	7	9	0	1	1	0	3	0	5	3	0	2	1	1	0	0	0	0	0
NZ_UGQW01000001.1	5p	-	23	292	457	354	326	1429	9	18	6	7	4	2	2	1	3	1	2	2	0	0	0	1	0	1	0	0	0
NZ_UGQW01000001.1	5p	-	24	350	397	376	305	1428	6	20	16	6	1	0	1	3	3	2	2	2	0	0	0	0	0	1	1	0	0
NZ_UGQW01000001.1	5p	-	25	384	386	354	305	1429	7	25	10	4	2	0	2	1	1	2	2	3	0	0	0	0	0	0	1	0	0
NZ_UGQW01000001.1	5p	-	26	314	437	347	332	1430	14	25	7	9	2	2	3	3	1	0	3	2	0	0	1	0	0	0	0	0	0
NZ_UGQW01000001.1	5p	-	27	333	393	381	323	1430	13	30	13	5	1	2	3	1	2	1	4	4	0	0	0	0	0	0	0	0	0
NZ_UGQW01000001.1	5p	-	28	362	387	352	329	1430	6	22	12	6	2	1	0	1	3	0	2	5	0	0	0	2	0	0	0	0	0
NZ_UGQW01000001.1	5p	-	29	357	448	314	311	1430	4	37	8	4	0	0	0	1	0	1	2	2	0	0	0	0	0	0	0	0	0
NZ_UGQW01000001.1	5p	-	30	361	408	358	303	1430	17	39	10	6	2	1	2	4	1	2	5	2	0	1	0	0	0	0	0	0	0
NZ_UGQW01000001.1	5p	-	31	320	333	313	317	1283	8	39	4	3	0	0	2	5	1	0	4	1	0	0	0	1	0	0	0	0	0
NZ_UGQW01000001.1	5p	-	32	276	371	267	247	1161	6	35	11	7	1	0	0	3	0	1	5	3	0	0	0	0	0	1	0	0	0
NZ_UGQW01000001.1	5p	-	33	254	295	275	226	1050	4	32	5	3	1	1	2	3	4	1	2	1	0	0	0	0	0	0	0	0	0
NZ_UGQW01000001.1	5p	-	34	216	255	240	223	934	4	28	5	5	0	0	0	0	0	3	4	2	0	0	0	1	0	0	0	0	0
NZ_UGQW01000001.1	5p	-	35	193	257	188	196	834	2	24	6	4	2	1	4	1	1	4	3	3	1	0	0	0	0	0	0	0	0
NZ_UGQW01000001.1	5p	-	36	168	222	196	156	742	7	26	7	3	0	0	1	3	1	0	2	2	0	1	0	0	0	0	0	0	0
NZ_UGQW01000001.1	5p	-	37	168	192	159	158	677	1	22	3	3	0	0	1	2	1	0	1	2	0	0	0	0	0	0	0	0	0
NZ_UGQW01000001.1	5p	-	38	151	186	146	136	619	1	19	4	1	1	0	0	0	0	0	0	2	0	0	0	0	0	0	0	0	0
NZ_UGQW01000001.1	5p	-	39	134	173	147	115	569	3	14	2	2	2	2	0	2	1	2	2	0	0	0	0	0	0	0	0	0	0
NZ_UGQW01000001.1	5p	-	40	142	150	127	100	519	2	13	2	0	0	1	1	0	0	1	1	0	1	0	0	1	0	0	0	0	0
NZ_UGQW01000001.1	5p	-	41	121	152	111	91	475	1	15	4	2	0	0	0	2	0	0	0	0	0	0	0	0	0	0	0	0	0
NZ_UGQW01000001.1	5p	-	42	112	139	103	78	432	3	10	1	6	0	1	0	2	0	1	2	1	0	0	0	0	0	0	0	0	0
NZ_UGQW01000001.1	5p	-	43	114	93	87	88	382	2	4	1	2	3	1	0	1	0	0	1	1	0	0	0	0	0	0	0	0	0
NZ_UGQW01000001.1	5p	-	44	92	92	83	69	336	4	9	2	0	0	0	1	0	1	0	1	1	0	0	1	0	0	0	0	0	0
NZ_UGQW01000001.1	5p	-	45	68	88	71	64	291	1	9	1	1	0	0	2	0	0	0	0	1	0	0	0	0	0	0	0	0	0
NZ_UGQW01000001.1	5p	-	46	56	85	60	66	267	2	9	0	2	0	0	1	0	0	0	1	0	0	0	0	0	0	1	0	0	0
NZ_UGQW01000001.1	5p	-	47	51	65	54	64	234	0	6	4	2	0	0	0	2	1	0	1	0	0	0	0	0	0	0	0	0	0
NZ_UGQW01000001.1	5p	-	48	53	56	51	45	205	1	6	1	1	1	0	1	0	0	0	1	0	0	0	0	0	0	0	0	0	0
NZ_UGQW01000001.1	5p	-	49	58	43	33	45	179	0	2	0	0	0	0	0	1	0	0	0	0	0	0	0	0	0	0	0	0	0
NZ_UGQW01000001.1	5p	-	50	41	53	34	34	162	3	4	1	0	0	0	0	0	0	0	1	0	0	0	0	0	0	0	0	0	0
NZ_UGQW01000001.1	5p	-	51	36	41	34	37	148	1	1	1	2	0	0	0	0	0	0	0	0	0	0	0	0	0	0	0	0	0
NZ_UGQW01000001.1	5p	-	52	38	40	24	34	136	1	3	0	0	0	0	0	0	0	0	0	0	1	0	0	0	0	0	0	0	0
NZ_UGQW01000001.1	5p	-	53	26	37	25	29	117	0	4	2	0	1	0	0	0	0	1	1	0	0	0	0	0	0	0	0	0	0
NZ_UGQW01000001.1	5p	-	54	21	27	37	23	108	1	2	0	0	0	0	1	0	0	0	0	0	0	0	0	0	0	0	0	0	0
NZ_UGQW01000001.1	5p	-	55	25	29	25	19	98	1	5	0	2	0	0	0	0	0	0	1	1	0	0	0	0	0	0	0	0	0
NZ_UGQW01000001.1	5p	-	56	21	30	14	22	87	0	2	0	0	0	0	0	0	1	0	1	0	0	0	0	0	0	0	0	0	0
NZ_UGQW01000001.1	5p	-	57	18	24	20	18	80	0	0	1	1	0	0	0	0	0	0	0	1	0	0	0	0	0	0	0	0	0
NZ_UGQW01000001.1	5p	-	58	27	14	12	17	70	0	1	3	0	0	0	0	0	0	0	0	0	0	0	0	0	0	0	0	0	0
NZ_UGQW01000001.1	5p	-	59	18	20	12	12	62	1	2	1	0	0	0	0	0	0	0	0	0	0	0	0	0	0	0	0	0	0
NZ_UGQW01000001.1	5p	-	60	12	21	15	11	59	0	3	0	0	0	0	0	0	0	0	0	0	0	0	0	0	0	0	0	0	0
NZ_UGQW01000001.1	5p	-	61	16	11	15	14	56	0	1	0	0	0	0	0	0	0	0	0	1	0	0	0	0	0	0	0	0	0
NZ_UGQW01000001.1	5p	-	62	13	15	8	15	51	1	0	1	0	0	0	0	0	0	0	0	0	0	0	0	0	0	0	0	0	0
NZ_UGQW01000001.1	5p	-	63	5	14	16	11	46	0	1	0	0	0	0	0	1	0	0	0	0	0	0	0	0	0	0	0	0	0
NZ_UGQW01000001.1	5p	-	64	15	15	8	3	41	0	0	0	0	0	0	0	0	0	0	0	0	0	0	0	0	0	0	0	0	0
NZ_UGQW01000001.1	5p	-	65	11	8	11	9	39	0	0	0	0	0	0	0	0	0	0	0	0	0	0	0	0	0	0	0	0	0
NZ_UGQW01000001.1	5p	-	66	10	10	5	8	33	0	0	2	0	0	0	0	0	0	0	0	0	0	0	0	0	0	0	0	0	0
NZ_UGQW01000001.1	5p	-	67	8	9	7	9	33	0	0	0	0	0	0	0	0	0	0	0	0	0	0	0	0	0	0	0	0	0
NZ_UGQW01000001.1	5p	-	68	7	10	5	7	29	0	1	0	0	0	0	0	0	0	0	0	0	0	0	0	0	0	0	0	0	0
NZ_UGQW01000001.1	5p	-	69	6	8	8	5	27	1	1	1	0	0	0	0	0	0	0	0	1	0	0	0	0	0	0	0	0	0
NZ_UGQW01000001.1	5p	-	70	6	6	4	7	23	1	1	0	0	0	0	0	0	0	0	0	0	0	0	0	0	0	0	0	0	0
NZ_UGQW01000002.1	3p	+	1	3411	4517	2586	2874	13388	95	789	60	99	25	9	15	30	18	16	28	30	0	0	0	0	0	0	0	0	0
NZ_UGQW01000002.1	3p	+	2	3934	3905	3119	2430	13388	91	574	69	66	14	13	23	23	14	16	28	20	0	0	0	0	0	0	0	0	0
NZ_UGQW01000002.1	3p	+	3	3438	3461	3592	2897	13388	89	502	83	64	15	12	23	32	14	7	28	19	0	0	0	0	0	0	0	0	0
NZ_UGQW01000002.1	3p	+	4	3523	3769	3098	2997	13387	87	466	68	76	12	14	15	29	10	12	20	23	0	0	0	0	0	1	0	0	0
NZ_UGQW01000002.1	3p	+	5	3619	3628	3228	2913	13388	72	414	55	64	17	9	16	19	11	12	31	26	0	0	0	0	0	0	0	0	0
NZ_UGQW01000002.1	3p	+	6	3312	3709	3385	2979	13385	79	330	83	64	14	15	25	12	16	5	35	21	0	0	0	3	1	2	0	0	0
NZ_UGQW01000002.1	3p	+	7	3242	3783	3269	3092	13386	79	325	57	62	10	15	9	16	8	8	36	17	0	1	1	2	2	0	0	0	0
NZ_UGQW01000002.1	3p	+	8	3276	3589	3278	3243	13386	67	317	64	64	16	10	13	15	12	6	26	22	0	2	0	9	0	1	1	0	0
NZ_UGQW01000002.1	3p	+	9	3231	3645	3459	3052	13387	71	278	75	69	12	11	12	24	9	4	25	19	2	2	1	1	1	0	0	0	0
NZ_UGQW01000002.1	3p	+	10	3063	3935	3230	3158	13386	69	271	81	79	12	5	16	23	12	1	35	21	4	2	3	1	1	0	0	1	0
NZ_UGQW01000002.1	3p	+	11	3201	3718	3348	3116	13383	72	241	59	72	14	15	13	14	6	6	35	34	2	3	3	6	4	1	0	0	0
NZ_UGQW01000002.1	3p	+	12	3170	3667	3623	2922	13382	78	240	81	78	11	9	13	23	14	4	27	19	6	1	3	8	1	3	0	1	0
NZ_UGQW01000002.1	3p	+	13	3083	3912	3353	3038	13386	67	237	72	61	14	7	21	17	14	8	28	23	3	3	1	8	1	1	0	0	0
NZ_UGQW01000002.1	3p	+	14	3261	3789	3252	3083	13385	69	194	61	66	9	6	19	15	8	7	28	16	0	3	3	2	0	1	2	0	0
NZ_UGQW01000002.1	3p	+	15	3140	3686	3644	2913	13383	79	201	76	72	16	12	15	23	15	6	23	22	0	3	1	2	0	3	1	1	0
NZ_UGQW01000002.1	3p	+	16	3092	3920	3383	2992	13387	65	207	56	79	14	7	16	28	13	7	32	22	1	0	0	4	0	1	0	0	0
NZ_UGQW01000002.1	3p	+	17	3167	3757	3433	3031	13388	69	205	68	76	17	5	19	10	13	1	25	21	2	3	2	1	0	0	0	0	0
NZ_UGQW01000002.1	3p	+	18	3079	3697	3617	2993	13386	81	167	81	76	10	0	19	17	18	9	34	15	1	2	1	1	1	0	0	1	0
NZ_UGQW01000002.1	3p	+	19	2961	3923	3414	3088	13386	77	175	74	82	10	6	22	19	12	10	28	22	0	1	1	2	1	0	1	0	0
NZ_UGQW01000002.1	3p	+	20	3159	3723	3427	3076	13385	68	194	70	62	6	7	21	24	15	11	21	14	2	2	1	0	2	0	0	1	0
NZ_UGQW01000002.1	3p	+	21	3092	3776	3565	2953	13386	72	198	88	79	12	9	14	19	18	10	19	20	3	1	1	1	1	1	0	0	0
NZ_UGQW01000002.1	3p	+	22	3036	3991	3353	3005	13385	51	203	74	88	9	9	18	24	15	4	23	22	1	0	1	6	1	1	0	1	0
NZ_UGQW01000002.1	3p	+	23	3268	3671	3368	3077	13384	73	184	76	70	13	3	13	11	11	9	26	17	1	1	1	1	2	1	0	1	0
NZ_UGQW01000002.1	3p	+	24	3187	3695	3519	2982	13383	66	195	76	66	17	8	15	18	12	7	35	22	0	2	0	4	2	1	1	1	0
NZ_UGQW01000002.1	3p	+	25	3148	3888	3402	2946	13384	62	231	69	82	22	4	17	11	10	7	29	24	0	0	4	1	3	1	0	0	0
NZ_UGQW01000002.1	3p	+	26	3317	3745	3321	2999	13382	63	239	60	71	10	8	23	22	7	11	30	20	3	0	1	1	4	2	0	0	0
NZ_UGQW01000002.1	3p	+	27	3162	3777	3566	2879	13384	91	254	74	66	14	9	21	23	7	6	26	14	1	1	0	3	2	0	1	1	0
NZ_UGQW01000002.1	3p	+	28	3234	3877	3322	2950	13383	79	305	58	87	10	6	21	15	8	5	30	25	1	4	0	0	2	0	0	3	0
NZ_UGQW01000002.1	3p	+	29	3379	3717	3311	2979	13386	59	308	64	68	12	8	22	9	9	7	39	23	2	2	2	3	0	1	1	0	0
NZ_UGQW01000002.1	3p	+	30	3408	3749	3286	2942	13385	90	381	67	64	17	5	31	16	8	7	26	21	2	1	1	1	0	1	1	1	0
NZ_UGQW01000002.1	3p	+	31	2997	3538	2809	2753	12097	64	337	60	59	23	11	12	19	7	10	28	15	4	1	3	2	1	0	1	0	0
NZ_UGQW01000002.1	3p	+	32	2842	3010	2476	2594	10922	52	315	52	53	5	8	6	17	9	5	13	15	1	0	0	2	0	2	0	1	0
NZ_UGQW01000002.1	3p	+	33	2494	2801	2373	2158	9826	67	292	52	44	10	10	7	11	7	8	22	13	1	0	2	3	1	3	0	0	0
NZ_UGQW01000002.1	3p	+	34	2247	2608	2050	1997	8902	66	277	58	56	6	5	7	17	6	5	19	7	0	0	1	1	1	0	0	1	0
NZ_UGQW01000002.1	3p	+	35	2105	2211	1831	1859	8006	43	250	28	31	13	3	11	14	8	6	12	5	0	0	1	1	0	1	0	0	0
NZ_UGQW01000002.1	3p	+	36	1874	1976	1734	1602	7186	51	210	35	35	1	2	6	6	1	3	10	11	1	2	0	3	0	1	1	0	0
NZ_UGQW01000002.1	3p	+	37	1611	1869	1565	1455	6500	35	200	20	41	8	2	9	13	2	3	5	7	0	1	1	4	1	0	0	0	0
NZ_UGQW01000002.1	3p	+	38	1535	1563	1334	1444	5876	25	157	25	31	4	2	6	12	0	2	7	8	0	1	1	0	3	0	0	1	0
NZ_UGQW01000002.1	3p	+	39	1332	1503	1258	1201	5294	32	166	25	27	5	4	3	9	3	3	12	13	0	1	0	1	0	1	0	1	0
NZ_UGQW01000002.1	3p	+	40	1245	1415	1074	1098	4832	30	159	21	15	3	3	4	8	3	3	10	6	3	0	0	1	0	1	2	1	0
NZ_UGQW01000002.1	3p	+	41	1172	1202	1024	1002	4400	14	139	19	22	2	4	1	5	3	4	3	3	0	0	2	1	1	0	1	0	0
NZ_UGQW01000002.1	3p	+	42	1022	1078	1020	878	3998	18	127	14	11	4	2	3	7	0	2	9	5	0	1	0	0	1	0	0	0	0
NZ_UGQW01000002.1	3p	+	43	900	1055	847	807	3609	15	99	22	24	8	4	6	13	4	3	6	5	0	0	0	1	1	1	0	0	0
NZ_UGQW01000002.1	3p	+	44	824	908	690	781	3203	12	110	22	22	1	1	1	6	1	4	5	3	0	0	0	1	0	1	0	0	0
NZ_UGQW01000002.1	3p	+	45	723	807	684	642	2856	19	97	14	14	2	4	1	3	1	1	3	1	0	0	0	2	0	0	0	0	0
NZ_UGQW01000002.1	3p	+	46	652	755	579	583	2569	13	71	11	13	4	0	4	5	1	1	4	5	1	0	0	0	0	1	0	1	0
NZ_UGQW01000002.1	3p	+	47	630	642	492	513	2277	12	54	12	14	2	1	1	2	0	2	2	8	1	0	0	0	1	1	0	0	0
NZ_UGQW01000002.1	3p	+	48	547	542	503	435	2027	12	62	10	5	1	0	1	2	3	1	1	1	0	0	0	0	0	0	0	0	0
NZ_UGQW01000002.1	3p	+	49	460	527	413	427	1827	10	49	5	12	1	2	1	2	1	0	4	5	0	0	0	1	0	0	0	0	0
NZ_UGQW01000002.1	3p	+	50	437	444	359	392	1632	5	51	8	6	0	0	1	2	1	1	4	0	0	0	0	0	0	0	0	0	0
NZ_UGQW01000002.1	3p	+	51	360	415	370	333	1478	3	33	5	5	0	0	3	4	0	0	0	0	0	0	0	0	0	0	0	0	0
NZ_UGQW01000002.1	3p	+	52	348	371	284	326	1329	5	54	9	12	0	1	0	1	1	0	0	1	0	0	0	0	0	0	0	0	0
NZ_UGQW01000002.1	3p	+	53	315	293	289	279	1176	3	28	7	9	0	2	2	2	1	0	0	0	0	0	0	0	0	0	0	0	0
NZ_UGQW01000002.1	3p	+	54	258	323	265	215	1061	9	28	4	4	1	0	0	4	2	0	1	1	0	0	0	0	0	0	0	0	0
NZ_UGQW01000002.1	3p	+	55	234	285	217	220	956	5	20	5	5	0	0	0	1	1	1	3	0	0	0	0	0	0	0	0	0	0
NZ_UGQW01000002.1	3p	+	56	226	224	193	222	865	5	24	2	5	0	0	1	0	2	0	3	2	0	0	0	0	0	0	0	0	0
NZ_UGQW01000002.1	3p	+	57	213	210	181	171	775	4	17	2	1	1	1	0	1	0	0	4	2	0	0	0	0	0	0	0	0	0
NZ_UGQW01000002.1	3p	+	58	199	196	137	178	710	3	20	6	1	1	0	0	0	1	0	0	0	0	0	0	0	0	0	0	0	0
NZ_UGQW01000002.1	3p	+	59	176	174	134	156	640	0	21	4	6	1	0	0	0	1	0	0	1	0	0	0	0	0	0	0	0	0
NZ_UGQW01000002.1	3p	+	60	156	176	124	119	575	4	16	3	2	1	0	0	0	2	0	2	0	0	0	0	0	0	0	0	0	0
NZ_UGQW01000002.1	3p	+	61	123	164	128	116	531	2	19	2	6	0	0	0	1	1	0	0	1	0	0	0	0	0	0	0	0	0
NZ_UGQW01000002.1	3p	+	62	143	112	118	112	485	2	13	0	2	1	1	0	0	2	1	0	1	0	0	0	0	0	0	0	0	0
NZ_UGQW01000002.1	3p	+	63	121	131	93	107	452	1	15	2	2	1	0	1	3	0	0	0	1	0	0	0	0	0	0	0	0	0
NZ_UGQW01000002.1	3p	+	64	102	122	117	80	421	4	6	3	1	1	0	0	0	0	0	1	1	0	0	0	1	0	0	0	0	0
NZ_UGQW01000002.1	3p	+	65	94	112	96	82	384	1	14	2	3	0	0	0	0	0	0	0	1	0	0	0	0	0	0	0	0	0
NZ_UGQW01000002.1	3p	+	66	93	97	77	85	352	0	11	2	3	2	0	0	2	0	0	0	0	0	0	0	0	0	0	0	0	0
NZ_UGQW01000002.1	3p	+	67	86	100	57	65	308	3	7	1	2	0	0	1	1	0	0	1	0	0	0	0	0	0	0	0	0	0
NZ_UGQW01000002.1	3p	+	68	82	77	62	55	276	2	8	2	1	0	0	0	0	0	0	0	0	1	0	0	0	0	0	0	0	0
NZ_UGQW01000002.1	3p	+	69	69	63	65	57	254	0	6	0	1	0	0	0	0	0	0	0	1	0	0	0	0	0	0	0	0	0
NZ_UGQW01000002.1	3p	+	70	63	69	44	58	234	1	4	1	3	0	0	0	0	1	0	0	0	0	0	0	0	0	0	0	0	0
NZ_UGQW01000002.1	3p	-	1	3293	4514	2674	2909	13390	96	827	66	81	15	17	19	26	17	16	29	37	0	0	0	0	0	0	0	0	0
NZ_UGQW01000002.1	3p	-	2	3977	3690	3196	2527	13390	120	542	61	67	11	13	16	26	15	9	25	22	0	0	0	0	0	0	0	0	0
NZ_UGQW01000002.1	3p	-	3	3346	3443	3649	2951	13389	106	534	83	70	12	14	25	14	12	9	33	36	0	1	0	0	0	1	0	0	0
NZ_UGQW01000002.1	3p	-	4	3387	3679	3255	3066	13387	77	450	62	91	17	14	14	24	19	12	30	32	0	0	0	0	1	2	0	0	0
NZ_UGQW01000002.1	3p	-	5	3521	3291	3400	3175	13387	90	368	56	76	10	8	17	15	9	5	20	27	0	0	0	0	0	2	0	1	0
NZ_UGQW01000002.1	3p	-	6	3259	3473	3614	3040	13386	117	336	71	72	11	10	22	14	13	8	32	28	0	3	0	0	1	0	1	2	0
NZ_UGQW01000002.1	3p	-	7	3253	3669	3296	3170	13388	75	356	73	73	11	3	18	12	14	8	25	21	2	1	0	5	0	1	1	0	0
NZ_UGQW01000002.1	3p	-	8	3323	3478	3356	3230	13387	88	299	81	64	15	9	22	18	9	7	34	17	2	2	0	2	1	1	0	1	0
NZ_UGQW01000002.1	3p	-	9	3064	3612	3615	3098	13389	84	275	62	72	9	8	21	16	17	7	35	27	2	1	3	1	0	0	1	0	0
NZ_UGQW01000002.1	3p	-	10	2999	3780	3393	3212	13384	71	251	81	75	22	11	17	13	18	7	38	19	1	1	1	1	3	1	0	2	0
NZ_UGQW01000002.1	3p	-	11	3218	3619	3405	3146	13388	70	225	62	62	15	8	12	10	7	7	39	20	1	0	2	3	1	1	0	0	0
NZ_UGQW01000002.1	3p	-	12	3064	3609	3725	2990	13388	88	219	70	67	16	12	20	16	19	5	34	19	2	2	3	10	1	0	1	0	0
NZ_UGQW01000002.1	3p	-	13	3057	3828	3364	3141	13390	60	208	63	70	12	6	17	18	14	7	23	23	2	3	0	3	0	0	0	0	0
NZ_UGQW01000002.1	3p	-	14	3176	3642	3482	3088	13388	76	188	65	71	15	8	21	17	9	3	22	17	0	1	0	4	1	0	0	1	0
NZ_UGQW01000002.1	3p	-	15	3001	3672	3757	2959	13389	82	192	86	68	13	9	20	20	13	7	27	21	0	0	0	2	1	0	0	0	0
NZ_UGQW01000002.1	3p	-	16	2966	3915	3374	3133	13388	64	183	76	73	12	6	16	18	14	5	18	17	0	1	1	1	0	1	1	0	0
NZ_UGQW01000002.1	3p	-	17	3116	3672	3450	3151	13389	82	164	61	78	12	10	22	19	18	6	28	22	2	0	1	4	1	0	0	0	0
NZ_UGQW01000002.1	3p	-	18	3079	3580	3782	2946	13387	75	186	79	90	18	8	17	10	17	6	23	22	0	1	0	4	1	0	1	1	0
NZ_UGQW01000002.1	3p	-	19	3004	3843	3530	3008	13385	70	190	82	84	5	6	16	21	10	8	34	28	0	0	4	2	1	2	1	1	0
NZ_UGQW01000002.1	3p	-	20	3168	3702	3470	3044	13384	69	181	70	72	10	5	11	16	19	7	28	12	1	0	0	4	4	0	0	2	0
NZ_UGQW01000002.1	3p	-	21	3041	3743	3642	2960	13386	81	197	67	68	15	7	19	11	12	7	26	23	1	2	0	4	0	1	2	1	0
NZ_UGQW01000002.1	3p	-	22	3003	3808	3449	3126	13386	60	174	77	66	14	8	19	15	10	0	30	24	0	1	2	3	0	2	0	2	0
NZ_UGQW01000002.1	3p	-	23	3123	3633	3485	3145	13386	71	209	59	71	14	5	19	14	10	6	23	24	1	2	0	0	1	2	0	1	0
NZ_UGQW01000002.1	3p	-	24	3084	3682	3675	2949	13390	100	191	89	68	17	12	25	30	7	9	24	26	0	0	2	5	0	0	0	0	0
NZ_UGQW01000002.1	3p	-	25	3057	3865	3428	3040	13390	60	225	77	87	15	8	16	16	13	4	40	30	1	0	2	2	0	0	0	0	0
NZ_UGQW01000002.1	3p	-	26	3157	3608	3469	3154	13388	71	223	58	72	18	12	13	11	13	8	19	19	2	1	2	2	0	2	0	0	0
NZ_UGQW01000002.1	3p	-	27	3024	3783	3528	3052	13387	68	267	60	80	9	8	17	15	14	5	24	23	3	3	0	2	0	0	3	0	0
NZ_UGQW01000002.1	3p	-	28	3111	3861	3479	2935	13386	78	290	69	67	11	9	15	17	8	8	22	19	1	1	1	1	2	0	1	1	0
NZ_UGQW01000002.1	3p	-	29	3360	3626	3289	3110	13385	85	279	64	59	14	10	17	14	8	11	16	14	2	1	3	1	0	1	0	4	0
NZ_UGQW01000002.1	3p	-	30	3283	3678	3381	3042	13384	104	356	84	67	15	7	20	14	13	14	35	41	1	0	0	4	2	0	3	1	0
NZ_UGQW01000002.1	3p	-	31	2986	3476	2827	2867	12156	88	332	55	60	11	12	13	17	14	11	25	20	0	2	0	4	0	1	0	0	0
NZ_UGQW01000002.1	3p	-	32	2710	2951	2602	2644	10907	53	298	50	54	13	2	18	16	8	9	18	20	1	0	2	3	2	0	0	1	0
NZ_UGQW01000002.1	3p	-	33	2383	2695	2484	2191	9753	69	297	49	46	5	9	10	13	5	5	14	13	2	1	2	2	1	0	0	0	0
NZ_UGQW01000002.1	3p	-	34	2156	2552	2059	2028	8795	53	267	32	44	9	3	16	9	8	4	22	14	1	1	0	2	0	1	1	0	0
NZ_UGQW01000002.1	3p	-	35	2073	2107	1901	1858	7939	51	212	36	40	6	4	7	6	5	5	12	17	1	2	0	1	0	1	0	0	0
NZ_UGQW01000002.1	3p	-	36	1786	1906	1837	1612	7141	55	223	41	35	4	9	2	13	1	3	8	13	1	1	1	1	2	0	0	1	0
NZ_UGQW01000002.1	3p	-	37	1606	1825	1526	1484	6441	36	186	30	30	3	5	1	9	7	7	12	12	2	0	1	0	0	0	0	0	0
NZ_UGQW01000002.1	3p	-	38	1500	1571	1346	1392	5809	36	175	25	32	6	5	5	13	6	1	5	10	0	0	1	1	1	0	0	0	0
NZ_UGQW01000002.1	3p	-	39	1281	1446	1301	1214	5242	30	147	29	24	10	2	7	7	2	3	14	10	0	2	0	1	1	1	0	0	0
NZ_UGQW01000002.1	3p	-	40	1187	1370	1143	1078	4778	31	135	23	19	7	5	5	7	2	2	7	6	0	0	2	0	0	0	0	0	0
NZ_UGQW01000002.1	3p	-	41	1173	1161	971	1070	4375	27	130	21	16	6	1	6	6	3	1	10	9	0	1	0	2	0	0	0	0	0
NZ_UGQW01000002.1	3p	-	42	1014	1058	972	970	4014	28	125	21	21	7	3	2	4	6	0	4	8	1	0	1	0	0	0	0	0	0
NZ_UGQW01000002.1	3p	-	43	905	986	815	857	3563	28	117	16	16	2	1	3	10	2	2	2	10	0	0	1	0	0	0	0	0	0
NZ_UGQW01000002.1	3p	-	44	847	806	752	754	3159	20	97	16	12	5	1	0	3	1	0	3	5	0	1	0	0	0	0	1	0	0
NZ_UGQW01000002.1	3p	-	45	705	763	674	646	2788	19	77	18	12	2	1	5	3	1	0	4	4	0	0	0	0	0	0	0	0	0
NZ_UGQW01000002.1	3p	-	46	617	717	570	590	2494	12	69	10	17	3	2	3	3	2	1	4	3	0	0	0	0	0	0	0	0	0
NZ_UGQW01000002.1	3p	-	47	548	610	534	554	2246	12	60	1	7	3	1	2	2	0	0	7	2	0	0	0	0	0	0	0	0	0
NZ_UGQW01000002.1	3p	-	48	520	542	467	479	2008	11	48	10	12	0	1	1	2	0	3	2	4	0	1	0	0	0	0	0	0	0
NZ_UGQW01000002.1	3p	-	49	451	481	434	431	1797	13	45	4	10	2	1	2	4	1	1	3	3	0	0	0	1	0	0	0	0	0
NZ_UGQW01000002.1	3p	-	50	383	438	375	399	1595	4	44	3	7	1	0	1	2	2	2	2	0	0	0	0	1	0	1	1	0	0
NZ_UGQW01000002.1	3p	-	51	356	386	342	322	1406	9	42	8	7	1	2	1	0	2	0	5	2	0	0	0	0	0	0	0	0	0
NZ_UGQW01000002.1	3p	-	52	313	361	295	292	1261	9	34	4	5	0	1	1	5	0	0	3	0	0	0	0	0	0	0	0	1	0
NZ_UGQW01000002.1	3p	-	53	325	279	256	272	1132	3	26	7	5	1	1	1	1	1	0	3	2	0	0	0	0	0	0	0	0	0
NZ_UGQW01000002.1	3p	-	54	257	287	264	219	1027	4	28	1	6	0	0	0	1	0	0	2	0	0	0	0	0	0	0	0	0	0
NZ_UGQW01000002.1	3p	-	55	234	268	225	214	941	6	22	2	10	1	1	1	2	0	0	0	3	0	0	0	0	0	0	0	0	0
NZ_UGQW01000002.1	3p	-	56	233	218	185	211	847	3	20	4	4	1	2	0	0	0	0	0	2	0	0	0	0	0	0	0	0	0
NZ_UGQW01000002.1	3p	-	57	160	197	212	195	764	5	23	3	4	0	1	0	0	2	0	2	1	0	0	0	0	0	0	0	0	0
NZ_UGQW01000002.1	3p	-	58	188	186	161	157	692	2	20	5	3	2	0	0	0	0	0	0	2	0	0	0	0	0	0	0	0	0
NZ_UGQW01000002.1	3p	-	59	147	154	160	159	620	2	12	2	4	1	1	1	1	1	0	1	1	0	0	0	0	0	0	0	0	0
NZ_UGQW01000002.1	3p	-	60	145	138	152	132	567	2	8	5	2	0	1	0	1	0	0	1	0	0	0	0	0	0	0	0	0	0
NZ_UGQW01000002.1	3p	-	61	139	131	131	115	516	3	12	0	1	1	3	0	1	0	0	0	0	0	0	0	0	0	0	0	0	0
NZ_UGQW01000002.1	3p	-	62	116	131	106	120	473	1	12	4	3	0	1	1	0	0	1	1	0	0	0	0	0	0	0	0	0	0
NZ_UGQW01000002.1	3p	-	63	111	121	101	102	435	2	10	1	1	0	0	1	0	0	0	0	0	0	0	0	0	1	0	0	0	0
NZ_UGQW01000002.1	3p	-	64	102	114	88	97	401	1	7	1	0	0	0	1	0	0	1	0	0	0	0	0	0	0	0	0	0	0
NZ_UGQW01000002.1	3p	-	65	95	95	82	85	357	1	9	2	0	1	0	0	0	0	0	0	0	0	0	0	0	0	0	0	0	0
NZ_UGQW01000002.1	3p	-	66	81	87	76	75	319	2	9	0	1	1	0	0	0	0	0	0	0	0	0	1	0	0	0	0	0	0
NZ_UGQW01000002.1	3p	-	67	70	83	67	76	296	4	7	5	6	0	0	0	1	0	0	0	0	2	0	0	0	0	0	0	0	0
NZ_UGQW01000002.1	3p	-	68	74	64	58	62	258	3	4	2	0	0	0	0	2	0	0	0	0	1	0	0	0	0	0	0	0	0
NZ_UGQW01000002.1	3p	-	69	66	61	53	55	235	2	4	2	1	0	0	0	0	0	0	1	0	0	0	0	0	0	0	0	0	0
NZ_UGQW01000002.1	3p	-	70	62	53	53	52	220	1	5	1	3	0	0	0	0	0	0	0	0	0	0	0	0	0	0	0	0	0
NZ_UGQW01000002.1	5p	+	1	3915	4015	1939	3519	13388	82	1031	35	59	12	16	7	28	6	14	12	18	0	0	0	0	0	0	0	0	0
NZ_UGQW01000002.1	5p	+	2	4049	3862	2673	2804	13388	104	574	86	77	19	16	25	34	10	14	24	15	1	1	0	1	0	0	0	0	0
NZ_UGQW01000002.1	5p	+	3	3728	3229	3606	2825	13388	86	318	68	78	12	7	13	23	7	11	38	14	1	0	1	1	0	0	0	0	0
NZ_UGQW01000002.1	5p	+	4	3667	3733	3018	2962	13380	79	443	50	68	12	6	17	15	9	12	22	22	1	0	1	1	2	1	1	4	0
NZ_UGQW01000002.1	5p	+	5	3303	4091	3227	2761	13382	80	426	68	75	19	6	20	18	5	7	29	17	1	1	1	0	1	2	1	2	0
NZ_UGQW01000002.1	5p	+	6	3112	3755	3582	2935	13384	78	365	77	73	16	8	27	22	12	8	29	16	1	1	0	0	1	3	0	0	0
NZ_UGQW01000002.1	5p	+	7	3153	3834	3249	3143	13379	53	287	66	73	16	5	24	19	4	7	29	14	0	2	2	3	2	3	3	1	0
NZ_UGQW01000002.1	5p	+	8	3120	3863	3542	2858	13383	82	272	75	100	14	3	19	17	14	6	24	22	3	1	0	1	3	2	0	0	0
NZ_UGQW01000002.1	5p	+	9	3153	3765	3483	2981	13382	70	261	76	75	18	5	16	20	15	6	26	23	3	1	3	2	2	0	1	3	0
NZ_UGQW01000002.1	5p	+	10	3233	3747	3244	3158	13382	63	212	65	68	15	6	13	28	11	8	26	14	0	0	1	2	3	1	0	2	0
NZ_UGQW01000002.1	5p	+	11	2930	4039	3454	2959	13382	72	244	76	80	12	11	17	21	7	8	32	22	1	0	2	3	4	2	0	0	0
NZ_UGQW01000002.1	5p	+	12	3083	3643	3772	2887	13385	78	197	74	67	10	8	20	22	18	12	14	30	2	3	1	3	0	2	1	0	0
NZ_UGQW01000002.1	5p	+	13	3308	3731	3249	3100	13388	52	177	80	60	14	10	11	13	9	8	26	20	1	1	0	3	0	0	0	0	0
NZ_UGQW01000002.1	5p	+	14	2966	3997	3426	2996	13385	74	209	83	87	9	6	19	8	13	8	36	20	2	3	2	4	2	0	1	0	0
NZ_UGQW01000002.1	5p	+	15	3138	3693	3683	2871	13385	66	181	71	66	8	8	22	20	12	7	32	31	0	2	1	2	2	1	0	0	0
NZ_UGQW01000002.1	5p	+	16	3244	3664	3408	3070	13386	78	179	67	81	11	4	16	17	16	8	34	15	1	3	2	3	1	0	0	1	0
NZ_UGQW01000002.1	5p	+	17	3114	3928	3422	2923	13387	77	197	69	81	13	4	15	16	14	7	16	23	4	1	0	1	1	0	0	0	0
NZ_UGQW01000002.1	5p	+	18	3134	3708	3624	2922	13388	92	221	78	66	10	9	13	24	11	8	25	16	1	3	0	6	0	0	0	0	0
NZ_UGQW01000002.1	5p	+	19	3225	3748	3225	3187	13385	49	191	50	72	16	3	12	17	8	2	32	12	0	3	1	4	0	1	2	0	0
NZ_UGQW01000002.1	5p	+	20	3066	3990	3474	2852	13382	77	206	79	83	15	9	18	19	13	6	25	22	1	0	2	2	4	2	0	0	0
NZ_UGQW01000002.1	5p	+	21	3206	3675	3628	2877	13386	70	164	65	76	12	10	17	20	8	2	26	24	2	1	0	2	0	1	0	1	0
NZ_UGQW01000002.1	5p	+	22	3297	3735	3225	3131	13388	73	196	61	77	10	5	20	14	9	3	18	16	2	2	0	3	0	0	0	0	0
NZ_UGQW01000002.1	5p	+	23	3087	3940	3394	2964	13385	65	241	69	78	19	10	23	18	14	5	39	25	1	3	6	5	1	1	1	0	0
NZ_UGQW01000002.1	5p	+	24	3255	3630	3521	2977	13383	67	214	75	59	6	10	12	27	13	8	27	21	1	2	2	7	3	1	1	0	0
NZ_UGQW01000002.1	5p	+	25	3281	3719	3211	3173	13384	70	234	69	72	15	8	13	18	8	7	25	13	2	2	1	4	1	2	0	0	0
NZ_UGQW01000002.1	5p	+	26	3125	3983	3322	2956	13386	77	278	68	61	15	10	18	17	9	8	20	24	1	1	1	3	0	0	0	2	0
NZ_UGQW01000002.1	5p	+	27	3264	3588	3542	2992	13386	82	272	66	70	14	14	17	18	12	8	28	17	1	2	1	4	0	2	0	0	0
NZ_UGQW01000002.1	5p	+	28	3416	3619	3195	3156	13386	85	289	59	67	13	8	20	34	16	2	27	15	1	0	1	2	0	1	1	0	0
NZ_UGQW01000002.1	5p	+	29	3237	3929	3290	2929	13385	70	322	81	82	8	6	14	23	12	5	28	28	4	2	2	4	1	1	0	1	0
NZ_UGQW01000002.1	5p	+	30	3295	3649	3492	2950	13386	72	356	70	64	12	14	19	20	15	11	40	20	1	0	1	3	0	2	0	0	0
NZ_UGQW01000002.1	5p	+	31	3118	3434	2726	2818	12096	56	367	49	63	9	10	21	12	12	6	26	21	0	0	2	2	3	0	0	0	0
NZ_UGQW01000002.1	5p	+	32	2614	3261	2635	2411	10921	66	336	72	51	12	11	17	17	9	8	34	24	1	1	2	3	2	1	0	1	0
NZ_UGQW01000002.1	5p	+	33	2500	2646	2533	2148	9827	47	309	49	49	11	4	13	16	11	6	25	14	2	0	0	1	1	1	0	1	0
NZ_UGQW01000002.1	5p	+	34	2386	2440	2013	2064	8903	47	268	40	41	8	7	3	10	8	5	16	11	0	3	1	2	1	0	0	0	0
NZ_UGQW01000002.1	5p	+	35	1950	2342	1921	1794	8007	59	224	38	44	10	6	6	11	2	3	19	14	1	1	0	0	0	0	0	0	0
NZ_UGQW01000002.1	5p	+	36	1741	1954	1838	1655	7188	45	214	31	28	5	3	4	12	8	6	14	13	0	0	0	0	0	0	0	0	0
NZ_UGQW01000002.1	5p	+	37	1649	1803	1464	1585	6501	34	170	35	32	7	5	6	5	6	4	14	9	0	0	0	1	0	0	0	0	0
NZ_UGQW01000002.1	5p	+	38	1428	1743	1448	1261	5880	31	202	25	36	10	8	5	3	5	4	11	10	1	1	0	0	0	0	0	0	0
NZ_UGQW01000002.1	5p	+	39	1375	1452	1303	1166	5296	35	180	34	30	3	4	8	9	2	5	9	11	0	0	1	0	0	0	0	0	0
NZ_UGQW01000002.1	5p	+	40	1270	1338	1091	1137	4836	21	133	23	17	5	4	8	6	4	7	9	5	0	0	0	0	0	0	0	0	0
NZ_UGQW01000002.1	5p	+	41	1061	1291	1075	975	4402	31	152	21	19	3	2	4	6	2	4	7	7	1	0	0	0	0	0	0	0	0
NZ_UGQW01000002.1	5p	+	42	1049	1069	1034	847	3999	24	121	24	23	2	4	6	5	4	0	8	7	1	0	0	0	0	0	0	0	0
NZ_UGQW01000002.1	5p	+	43	960	1004	833	813	3610	20	115	15	19	5	0	4	5	4	2	6	7	0	0	0	2	0	1	0	0	0
NZ_UGQW01000002.1	5p	+	44	805	974	743	682	3204	22	110	19	18	4	3	2	5	3	2	4	3	1	0	0	1	0	0	0	0	0
NZ_UGQW01000002.1	5p	+	45	698	829	673	654	2854	10	98	10	8	3	2	2	5	5	1	8	6	1	0	0	1	1	1	0	0	0
NZ_UGQW01000002.1	5p	+	46	673	683	583	631	2570	8	69	16	7	1	1	0	6	0	3	4	5	0	1	0	0	0	0	1	0	0
NZ_UGQW01000002.1	5p	+	47	561	670	538	509	2278	19	71	11	15	2	0	3	5	4	0	1	2	0	0	0	2	1	0	0	0	0
NZ_UGQW01000002.1	5p	+	48	537	585	459	446	2027	11	59	12	7	4	1	1	1	1	1	4	4	0	0	0	0	0	0	0	0	0
NZ_UGQW01000002.1	5p	+	49	461	498	459	409	1827	10	48	13	7	5	2	0	1	2	0	3	2	0	0	0	0	0	0	0	0	0
NZ_UGQW01000002.1	5p	+	50	378	485	388	381	1632	4	46	7	11	1	0	1	4	1	1	2	0	0	0	0	0	0	0	0	0	0
NZ_UGQW01000002.1	5p	+	51	387	408	331	352	1478	7	38	6	5	0	1	2	3	1	1	1	0	0	0	0	0	0	0	0	0	0
NZ_UGQW01000002.1	5p	+	52	368	352	290	319	1329	7	39	7	6	2	0	0	2	0	0	2	4	0	0	0	0	0	0	0	0	0
NZ_UGQW01000002.1	5p	+	53	308	316	280	271	1175	2	25	3	6	2	2	0	1	3	0	4	0	0	0	0	0	0	1	0	0	0
NZ_UGQW01000002.1	5p	+	54	278	298	241	244	1061	4	34	7	8	0	0	0	1	1	0	0	3	0	0	0	0	0	0	0	0	0
NZ_UGQW01000002.1	5p	+	55	243	270	219	224	956	3	20	8	7	1	0	0	2	0	1	1	0	0	0	0	0	0	0	0	0	0
NZ_UGQW01000002.1	5p	+	56	227	287	178	173	865	5	34	8	4	0	0	0	2	1	1	0	1	0	0	0	0	0	0	0	0	0
NZ_UGQW01000002.1	5p	+	57	175	220	203	177	775	7	21	4	2	0	1	0	0	0	0	1	0	0	0	0	0	0	0	0	0	0
NZ_UGQW01000002.1	5p	+	58	193	184	169	164	710	7	16	5	2	1	1	1	1	0	0	0	3	0	0	0	1	0	0	0	0	0
NZ_UGQW01000002.1	5p	+	59	161	191	144	144	640	2	18	2	2	1	0	1	2	1	0	0	0	0	0	0	0	0	0	0	0	0
NZ_UGQW01000002.1	5p	+	60	149	168	124	134	575	5	16	1	2	2	1	1	1	0	0	1	0	0	0	1	0	0	0	0	0	0
NZ_UGQW01000002.1	5p	+	61	140	143	132	116	531	3	17	1	3	1	0	0	0	0	0	0	1	0	0	0	0	0	0	0	0	0
NZ_UGQW01000002.1	5p	+	62	138	145	92	110	485	5	13	1	3	1	0	1	1	0	0	0	0	0	0	0	0	0	0	0	0	0
NZ_UGQW01000002.1	5p	+	63	111	127	112	102	452	3	11	2	3	0	0	0	0	1	0	2	1	1	0	0	0	0	0	0	0	0
NZ_UGQW01000002.1	5p	+	64	99	119	97	106	421	1	11	1	0	0	1	0	2	0	0	1	0	0	0	0	1	0	0	0	0	0
NZ_UGQW01000002.1	5p	+	65	108	113	78	85	384	0	11	1	1	0	0	0	1	0	0	1	1	0	0	0	0	0	0	0	0	0
NZ_UGQW01000002.1	5p	+	66	101	97	76	78	352	2	14	0	2	0	0	0	1	0	1	1	2	0	0	0	0	0	0	0	0	0
NZ_UGQW01000002.1	5p	+	67	85	70	76	77	308	2	6	1	2	0	0	0	0	0	0	0	1	0	0	1	0	0	0	0	0	0
NZ_UGQW01000002.1	5p	+	68	65	79	65	67	276	2	7	0	0	0	0	0	0	0	0	1	0	0	0	0	1	0	0	0	0	0
NZ_UGQW01000002.1	5p	+	69	68	66	63	57	254	3	2	1	0	1	0	1	2	0	0	0	1	0	0	0	0	0	0	0	0	0
NZ_UGQW01000002.1	5p	+	70	61	71	57	45	234	0	7	0	0	0	0	1	1	1	0	0	0	0	0	0	0	0	0	0	0	0
NZ_UGQW01000002.1	5p	-	1	3772	3981	1935	3702	13390	96	975	39	65	16	18	10	22	9	12	16	22	0	0	0	0	0	0	0	0	3
NZ_UGQW01000002.1	5p	-	2	3895	3867	2747	2881	13390	125	573	66	77	15	13	22	30	5	11	27	24	0	2	0	0	0	0	0	0	2
NZ_UGQW01000002.1	5p	-	3	3638	3173	3809	2770	13390	117	333	73	69	15	14	22	20	15	18	32	19	0	0	2	0	0	0	0	0	0
NZ_UGQW01000002.1	5p	-	4	3576	3640	3081	3089	13386	73	390	62	61	14	12	17	15	8	7	28	23	0	1	0	1	1	2	0	1	0
NZ_UGQW01000002.1	5p	-	5	3154	4014	3229	2987	13384	87	379	63	76	19	9	14	21	17	8	23	22	3	1	1	2	1	2	2	1	0
NZ_UGQW01000002.1	5p	-	6	2996	3641	3607	3144	13388	81	345	80	64	18	4	23	21	10	7	30	39	2	1	3	2	0	0	1	1	0
NZ_UGQW01000002.1	5p	-	7	3166	3664	3329	3230	13389	63	261	67	58	12	9	15	13	13	9	20	18	1	1	1	3	0	1	0	0	0
NZ_UGQW01000002.1	5p	-	8	3072	3785	3644	2889	13390	85	288	87	86	15	9	20	15	18	10	34	26	3	2	2	2	0	0	0	0	0
NZ_UGQW01000002.1	5p	-	9	3109	3588	3608	3079	13384	99	232	74	72	13	5	21	19	14	12	23	34	2	0	2	2	2	1	0	3	0
NZ_UGQW01000002.1	5p	-	10	3112	3714	3292	3270	13388	70	221	68	64	11	6	22	20	8	6	27	24	2	2	2	1	1	0	0	1	0
NZ_UGQW01000002.1	5p	-	11	2919	3996	3452	3017	13384	90	228	69	70	7	10	13	21	15	4	24	17	2	0	2	3	3	1	2	0	0
NZ_UGQW01000002.1	5p	-	12	3083	3622	3711	2972	13388	88	216	74	88	13	8	14	15	9	5	22	23	1	2	1	6	1	1	0	0	0
NZ_UGQW01000002.1	5p	-	13	3291	3578	3456	3064	13389	65	195	76	59	13	10	10	11	11	10	16	19	0	2	2	3	1	0	0	0	0
NZ_UGQW01000002.1	5p	-	14	3022	3899	3504	2961	13386	70	215	79	87	22	8	20	21	14	3	30	25	1	3	0	1	1	0	1	2	0
NZ_UGQW01000002.1	5p	-	15	3077	3634	3744	2931	13386	80	165	79	59	13	11	22	20	15	5	24	20	0	0	0	3	1	0	1	2	0
NZ_UGQW01000002.1	5p	-	16	3183	3669	3356	3181	13389	60	179	60	55	9	9	22	22	12	6	23	28	1	1	1	2	0	0	1	0	0
NZ_UGQW01000002.1	5p	-	17	2983	3800	3636	2967	13386	61	184	68	81	16	8	11	16	9	8	21	31	0	0	2	4	1	0	1	2	0
NZ_UGQW01000002.1	5p	-	18	3065	3607	3720	2993	13385	71	191	72	83	4	7	21	18	12	5	28	27	0	0	0	3	3	1	0	1	0
NZ_UGQW01000002.1	5p	-	19	3211	3656	3347	3172	13386	68	167	66	66	13	7	19	14	12	6	26	14	0	2	0	2	2	0	1	1	0
NZ_UGQW01000002.1	5p	-	20	2992	3909	3505	2980	13386	86	197	52	61	16	11	28	14	12	4	24	19	1	0	2	2	1	2	1	0	0
NZ_UGQW01000002.1	5p	-	21	3072	3584	3751	2981	13388	84	189	73	83	22	11	15	20	9	4	42	22	1	1	0	9	1	1	0	0	0
NZ_UGQW01000002.1	5p	-	22	3301	3584	3320	3185	13390	59	173	53	54	10	3	16	13	12	7	26	11	0	1	1	5	0	0	0	0	0
NZ_UGQW01000002.1	5p	-	23	3061	3815	3472	3040	13388	68	247	86	73	15	13	20	14	10	9	33	15	2	0	5	7	1	1	0	0	0
NZ_UGQW01000002.1	5p	-	24	3113	3549	3713	3012	13387	80	193	77	64	20	2	16	16	16	5	23	20	1	0	0	3	1	1	0	1	0
NZ_UGQW01000002.1	5p	-	25	3253	3548	3365	3221	13387	61	211	75	62	11	4	14	13	8	7	22	16	1	0	2	2	1	0	0	2	0
NZ_UGQW01000002.1	5p	-	26	3068	3790	3442	3086	13386	81	252	72	84	23	13	19	15	15	7	30	27	0	0	2	4	1	0	2	1	0
NZ_UGQW01000002.1	5p	-	27	3178	3464	3693	3053	13388	94	256	74	78	12	9	18	7	15	7	24	35	0	2	0	1	1	0	1	0	0
NZ_UGQW01000002.1	5p	-	28	3318	3588	3318	3163	13387	78	271	52	74	13	6	13	15	13	4	22	31	1	2	0	0	0	2	0	1	0
NZ_UGQW01000002.1	5p	-	29	3169	3814	3395	3011	13389	94	343	71	79	12	8	21	22	18	8	35	22	0	1	1	1	0	1	0	0	0
NZ_UGQW01000002.1	5p	-	30	3259	3630	3590	2910	13389	104	389	72	69	8	8	20	14	21	4	22	30	0	1	0	1	0	0	1	0	0
NZ_UGQW01000002.1	5p	-	31	3097	3238	2865	2953	12153	67	316	61	68	15	9	15	17	5	8	25	17	2	0	0	1	1	2	1	0	0
NZ_UGQW01000002.1	5p	-	32	2567	3156	2630	2554	10907	89	365	56	54	8	6	11	17	5	4	34	19	1	1	0	3	0	2	1	0	0
NZ_UGQW01000002.1	5p	-	33	2335	2630	2581	2207	9753	62	251	46	60	10	9	13	12	10	7	37	14	1	1	1	1	0	1	0	0	0
NZ_UGQW01000002.1	5p	-	34	2179	2409	2070	2137	8795	48	239	40	42	6	9	6	8	8	2	15	24	0	2	0	0	1	1	0	0	0
NZ_UGQW01000002.1	5p	-	35	1899	2278	1949	1813	7939	46	249	46	47	9	4	13	8	8	1	15	17	2	1	0	1	0	0	0	1	0
NZ_UGQW01000002.1	5p	-	36	1778	1862	1865	1637	7142	39	191	32	38	4	6	14	6	11	2	15	10	1	2	0	1	0	0	1	1	0
NZ_UGQW01000002.1	5p	-	37	1653	1714	1554	1520	6441	39	197	29	34	2	5	1	8	4	1	9	8	1	0	0	0	0	0	0	0	0
NZ_UGQW01000002.1	5p	-	38	1398	1712	1433	1266	5809	43	201	29	39	4	4	3	6	2	4	9	8	0	1	1	2	1	0	0	0	0
NZ_UGQW01000002.1	5p	-	39	1234	1440	1429	1140	5243	39	165	30	28	6	5	7	6	6	3	9	6	0	1	0	1	1	0	0	0	0
NZ_UGQW01000002.1	5p	-	40	1233	1266	1123	1156	4778	27	117	19	20	3	2	4	8	6	5	6	7	0	0	0	0	0	0	0	0	0
NZ_UGQW01000002.1	5p	-	41	1044	1275	1061	995	4375	28	147	20	31	6	3	4	3	8	3	12	6	1	0	0	0	0	0	0	0	0
NZ_UGQW01000002.1	5p	-	42	1009	1081	1062	862	4014	24	125	22	14	5	1	3	7	3	1	6	10	1	0	0	0	0	0	0	0	0
NZ_UGQW01000002.1	5p	-	43	861	992	866	842	3561	22	120	23	25	1	1	4	10	3	6	7	6	0	0	0	0	0	0	0	2	0
NZ_UGQW01000002.1	5p	-	44	760	941	748	710	3159	32	111	13	17	1	7	1	3	2	3	6	6	0	0	0	0	0	0	1	0	0
NZ_UGQW01000002.1	5p	-	45	683	750	723	632	2788	13	80	10	12	2	2	3	6	2	3	4	6	0	0	0	0	0	0	0	0	0
NZ_UGQW01000002.1	5p	-	46	648	661	563	622	2494	13	88	15	7	1	2	5	5	0	2	5	2	0	0	1	1	0	0	0	0	0
NZ_UGQW01000002.1	5p	-	47	557	605	543	541	2246	6	80	12	14	1	3	1	3	1	1	7	3	0	0	0	1	0	0	0	0	0
NZ_UGQW01000002.1	5p	-	48	501	569	488	449	2007	13	58	8	9	1	3	2	1	2	2	2	4	0	0	0	0	0	1	0	0	0
NZ_UGQW01000002.1	5p	-	49	445	482	444	426	1797	10	55	9	8	1	0	3	1	1	1	5	3	0	0	0	1	0	0	0	0	0
NZ_UGQW01000002.1	5p	-	50	395	426	413	363	1597	12	54	5	8	1	1	2	2	0	1	2	5	0	0	0	0	0	0	0	0	0
NZ_UGQW01000002.1	5p	-	51	371	405	332	297	1405	13	32	9	5	2	0	1	2	1	0	4	2	0	0	0	1	1	0	0	0	0
NZ_UGQW01000002.1	5p	-	52	341	341	302	278	1262	7	33	11	7	1	0	0	3	2	1	2	3	0	0	0	0	0	0	0	0	0
NZ_UGQW01000002.1	5p	-	53	286	312	288	246	1132	5	27	5	5	2	1	0	1	1	0	3	1	1	0	0	0	0	0	0	0	0
NZ_UGQW01000002.1	5p	-	54	259	251	276	241	1027	5	17	2	3	3	1	1	1	1	1	3	1	0	0	1	0	0	0	0	0	0
NZ_UGQW01000002.1	5p	-	55	223	265	222	231	941	10	29	5	4	1	1	0	0	1	0	1	0	0	0	1	0	0	0	0	0	0
NZ_UGQW01000002.1	5p	-	56	220	245	203	179	847	3	22	3	4	0	0	0	1	1	0	1	1	0	1	0	0	0	0	0	0	0
NZ_UGQW01000002.1	5p	-	57	166	208	195	195	764	5	15	2	4	0	0	1	0	0	0	1	2	1	0	1	0	0	0	0	0	0
NZ_UGQW01000002.1	5p	-	58	182	189	173	148	692	2	14	4	2	1	1	0	0	0	0	3	2	0	0	0	0	0	0	0	0	0
NZ_UGQW01000002.1	5p	-	59	139	198	125	158	620	2	29	1	6	0	1	1	0	0	0	0	1	0	0	0	0	0	0	0	0	0
NZ_UGQW01000002.1	5p	-	60	124	152	163	127	566	1	10	1	5	0	0	0	0	0	1	2	3	0	0	0	0	0	1	0	0	0
NZ_UGQW01000002.1	5p	-	61	129	141	120	126	516	2	11	3	3	0	1	0	0	0	0	0	0	0	0	0	0	0	0	0	0	0
NZ_UGQW01000002.1	5p	-	62	115	153	104	101	473	4	9	2	3	1	0	0	0	0	0	0	0	0	0	0	0	0	0	0	0	0
NZ_UGQW01000002.1	5p	-	63	105	117	120	94	436	2	17	2	3	0	0	0	1	0	1	1	2	0	0	0	0	0	0	0	0	0
NZ_UGQW01000002.1	5p	-	64	107	97	97	100	401	3	8	2	6	0	0	0	1	0	2	1	0	0	0	0	0	0	0	0	0	0
NZ_UGQW01000002.1	5p	-	65	85	115	75	82	357	3	8	0	3	1	0	2	0	1	0	0	2	0	0	0	0	0	0	0	0	0
NZ_UGQW01000002.1	5p	-	66	79	82	82	76	319	2	9	2	2	1	0	0	0	2	0	0	0	1	1	0	0	0	0	0	0	0
NZ_UGQW01000002.1	5p	-	67	63	81	75	77	296	1	8	0	0	0	1	0	0	0	0	1	1	0	1	0	0	0	0	0	0	0
NZ_UGQW01000002.1	5p	-	68	57	81	64	56	258	2	7	2	0	0	0	0	0	1	0	0	1	0	0	0	0	0	0	0	0	0
NZ_UGQW01000002.1	5p	-	69	58	62	62	53	235	1	4	0	2	0	0	1	0	1	0	0	0	0	0	0	0	0	0	0	0	0
NZ_UGQW01000002.1	5p	-	70	66	65	39	50	220	0	4	1	0	0	0	0	0	0	0	1	0	0	0	0	0	0	0	0	0	0
