# table produced by mapDamage version 2.2.3
# using mapped file /mnt/archgen/microbiome_calculus/library_ds_vs_ss/04-analysis/normalize_kraken/mapping/flexilinea_sp001717545/mapDamage2_dsLibs/input/CDM019.A0101.SG1.1_5M.mapped_f_sp001717545_q25l30_rmdup.bam and /mnt/archgen/microbiome_calculus/library_ds_vs_ss/04-analysis/normalize_kraken/mapping/flexilinea_sp001717545/input/GCA_001717545.1_ASM171754v1_genomic.fna as reference file
# Chr: reference from sam/bam header, End: from which termini of DNA sequences, Std: strand of reads
Chr	End	Std	Pos	A	C	G	T	Total	G>A	C>T	A>G	T>C	A>C	A>T	C>G	C>A	T>G	T>A	G>C	G>T	A>-	T>-	C>-	G>-	->A	->T	->C	->G	S
CP017039.1	3p	+	1	17941	15345	20151	12901	66338	4129	132	127	153	33	22	30	63	37	37	16	39	0	0	0	0	0	0	0	0	0
CP017039.1	3p	+	2	16732	18191	17998	13417	66338	2222	178	125	127	34	53	38	59	28	35	35	69	0	0	1	0	0	0	0	0	0
CP017039.1	3p	+	3	14168	18850	18719	14600	66337	1260	132	130	112	30	33	42	71	37	24	33	64	0	0	0	0	0	1	0	0	0
CP017039.1	3p	+	4	14980	17684	18771	14902	66337	996	157	125	118	31	32	38	57	28	25	24	73	0	0	0	0	0	0	0	1	0
CP017039.1	3p	+	5	14396	18700	19180	14058	66334	856	149	122	127	33	43	33	66	24	33	27	78	0	0	0	0	0	1	1	2	0
CP017039.1	3p	+	6	14228	19102	18694	14310	66334	778	159	116	119	43	33	25	44	24	24	28	57	0	0	0	1	1	3	0	0	0
CP017039.1	3p	+	7	14820	18329	18749	14433	66331	604	143	96	126	30	32	35	39	29	24	19	56	1	0	0	0	2	2	2	1	0
CP017039.1	3p	+	8	14237	18765	19612	13713	66327	599	202	126	120	39	28	41	62	35	27	21	54	1	1	1	2	2	3	1	5	0
CP017039.1	3p	+	9	14300	19076	18748	14209	66333	487	208	123	116	26	35	27	50	25	24	20	60	0	1	1	3	0	3	2	0	0
CP017039.1	3p	+	10	14994	18383	18926	14030	66333	434	173	124	121	26	38	27	57	22	22	28	52	1	1	0	1	1	1	0	3	0
CP017039.1	3p	+	11	14474	18656	19938	13265	66333	503	189	133	130	29	27	29	50	37	26	29	58	0	0	2	0	2	1	2	0	0
CP017039.1	3p	+	12	13819	19809	18629	14077	66334	439	187	114	116	22	27	33	50	29	22	20	56	0	1	1	0	2	1	1	0	0
CP017039.1	3p	+	13	14630	18686	18974	14046	66336	420	178	90	115	19	28	29	45	28	12	22	50	1	1	0	2	0	1	0	1	0
CP017039.1	3p	+	14	14044	19004	19621	13666	66335	485	182	148	115	27	29	27	52	27	23	26	52	3	0	0	0	2	1	0	0	0
CP017039.1	3p	+	15	13841	19474	19032	13987	66334	442	204	133	135	17	24	37	27	20	21	33	49	3	1	0	1	2	1	0	1	0
CP017039.1	3p	+	16	14470	18692	18954	14220	66336	421	193	108	102	29	30	25	58	23	24	22	52	0	2	4	1	2	0	0	0	0
CP017039.1	3p	+	17	13919	19329	19662	13426	66336	431	191	131	110	21	39	40	51	20	31	25	56	0	1	2	4	0	0	1	1	0
CP017039.1	3p	+	18	13740	19547	18879	14171	66337	445	207	106	137	35	19	31	55	28	24	22	45	3	2	3	2	0	0	0	0	0
CP017039.1	3p	+	19	14535	18709	19047	14046	66337	392	192	116	130	28	16	23	55	27	18	26	52	1	2	2	2	0	1	0	0	0
CP017039.1	3p	+	20	13967	19064	19822	13480	66333	411	200	144	141	24	26	34	52	26	30	18	53	2	1	0	1	3	0	1	1	0
CP017039.1	3p	+	21	13839	19582	19091	13823	66335	388	219	122	133	21	25	29	53	43	24	18	48	2	0	1	1	2	0	0	1	0
CP017039.1	3p	+	22	14341	18839	19142	14011	66333	380	199	82	98	19	25	28	49	34	27	18	39	2	2	1	2	1	1	3	0	0
CP017039.1	3p	+	23	13908	19219	19616	13594	66337	406	232	143	126	24	29	24	42	24	21	21	47	0	0	2	0	0	1	0	0	0
CP017039.1	3p	+	24	13657	19533	19042	14104	66336	388	237	135	119	17	31	27	38	25	25	18	46	2	0	1	0	0	2	0	0	0
CP017039.1	3p	+	25	14451	18838	19074	13973	66336	345	239	118	104	19	27	20	45	35	24	25	48	1	2	2	1	1	1	0	0	0
CP017039.1	3p	+	26	13708	19432	19733	13465	66338	373	268	133	125	29	15	26	53	29	27	32	56	3	2	2	1	0	0	0	0	0
CP017039.1	3p	+	27	13653	19508	19035	14139	66335	374	291	132	132	36	28	25	43	26	10	31	45	2	1	2	0	2	0	0	1	0
CP017039.1	3p	+	28	14384	18787	19026	14138	66335	309	283	118	122	22	25	25	45	25	22	18	48	1	1	2	3	0	1	1	1	0
CP017039.1	3p	+	29	14031	19324	19510	13466	66331	355	323	143	120	23	31	24	48	22	26	27	50	2	1	0	0	3	2	0	2	0
CP017039.1	3p	+	30	13739	19549	18824	14224	66336	317	396	117	120	17	16	19	33	26	22	28	39	2	2	4	3	0	0	0	2	0
CP017039.1	3p	+	31	14218	18880	18792	14118	66008	297	354	109	98	16	17	33	51	19	21	15	52	1	0	1	0	1	2	1	1	0
CP017039.1	3p	+	32	13747	19269	19364	13252	65632	305	441	114	125	21	18	25	43	30	20	24	46	2	1	4	1	2	1	0	0	0
CP017039.1	3p	+	33	13575	19363	18447	13833	65218	286	393	93	95	25	18	24	48	23	23	26	56	0	0	0	2	2	2	0	0	0
CP017039.1	3p	+	34	14113	18314	18468	13871	64766	287	401	98	100	18	19	15	45	24	14	25	45	0	2	1	1	0	2	1	0	0
CP017039.1	3p	+	35	13504	18516	18985	13291	64296	263	444	116	131	22	22	21	44	29	20	21	38	1	1	2	1	0	1	3	2	0
CP017039.1	3p	+	36	13421	18742	17941	13680	63784	279	403	112	105	24	18	16	51	33	22	20	49	0	0	2	1	3	2	2	0	0
CP017039.1	3p	+	37	13824	18061	17699	13656	63240	262	385	93	104	23	22	21	42	18	22	14	42	0	0	1	1	1	2	0	0	0
CP017039.1	3p	+	38	13075	18180	18342	13041	62638	289	446	92	133	19	21	26	45	19	18	17	40	0	0	1	1	4	3	1	0	0
CP017039.1	3p	+	39	12811	18176	17441	13555	61983	274	452	114	110	20	21	27	42	20	23	18	30	0	3	1	1	1	1	0	0	0
CP017039.1	3p	+	40	13473	17436	17184	13248	61341	238	430	98	101	17	14	13	37	22	17	26	41	0	0	3	0	0	4	1	1	0
CP017039.1	3p	+	41	12799	17553	17812	12566	60730	233	456	122	104	29	19	22	44	20	15	21	44	1	1	0	1	1	1	1	0	0
CP017039.1	3p	+	42	12576	17672	16982	12844	60074	267	480	104	91	19	19	19	35	21	27	17	46	1	2	4	0	0	2	1	0	0
CP017039.1	3p	+	43	13006	16763	16864	12748	59381	213	472	91	93	27	9	15	42	19	24	12	33	1	0	0	2	1	1	0	0	0
CP017039.1	3p	+	44	12433	17074	17029	12178	58714	221	476	112	94	15	16	20	45	22	10	19	41	1	1	1	1	0	0	0	0	0
CP017039.1	3p	+	45	12062	17078	16341	12503	57984	231	416	93	118	16	18	20	42	18	19	17	22	1	1	1	2	0	1	0	0	0
CP017039.1	3p	+	46	12440	16099	16215	12509	57263	195	416	91	88	19	15	10	32	16	13	17	26	2	1	2	0	2	0	0	0	0
CP017039.1	3p	+	47	12186	16201	16344	11801	56532	217	488	92	121	18	18	24	35	22	14	16	34	0	2	1	3	2	0	0	0	0
CP017039.1	3p	+	48	11681	16247	15682	12206	55816	189	437	104	90	23	15	14	32	23	23	21	28	4	0	1	0	1	0	1	0	0
CP017039.1	3p	+	49	12124	15525	15322	12121	55092	183	438	85	92	18	17	14	45	10	19	15	29	2	3	0	1	0	1	0	0	0
CP017039.1	3p	+	50	11569	15528	15778	11486	54361	190	437	111	100	19	16	15	36	14	16	10	29	2	0	1	2	1	1	0	2	0
CP017039.1	3p	+	51	11365	15694	14993	11528	53580	172	472	98	94	17	11	15	40	14	10	29	27	1	2	0	1	0	0	1	1	0
CP017039.1	3p	+	52	11670	14838	14768	11581	52857	175	413	99	91	16	8	19	34	18	10	15	24	0	2	2	1	1	2	1	0	0
CP017039.1	3p	+	53	11192	14917	15150	10879	52138	183	458	77	90	24	15	16	38	20	9	13	40	0	1	3	1	1	1	0	0	0
CP017039.1	3p	+	54	10862	15119	14402	10976	51359	160	428	84	91	18	17	10	25	19	17	15	35	0	1	4	2	0	0	0	0	0
CP017039.1	3p	+	55	11199	14331	14112	11008	50650	162	434	78	83	19	9	9	32	15	17	21	27	1	3	1	1	1	0	2	1	0
CP017039.1	3p	+	56	10727	14335	14459	10380	49901	163	460	91	97	18	10	22	29	18	18	21	29	2	2	1	2	3	0	3	0	0
CP017039.1	3p	+	57	10377	14351	13812	10659	49199	142	411	80	80	24	13	14	26	9	14	19	29	0	2	2	0	2	1	3	0	0
CP017039.1	3p	+	58	10801	13538	13385	10723	48447	136	449	84	69	16	18	9	32	13	8	16	21	1	0	1	0	0	2	0	1	0
CP017039.1	3p	+	59	10417	13646	13669	9936	47668	146	433	73	82	11	14	10	39	17	19	12	28	0	1	0	0	0	1	0	0	0
CP017039.1	3p	+	60	9974	13570	13078	10315	46937	146	440	71	80	11	11	16	35	10	20	12	25	5	0	1	2	0	2	2	1	0
CP017039.1	3p	+	61	10251	12989	12855	10113	46208	121	369	62	63	17	14	19	18	17	10	20	36	1	0	1	1	2	1	0	1	0
CP017039.1	3p	+	62	9579	13168	13027	9722	45496	127	434	85	66	16	8	11	30	15	15	8	20	0	0	1	3	0	3	1	1	0
CP017039.1	3p	+	63	9525	13065	12301	9930	44821	130	413	69	90	18	11	8	32	16	17	19	28	2	0	0	1	2	1	0	0	0
CP017039.1	3p	+	64	9769	12315	12417	9601	44102	117	395	66	75	22	10	9	30	14	14	18	28	4	0	0	1	0	0	0	0	0
CP017039.1	3p	+	65	9255	12495	12461	9150	43361	112	385	78	97	15	13	18	27	12	17	16	30	0	2	0	1	0	1	0	0	0
CP017039.1	3p	+	66	8957	12494	11822	9363	42636	124	411	57	70	9	10	17	28	14	13	13	18	0	3	5	3	2	0	1	1	0
CP017039.1	3p	+	67	9274	11733	11662	9226	41895	111	367	57	64	8	8	11	27	10	16	7	18	0	0	1	0	1	1	0	0	0
CP017039.1	3p	+	68	8740	11833	11759	8789	41121	107	386	49	73	14	11	10	33	13	20	11	27	0	1	0	1	3	0	2	0	0
CP017039.1	3p	+	69	8592	11886	11009	8926	40413	107	402	74	67	12	9	11	28	12	14	16	14	0	0	0	0	0	3	2	1	0
CP017039.1	3p	+	70	8740	11169	11062	8763	39734	102	390	84	55	6	11	12	24	8	4	10	21	0	1	1	1	0	1	0	1	0
CP017039.1	3p	-	1	17941	15195	19899	12878	65913	4038	117	125	131	27	27	45	49	36	34	27	28	0	0	0	0	0	0	0	0	0
CP017039.1	3p	-	2	16657	17740	17984	13531	65912	2087	153	105	137	37	47	46	64	31	27	29	79	0	0	0	0	1	0	0	0	0
CP017039.1	3p	-	3	14098	18754	18458	14601	65911	1272	144	137	109	27	37	37	46	30	29	27	66	0	0	0	1	0	1	1	0	0
CP017039.1	3p	-	4	14706	17300	18934	14970	65910	1088	158	110	115	26	34	34	47	23	20	22	79	0	0	1	0	1	2	0	0	0
CP017039.1	3p	-	5	14141	18476	19158	14133	65908	851	163	103	122	35	35	35	72	24	34	26	78	1	1	0	0	1	1	2	1	0
CP017039.1	3p	-	6	14025	18859	18571	14454	65909	763	157	120	129	25	43	30	42	20	36	19	64	1	0	0	2	2	1	1	0	0
CP017039.1	3p	-	7	14552	18186	18806	14366	65910	602	166	104	92	29	30	23	51	26	22	28	61	0	2	0	0	2	1	0	0	0
CP017039.1	3p	-	8	14139	18575	19362	13833	65909	580	189	140	121	24	29	23	44	15	24	31	62	0	2	0	0	1	0	0	3	0
CP017039.1	3p	-	9	14194	19023	18624	14064	65905	517	180	120	131	25	37	30	57	22	15	29	62	0	2	0	0	4	1	1	2	0
CP017039.1	3p	-	10	14673	18077	18989	14168	65907	465	141	103	109	25	32	32	44	23	29	16	50	1	0	2	0	2	2	2	0	0
CP017039.1	3p	-	11	14334	18494	19552	13527	65907	462	172	106	140	33	27	33	45	18	23	19	57	1	0	0	1	1	3	0	2	0
CP017039.1	3p	-	12	13764	19282	18731	14129	65906	451	166	132	111	28	26	27	49	27	22	25	54	0	0	0	0	3	1	2	1	0
CP017039.1	3p	-	13	14458	18418	18889	14145	65910	459	170	125	105	34	36	24	44	21	19	10	45	0	1	0	0	1	1	0	1	0
CP017039.1	3p	-	14	13997	18559	19830	13524	65910	532	153	128	105	29	24	29	52	29	22	24	55	2	0	5	1	0	0	1	2	0
CP017039.1	3p	-	15	13697	19130	19169	13912	65908	467	174	111	133	24	28	31	53	23	23	23	63	1	1	2	0	0	2	2	1	0
CP017039.1	3p	-	16	14147	18639	19146	13976	65908	471	152	115	99	28	25	23	47	22	23	16	52	1	1	4	2	1	0	1	3	0
CP017039.1	3p	-	17	13556	19221	19685	13448	65910	476	196	107	130	22	26	20	60	28	29	23	52	1	1	0	3	2	1	0	0	0
CP017039.1	3p	-	18	13474	19389	18927	14119	65909	473	190	122	139	21	29	29	45	16	18	25	50	2	5	0	1	1	1	1	1	0
CP017039.1	3p	-	19	14310	18368	19065	14167	65910	418	168	108	94	19	34	26	55	27	18	29	39	1	5	1	0	0	1	0	2	0
CP017039.1	3p	-	20	13671	19049	19799	13392	65911	422	194	128	127	25	38	26	51	25	20	22	48	0	1	1	1	1	0	1	0	0
CP017039.1	3p	-	21	13551	19490	18964	13905	65910	379	195	128	121	31	20	21	52	35	17	27	59	1	1	0	1	1	1	1	0	0
CP017039.1	3p	-	22	14089	18671	19116	14036	65912	390	179	114	130	20	25	29	52	17	23	23	41	0	1	0	2	1	0	0	0	0
CP017039.1	3p	-	23	13732	19219	19769	13189	65909	382	216	137	109	29	23	21	45	22	26	19	55	2	0	0	1	1	2	1	0	0
CP017039.1	3p	-	24	13463	19281	19103	14064	65911	388	235	110	103	29	25	18	58	20	17	26	47	0	0	3	0	1	0	0	1	0
CP017039.1	3p	-	25	14269	18493	19172	13979	65913	336	250	105	115	18	22	25	44	15	20	26	53	1	0	0	0	0	0	0	0	0
CP017039.1	3p	-	26	13565	19084	19811	13450	65910	405	246	126	109	24	22	31	54	23	15	26	52	2	3	0	3	2	1	0	0	0
CP017039.1	3p	-	27	13437	19400	18904	14167	65908	353	286	108	113	26	19	26	43	21	15	20	48	2	0	1	1	2	1	2	0	0
CP017039.1	3p	-	28	14286	18501	18989	14131	65907	323	291	128	119	19	30	19	39	27	22	24	39	0	1	4	0	0	3	1	2	0
CP017039.1	3p	-	29	13866	18946	19660	13439	65911	348	280	139	120	25	18	28	44	35	22	29	48	1	3	1	2	0	2	0	0	0
CP017039.1	3p	-	30	13641	19391	18770	14108	65910	306	351	121	113	25	30	30	42	18	22	19	39	2	0	1	0	2	0	0	1	0
CP017039.1	3p	-	31	14205	18426	19026	13940	65597	274	379	93	91	24	21	25	38	16	24	18	55	2	1	1	4	0	1	0	0	0
CP017039.1	3p	-	32	13571	18906	19393	13359	65229	316	391	126	103	19	20	30	49	35	20	21	43	1	1	1	0	1	2	0	1	0
CP017039.1	3p	-	33	13399	19116	18457	13856	64828	314	429	127	109	22	16	26	47	23	16	21	39	0	0	2	2	2	1	0	0	0
CP017039.1	3p	-	34	14026	18130	18467	13749	64372	306	343	104	109	27	21	10	42	20	12	23	44	1	1	1	0	3	0	1	1	0
CP017039.1	3p	-	35	13368	18512	18882	13152	63914	286	393	113	117	11	27	30	48	28	21	27	55	1	4	3	0	0	1	1	0	0
CP017039.1	3p	-	36	13116	18556	18164	13583	63419	288	412	127	102	25	14	15	46	23	20	28	39	1	1	5	2	2	1	0	0	0
CP017039.1	3p	-	37	13681	17700	17974	13540	62895	224	428	103	117	20	17	28	32	21	13	23	39	1	2	2	1	1	1	0	0	0
CP017039.1	3p	-	38	13054	18176	18305	12787	62322	258	425	104	101	38	14	25	51	11	18	29	42	1	1	1	1	1	0	1	1	0
CP017039.1	3p	-	39	12873	18142	17329	13351	61695	239	374	118	115	25	24	18	39	25	14	31	35	3	1	0	1	0	3	1	0	0
CP017039.1	3p	-	40	13260	17284	17391	13185	61120	213	461	90	94	21	19	28	37	28	19	25	38	1	0	2	1	1	2	0	0	0
CP017039.1	3p	-	41	12755	17282	17967	12493	60497	258	445	115	101	25	17	27	51	21	16	27	43	0	1	1	1	0	2	0	0	0
CP017039.1	3p	-	42	12329	17548	17044	12976	59897	234	461	109	90	24	21	18	32	22	20	23	47	1	1	2	0	0	0	2	0	0
CP017039.1	3p	-	43	12908	16524	16947	12806	59185	200	446	106	71	18	24	18	40	21	17	15	40	1	0	2	3	0	1	0	1	0
CP017039.1	3p	-	44	12362	16835	16943	12366	58506	202	457	128	103	22	25	26	32	27	17	32	28	2	1	0	1	0	0	1	1	0
CP017039.1	3p	-	45	12100	16907	16494	12324	57825	226	495	105	101	19	19	24	50	20	18	15	31	1	1	2	2	1	1	2	0	0
CP017039.1	3p	-	46	12404	16049	16143	12464	57060	225	447	90	90	20	18	17	29	15	14	16	27	1	2	2	1	0	3	1	1	0
CP017039.1	3p	-	47	11857	16121	16288	12079	56345	231	423	111	115	28	16	20	37	26	22	21	31	1	0	1	2	1	2	1	0	0
CP017039.1	3p	-	48	11572	16429	15454	12170	55625	195	494	109	110	13	18	21	32	12	12	9	31	0	1	1	0	0	0	1	1	0
CP017039.1	3p	-	49	11926	15283	15438	12206	54853	214	424	112	82	17	19	20	32	15	18	18	33	2	0	1	4	1	2	1	1	0
CP017039.1	3p	-	50	11453	15447	15882	11328	54110	199	423	94	101	16	16	16	35	15	16	26	31	1	2	2	3	0	0	1	0	0
CP017039.1	3p	-	51	11044	15561	15129	11634	53368	202	477	76	91	18	18	15	37	21	14	20	24	0	2	1	1	0	0	1	2	0
CP017039.1	3p	-	52	11565	14869	14804	11416	52654	191	376	74	81	17	14	13	34	18	13	14	29	1	2	3	2	1	4	1	1	0
CP017039.1	3p	-	53	10985	14856	14968	11095	51904	177	441	89	112	18	16	29	25	23	8	19	32	2	3	0	1	1	3	1	0	0
CP017039.1	3p	-	54	10622	14958	14210	11375	51165	156	440	96	94	21	18	15	37	13	18	22	29	0	1	3	1	0	0	2	0	0
CP017039.1	3p	-	55	11205	14081	14113	11051	50450	166	433	74	75	11	13	12	39	19	8	19	25	2	1	0	0	0	1	1	0	0
CP017039.1	3p	-	56	10620	14158	14474	10485	49737	150	432	93	75	22	13	14	31	15	18	14	34	0	2	1	1	0	0	1	0	0
CP017039.1	3p	-	57	10207	14212	13836	10737	48992	153	437	94	71	18	15	10	17	15	18	23	29	1	0	0	0	1	1	1	0	0
CP017039.1	3p	-	58	10439	13563	13522	10714	48238	132	419	81	77	14	19	12	37	16	16	10	36	0	2	1	0	0	2	0	0	0
CP017039.1	3p	-	59	10022	13615	13747	10123	47507	167	390	84	96	20	16	14	23	17	15	23	34	2	0	2	0	1	2	0	0	0
CP017039.1	3p	-	60	9812	13526	13191	10225	46754	162	404	72	74	22	10	14	21	17	14	15	25	0	0	2	1	2	1	2	0	0
CP017039.1	3p	-	61	10000	12842	12881	10275	45998	136	371	77	64	20	14	14	26	16	15	17	29	0	2	1	0	0	0	0	0	0
CP017039.1	3p	-	62	9715	12987	12878	9682	45262	115	381	76	77	17	11	22	25	21	16	21	25	0	1	2	2	0	1	0	1	0
CP017039.1	3p	-	63	9519	12951	12385	9757	44612	128	417	75	91	18	7	11	26	16	9	16	21	1	0	3	0	0	0	1	0	0
CP017039.1	3p	-	64	9749	12055	12244	9803	43851	133	411	53	68	15	15	8	23	7	7	18	18	1	2	0	0	1	0	0	0	0
CP017039.1	3p	-	65	9380	12302	12523	8930	43135	142	396	79	66	14	13	15	19	19	15	19	26	0	0	2	0	1	2	0	0	0
CP017039.1	3p	-	66	8936	12507	11716	9230	42389	127	402	71	79	21	9	12	29	10	8	9	19	0	0	0	0	1	0	0	0	0
CP017039.1	3p	-	67	9032	11842	11503	9255	41632	127	406	73	59	10	6	9	28	12	17	9	26	1	0	1	0	0	2	1	1	0
CP017039.1	3p	-	68	8758	11620	11594	8933	40905	131	362	76	69	9	5	12	29	12	15	13	22	0	2	1	0	2	0	1	1	0
CP017039.1	3p	-	69	8407	11616	11211	8967	40201	113	376	68	83	15	8	11	29	20	10	16	11	0	0	0	1	0	0	0	3	0
CP017039.1	3p	-	70	8702	11007	10960	8784	39453	99	369	57	64	12	10	11	22	14	10	9	28	0	2	0	1	1	0	1	0	0
CP017039.1	5p	+	1	12273	19738	14109	20218	66338	119	4957	116	100	24	31	24	29	22	24	41	78	0	0	0	0	0	0	0	0	1
CP017039.1	5p	+	2	14777	19023	16801	15736	66337	138	2346	132	134	28	26	26	33	31	53	41	51	2	0	2	2	0	0	1	0	0
CP017039.1	5p	+	3	15371	19231	18622	13113	66337	123	1261	116	129	35	15	27	45	22	40	28	38	0	0	6	2	1	0	0	0	0
CP017039.1	5p	+	4	15896	18726	17189	14518	66329	110	1145	114	108	23	23	23	47	17	25	18	36	1	0	0	0	2	2	2	3	0
CP017039.1	5p	+	5	14558	19410	18296	14062	66326	136	1006	131	118	29	12	27	44	24	32	28	35	2	1	2	1	5	2	4	1	0
CP017039.1	5p	+	6	14368	19014	19061	13886	66329	120	819	118	112	23	14	21	50	17	27	30	48	3	0	4	0	2	2	0	2	0
CP017039.1	5p	+	7	14529	18713	18287	14804	66333	152	670	106	122	24	10	21	45	18	27	17	37	0	1	1	0	1	1	3	0	0
CP017039.1	5p	+	8	13726	19610	18588	14407	66331	136	614	126	124	25	11	32	55	23	36	30	45	2	3	1	1	2	2	2	1	0
CP017039.1	5p	+	9	14381	18848	19131	13975	66335	164	495	110	123	15	18	14	49	25	26	23	34	1	2	2	2	2	1	0	0	0
CP017039.1	5p	+	10	14502	18782	18254	14795	66333	147	487	114	124	11	14	17	49	29	31	20	30	1	1	2	1	2	2	0	1	0
CP017039.1	5p	+	11	13606	19802	18675	14249	66332	142	485	141	140	19	17	22	49	26	28	26	32	3	2	1	1	0	1	5	0	0
CP017039.1	5p	+	12	14047	19120	19476	13687	66330	139	510	123	127	25	18	21	31	23	19	22	32	2	1	1	1	1	6	0	1	0
CP017039.1	5p	+	13	14341	18900	18651	14438	66330	148	478	135	108	31	19	17	37	28	17	23	31	1	0	1	0	0	3	4	1	0
CP017039.1	5p	+	14	13676	19612	19042	14003	66333	143	532	117	136	22	10	19	44	32	20	30	30	1	3	1	0	0	1	3	1	0
CP017039.1	5p	+	15	14252	18996	19447	13641	66336	153	523	100	114	24	18	13	55	23	19	29	47	2	2	1	0	0	2	0	0	0
CP017039.1	5p	+	16	14360	19042	18515	14419	66336	144	492	110	114	18	8	14	50	19	22	21	45	1	0	0	1	1	0	0	1	0
CP017039.1	5p	+	17	13654	19727	19109	13847	66337	162	517	124	117	20	13	15	48	29	9	28	31	1	1	1	1	1	0	0	0	0
CP017039.1	5p	+	18	14236	18855	19625	13620	66336	175	486	115	118	20	19	23	38	29	27	26	30	2	2	2	2	0	1	0	1	0
CP017039.1	5p	+	19	14410	19025	18530	14372	66337	159	447	121	101	39	5	16	37	23	16	18	37	1	1	0	1	0	0	1	0	0
CP017039.1	5p	+	20	13532	19891	19007	13906	66336	167	473	117	134	26	10	24	49	23	23	25	25	2	1	2	1	0	2	0	0	0
CP017039.1	5p	+	21	14035	19099	19620	13580	66334	189	459	121	133	23	11	16	54	18	27	21	24	1	0	0	0	0	3	0	1	0
CP017039.1	5p	+	22	14166	19131	18866	14173	66336	196	441	115	114	26	13	12	37	20	18	21	39	0	1	0	0	2	0	0	0	0
CP017039.1	5p	+	23	13526	19698	19335	13777	66336	228	411	128	120	31	19	20	49	32	21	22	34	2	1	0	2	2	0	0	0	0
CP017039.1	5p	+	24	14155	19060	19664	13458	66337	229	403	131	121	30	12	25	45	19	19	28	35	0	0	5	0	1	0	0	0	0
CP017039.1	5p	+	25	14479	19038	18744	14073	66334	222	392	107	88	26	8	19	33	18	13	18	34	3	1	1	1	2	1	0	1	0
CP017039.1	5p	+	26	13476	19791	19120	13949	66336	214	429	117	122	33	7	24	52	28	28	25	37	0	5	1	0	1	1	0	0	0
CP017039.1	5p	+	27	13891	19253	19632	13556	66332	223	355	124	92	26	12	18	35	20	20	29	39	2	1	1	0	1	0	0	2	0
CP017039.1	5p	+	28	14262	18929	18616	14524	66331	257	386	116	126	16	20	23	46	21	27	30	26	3	2	2	2	2	1	1	1	0
CP017039.1	5p	+	29	13659	19666	19078	13934	66337	313	368	117	131	23	19	11	48	22	23	29	37	1	1	0	1	0	0	0	0	0
CP017039.1	5p	+	30	14023	19068	19641	13601	66333	358	326	107	115	27	16	31	49	27	19	29	34	1	0	0	2	2	1	2	0	0
CP017039.1	5p	+	31	14127	18944	18648	14291	66010	339	330	114	89	18	13	20	48	28	22	22	30	2	3	2	1	1	2	0	0	0
CP017039.1	5p	+	32	13600	19577	18820	13632	65629	351	354	115	131	23	22	24	53	29	25	32	40	1	2	0	1	2	2	0	2	0
CP017039.1	5p	+	33	14072	18486	19202	13455	65215	337	330	113	114	27	14	19	40	24	17	21	46	0	0	4	4	1	3	3	0	0
CP017039.1	5p	+	34	14013	18568	18230	13950	64761	357	331	95	92	29	14	18	47	16	22	19	31	1	0	1	1	5	1	1	1	0
CP017039.1	5p	+	35	13159	18963	18615	13561	64298	379	316	109	117	17	17	20	56	25	27	18	41	0	1	1	2	0	3	0	1	0
CP017039.1	5p	+	36	13882	18126	18786	12993	63787	352	335	123	124	20	19	22	49	28	15	24	43	0	1	2	0	1	1	1	1	0
CP017039.1	5p	+	37	13644	17851	17901	13842	63238	391	289	91	107	19	18	21	64	21	23	37	31	0	0	2	4	1	3	1	0	0
CP017039.1	5p	+	38	13031	18340	18166	13103	62640	435	316	111	118	16	14	20	44	31	26	23	35	1	1	3	1	2	1	3	0	0
CP017039.1	5p	+	39	13581	17726	17887	12785	61979	402	289	103	112	24	14	17	42	20	19	30	42	0	0	2	0	1	3	1	1	0
CP017039.1	5p	+	40	13595	17186	17111	13454	61346	371	245	97	96	18	12	24	46	20	23	21	34	0	0	3	0	1	1	0	0	0
CP017039.1	5p	+	41	12657	17961	17285	12830	60733	394	274	104	112	17	20	22	61	33	17	16	29	0	0	0	0	0	0	1	0	0
CP017039.1	5p	+	42	12776	16922	17931	12443	60072	421	267	111	107	25	11	24	48	20	31	24	33	1	1	0	1	1	2	0	1	0
CP017039.1	5p	+	43	12989	16890	16513	12987	59379	377	252	86	101	20	14	22	50	23	16	19	39	1	6	3	4	0	2	2	0	0
CP017039.1	5p	+	44	12325	17234	16897	12254	58710	415	279	117	118	29	13	19	42	17	19	19	42	1	2	2	3	1	2	1	0	0
CP017039.1	5p	+	45	12591	16298	17099	11995	57983	418	247	95	106	24	18	15	53	29	21	25	36	0	0	1	3	1	1	0	0	0
CP017039.1	5p	+	46	12757	16275	15823	12406	57261	355	235	89	96	22	13	25	47	12	16	17	35	0	5	1	1	0	3	0	1	0
CP017039.1	5p	+	47	11764	16534	16260	11976	56534	411	251	102	110	18	16	21	39	32	14	27	34	1	1	1	1	0	0	0	0	0
CP017039.1	5p	+	48	11998	15900	16377	11542	55817	419	235	104	110	20	14	22	46	17	29	21	41	0	2	2	3	1	0	0	0	0
CP017039.1	5p	+	49	12095	15453	15415	12128	55091	407	237	91	93	26	20	13	35	13	25	15	29	1	0	0	2	1	1	0	0	0
CP017039.1	5p	+	50	11397	15963	15410	11593	54363	408	225	96	107	21	12	24	40	18	20	18	29	1	0	5	2	1	1	0	0	0
CP017039.1	5p	+	51	11628	15278	15601	11074	53581	391	208	95	101	19	14	19	41	21	30	23	30	2	2	3	0	1	0	0	0	0
CP017039.1	5p	+	52	11598	14847	14888	11524	52857	374	182	91	86	26	12	21	34	15	21	17	22	2	1	1	1	1	0	3	0	0
CP017039.1	5p	+	53	10972	15105	15018	11042	52137	442	200	90	99	17	10	24	37	13	23	14	36	3	1	1	3	1	0	1	1	0
CP017039.1	5p	+	54	11251	14391	15005	10709	51356	421	182	97	84	16	16	19	50	22	18	14	24	0	2	2	1	0	1	1	1	0
CP017039.1	5p	+	55	11050	14421	14115	11068	50654	389	178	71	80	13	9	17	42	19	26	9	20	1	0	0	0	0	0	0	0	0
CP017039.1	5p	+	56	10547	14427	14414	10516	49904	382	183	93	84	17	5	21	39	13	24	17	30	2	1	1	0	2	0	0	1	0
CP017039.1	5p	+	57	10829	13715	14491	10166	49201	387	185	117	95	17	13	13	32	19	17	11	36	3	1	1	1	1	0	2	1	0
CP017039.1	5p	+	58	10901	13585	13252	10711	48449	346	179	75	57	14	9	17	46	15	24	15	30	1	0	1	0	1	0	0	0	0
CP017039.1	5p	+	59	10113	13794	13600	10161	47668	410	185	79	84	19	15	11	45	13	21	22	41	3	0	1	0	1	0	0	0	0
CP017039.1	5p	+	60	10209	13054	13844	9833	46940	403	200	104	68	18	18	11	41	21	22	14	28	1	0	3	0	0	0	1	1	0
CP017039.1	5p	+	61	10355	12869	12719	10268	46211	341	187	86	63	15	13	19	31	21	19	12	27	2	0	0	0	0	1	0	0	0
CP017039.1	5p	+	62	9578	13327	12898	9698	45501	388	176	92	87	12	14	23	40	14	23	21	33	0	0	2	2	0	0	0	0	0
CP017039.1	5p	+	63	9868	12512	13291	9152	44823	370	161	73	78	18	16	12	31	7	15	11	28	0	1	0	0	1	0	0	0	0
CP017039.1	5p	+	64	9964	12376	12108	9651	44099	309	156	74	69	19	18	10	37	14	13	11	27	2	1	1	0	1	1	0	1	0
CP017039.1	5p	+	65	9289	12388	12441	9240	43358	334	163	78	86	22	14	16	34	20	20	18	20	1	0	1	3	1	3	0	0	0
CP017039.1	5p	+	66	9416	11920	12465	8833	42634	391	166	91	79	18	9	6	30	17	20	13	32	1	2	2	0	2	0	2	2	0
CP017039.1	5p	+	67	9539	11630	11514	9211	41894	327	126	68	60	15	16	20	31	10	23	12	22	1	0	0	0	1	0	0	2	0
CP017039.1	5p	+	68	8796	11727	11717	8882	41122	365	169	78	78	16	12	9	29	11	19	15	31	2	0	0	0	0	3	1	0	0
CP017039.1	5p	+	69	9047	11383	11667	8316	40413	345	132	70	69	28	15	18	29	14	12	14	22	1	1	0	1	1	2	1	2	0
CP017039.1	5p	+	70	8860	11038	11062	8773	39733	364	123	53	65	13	13	9	29	15	15	8	26	0	0	1	2	0	2	0	1	0
CP017039.1	5p	-	1	12101	19717	13783	20312	65913	90	4957	106	108	24	45	33	32	30	41	33	70	0	0	0	0	0	0	0	0	0
CP017039.1	5p	-	2	14750	18946	16559	15657	65912	143	2286	146	120	25	34	16	55	26	49	35	59	0	1	1	1	0	0	0	0	0
CP017039.1	5p	-	3	15327	18710	18627	13248	65912	142	1255	137	149	23	19	24	53	30	33	41	52	1	2	3	1	0	0	1	0	0
CP017039.1	5p	-	4	15639	18345	17210	14718	65912	127	1040	101	106	25	20	24	47	21	34	21	46	0	0	2	2	0	0	1	0	0
CP017039.1	5p	-	5	14365	19188	18118	14237	65908	156	1006	123	121	31	18	19	55	20	19	32	46	0	1	1	0	0	2	1	0	0
CP017039.1	5p	-	6	14233	18670	19054	13949	65906	135	837	139	99	28	19	34	58	31	33	23	51	1	2	2	1	0	1	0	1	0
CP017039.1	5p	-	7	14561	18520	18220	14610	65911	129	667	88	112	24	18	24	54	13	24	25	35	3	4	2	2	0	0	1	1	0
CP017039.1	5p	-	8	13772	19379	18596	14159	65906	158	638	108	123	22	18	18	55	19	24	37	36	1	2	3	2	2	3	1	1	0
CP017039.1	5p	-	9	14207	18349	19119	14233	65908	170	534	127	109	27	15	27	43	25	29	31	48	0	0	0	3	3	1	1	0	0
CP017039.1	5p	-	10	14271	18724	18225	14685	65905	147	471	100	93	22	13	18	39	27	23	17	33	2	1	3	1	0	3	3	2	0
CP017039.1	5p	-	11	13538	19609	18600	14164	65911	142	476	133	124	26	12	22	50	15	26	17	26	0	0	0	1	1	1	0	0	0
CP017039.1	5p	-	12	14182	18572	19443	13710	65907	163	484	111	104	26	13	17	34	24	17	32	42	0	0	0	1	0	0	3	3	0
CP017039.1	5p	-	13	14340	18505	18741	14320	65906	147	450	85	89	19	13	26	39	20	22	29	23	1	0	1	0	0	4	3	0	0
CP017039.1	5p	-	14	13497	19532	18923	13956	65908	168	500	139	125	28	17	18	41	28	16	29	28	2	1	1	1	2	2	1	0	0
CP017039.1	5p	-	15	13924	18842	19518	13625	65909	179	505	114	126	32	15	28	42	26	25	30	47	3	1	1	0	0	3	0	0	0
CP017039.1	5p	-	16	14008	18897	18729	14277	65911	122	463	108	115	19	17	21	57	28	20	27	39	0	0	2	0	0	0	2	0	0
CP017039.1	5p	-	17	13315	19466	19205	13921	65907	180	499	120	123	24	8	27	43	22	13	17	39	0	0	0	1	1	2	1	2	0
CP017039.1	5p	-	18	13984	18738	19461	13726	65909	179	469	123	121	33	11	23	36	33	24	25	37	1	2	2	0	2	1	1	0	0
CP017039.1	5p	-	19	14128	19010	18392	14383	65913	149	461	99	92	26	16	14	46	22	19	14	39	1	2	0	2	0	0	0	0	0
CP017039.1	5p	-	20	13254	19659	19141	13857	65911	194	451	113	134	26	14	17	42	19	23	30	35	1	1	2	0	0	2	0	0	0
CP017039.1	5p	-	21	13880	18784	19722	13523	65909	145	423	106	122	29	16	25	34	28	11	27	38	2	1	4	1	1	2	0	1	0
CP017039.1	5p	-	22	13957	18979	18647	14323	65906	175	430	101	93	26	15	16	49	25	19	18	41	1	1	1	1	1	3	1	2	0
CP017039.1	5p	-	23	13381	19721	18989	13819	65910	237	401	171	109	28	12	24	45	23	29	28	42	0	1	1	1	0	1	2	0	0
CP017039.1	5p	-	24	13896	18774	19654	13586	65910	232	365	126	116	28	24	25	54	24	16	29	37	2	0	1	1	0	1	0	2	0
CP017039.1	5p	-	25	13886	19101	18601	14323	65911	224	393	98	119	20	15	20	56	26	24	19	30	3	1	3	0	0	1	1	0	0
CP017039.1	5p	-	26	13227	19641	19079	13964	65911	232	396	130	137	25	15	26	45	28	26	35	32	3	1	1	2	0	1	1	0	0
CP017039.1	5p	-	27	13830	18838	19744	13498	65910	258	402	143	136	17	12	24	54	25	22	25	38	0	1	0	0	0	1	1	1	0
CP017039.1	5p	-	28	14278	18973	18386	14271	65908	262	362	132	121	20	19	26	46	21	17	14	45	1	0	1	0	3	0	0	1	0
CP017039.1	5p	-	29	13511	19276	19155	13969	65911	297	365	136	136	21	18	18	38	26	26	29	29	0	2	1	4	0	0	1	0	0
CP017039.1	5p	-	30	13958	18815	19539	13600	65912	345	353	130	135	28	20	24	44	36	25	29	31	0	1	1	1	0	0	1	0	0
CP017039.1	5p	-	31	14095	18838	18393	14270	65596	332	332	111	113	29	16	22	45	27	17	29	32	1	0	1	1	0	1	1	0	0
CP017039.1	5p	-	32	13253	19115	19156	13705	65229	344	325	142	126	22	17	32	49	22	22	24	44	2	2	2	1	0	2	0	1	0
CP017039.1	5p	-	33	13898	18351	19214	13366	64829	374	304	120	114	30	18	21	51	19	20	32	37	0	5	2	0	0	1	0	1	0
CP017039.1	5p	-	34	13928	18303	18096	14046	64373	369	306	108	104	23	11	21	51	11	23	26	37	1	0	0	1	1	1	0	2	0
CP017039.1	5p	-	35	13119	18735	18463	13594	63911	387	299	123	116	23	11	11	39	16	17	19	40	2	4	1	2	1	2	2	0	0
CP017039.1	5p	-	36	13489	17834	18911	13186	63420	359	272	135	108	28	15	16	49	15	14	30	39	0	1	2	2	2	0	0	0	0
CP017039.1	5p	-	37	13656	17694	17757	13789	62896	382	277	97	97	21	17	16	32	20	22	19	29	1	2	1	0	1	0	0	0	0
CP017039.1	5p	-	38	12823	18205	18137	13159	62324	370	299	115	121	19	16	22	48	29	25	24	24	0	0	2	1	0	0	0	1	0
CP017039.1	5p	-	39	13276	17583	18266	12573	61698	417	285	114	110	27	14	26	36	15	20	29	35	0	0	2	3	0	0	1	0	0
CP017039.1	5p	-	40	13227	17353	17146	13395	61121	378	295	78	116	22	18	17	37	20	18	14	30	0	0	0	3	1	0	0	1	0
CP017039.1	5p	-	41	12532	17788	17477	12700	60497	406	267	114	108	20	16	21	40	23	22	14	40	1	2	1	0	1	0	1	0	0
CP017039.1	5p	-	42	12974	16830	17645	12448	59897	478	267	96	106	16	16	11	45	22	19	26	38	2	1	0	1	1	0	1	0	0
CP017039.1	5p	-	43	12879	16714	16651	12942	59186	418	255	86	95	19	12	20	37	18	24	19	29	0	2	3	1	0	1	0	0	0
CP017039.1	5p	-	44	12356	17153	16753	12240	58502	407	249	135	77	22	16	16	44	16	12	26	35	1	2	1	0	2	2	1	1	0
CP017039.1	5p	-	45	12501	15991	17082	12251	57825	401	254	126	86	18	21	16	27	18	25	15	22	0	2	0	1	2	2	0	0	0
CP017039.1	5p	-	46	12501	16275	15734	12555	57065	408	239	84	88	22	16	20	43	14	27	13	23	1	2	1	0	0	0	0	0	0
CP017039.1	5p	-	47	11671	16538	16191	11945	56345	435	230	98	102	20	12	13	48	16	15	28	32	1	1	3	0	0	3	1	0	0
CP017039.1	5p	-	48	12077	15598	16477	11472	55624	406	203	120	90	27	11	21	43	29	19	23	34	1	2	0	0	1	0	0	2	0
CP017039.1	5p	-	49	11995	15264	15614	11981	54854	429	213	85	84	17	9	15	33	12	25	20	29	0	0	2	4	2	2	0	0	0
CP017039.1	5p	-	50	11480	15658	15487	11485	54110	434	230	104	107	21	16	17	41	23	10	29	31	1	0	2	0	0	0	0	1	0
CP017039.1	5p	-	51	11456	15044	15681	11188	53369	446	215	102	98	15	15	16	47	18	20	16	34	3	0	0	2	0	1	1	0	0
CP017039.1	5p	-	52	11657	14657	14800	11544	52658	400	212	93	88	26	12	8	39	20	19	14	32	2	0	0	2	0	2	0	1	0
CP017039.1	5p	-	53	10629	15211	15150	10915	51905	418	217	82	93	24	11	14	34	19	23	19	34	2	3	3	1	2	1	1	0	0
CP017039.1	5p	-	54	10928	14312	15160	10765	51165	395	196	97	77	21	18	14	39	9	27	21	38	0	1	2	1	0	2	0	0	0
CP017039.1	5p	-	55	11084	14138	14301	10925	50448	370	197	79	103	24	10	26	31	10	17	20	30	0	0	0	0	0	3	0	1	0
CP017039.1	5p	-	56	10383	14451	14356	10546	49736	427	171	72	93	15	14	12	36	17	12	12	47	0	0	0	1	0	1	1	0	0
CP017039.1	5p	-	57	10735	13575	14503	10179	48992	369	172	102	80	14	16	24	39	17	18	16	31	0	0	0	3	1	1	0	1	0
CP017039.1	5p	-	58	10625	13453	13475	10685	48238	411	153	95	62	20	12	15	31	17	12	18	17	1	0	1	3	0	1	1	0	0
CP017039.1	5p	-	59	9954	13867	13547	10139	47507	409	189	80	91	22	6	17	33	15	11	15	19	0	2	2	0	0	2	1	0	0
CP017039.1	5p	-	60	10212	12910	13984	9651	46757	379	150	89	67	18	12	9	37	11	23	20	29	0	2	5	0	1	1	0	0	0
CP017039.1	5p	-	61	10255	12769	12700	10273	45997	361	145	61	64	27	8	16	33	19	22	11	27	1	2	2	1	1	0	0	0	0
CP017039.1	5p	-	62	9381	13222	12978	9681	45262	339	142	81	68	11	16	11	45	18	21	16	35	0	1	3	1	1	1	0	0	0
CP017039.1	5p	-	63	9708	12318	13234	9351	44611	407	139	72	85	21	9	13	36	10	14	19	38	0	1	1	0	0	0	1	1	0
CP017039.1	5p	-	64	9536	12257	12215	9841	43849	369	146	60	75	16	13	14	41	11	26	13	18	1	0	1	2	0	1	0	2	0
CP017039.1	5p	-	65	9007	12522	12468	9138	43135	357	162	65	68	18	10	12	41	18	15	13	27	2	1	0	2	2	0	1	0	0
CP017039.1	5p	-	66	9431	11561	12522	8873	42387	369	139	75	83	16	15	15	32	10	16	12	25	0	2	1	0	1	1	1	0	0
CP017039.1	5p	-	67	9280	11512	11499	9340	41631	346	120	72	70	20	12	6	36	18	17	8	21	0	0	2	1	3	1	1	0	0
CP017039.1	5p	-	68	8664	11892	11699	8649	40904	339	149	79	74	22	14	14	37	11	13	11	25	0	1	1	1	0	0	2	3	0
CP017039.1	5p	-	69	8830	11147	11820	8402	40199	372	139	82	74	12	9	12	31	17	20	15	38	1	1	0	1	2	1	0	2	0
CP017039.1	5p	-	70	8793	11021	11008	8631	39453	349	138	58	53	17	12	13	35	15	20	12	22	0	2	1	0	2	0	0	0	0
