# table produced by mapDamage version 2.2.3
# using mapped file /mnt/archgen/microbiome_calculus/library_ds_vs_ss/04-analysis/normalize_kraken/mapping/flexilinea_sp001717545/mapDamage2_ssLibs/input/VLD001.A0102.SG1.2_5M.mapped_f_sp001717545_q25l30_rmdup.bam and /mnt/archgen/microbiome_calculus/library_ds_vs_ss/04-analysis/normalize_kraken/mapping/flexilinea_sp001717545/input/GCA_001717545.1_ASM171754v1_genomic.fna as reference file
# Chr: reference from sam/bam header, End: from which termini of DNA sequences, Std: strand of reads
Chr	End	Std	Pos	A	C	G	T	Total	G>A	C>T	A>G	T>C	A>C	A>T	C>G	C>A	T>G	T>A	G>C	G>T	A>-	T>-	C>-	G>-	->A	->T	->C	->G	S
CP017039.1	3p	+	1	7301	10014	6179	5997	29491	128	1956	74	95	23	20	28	36	17	19	53	46	0	0	0	0	0	0	0	0	0
CP017039.1	3p	+	2	8383	8576	6770	5762	29491	131	917	67	83	33	14	32	42	13	18	46	43	0	0	0	0	0	0	0	0	0
CP017039.1	3p	+	3	7171	7830	7831	6659	29491	123	635	121	104	25	22	36	41	18	12	55	67	0	0	0	0	0	0	0	0	0
CP017039.1	3p	+	4	7427	8091	7073	6900	29491	114	467	90	98	15	11	29	39	20	14	56	62	0	0	0	0	0	0	0	0	0
CP017039.1	3p	+	5	7562	7602	7350	6977	29491	128	405	83	90	15	18	23	31	19	21	56	43	0	0	0	3	0	0	0	0	0
CP017039.1	3p	+	6	7283	8010	7498	6695	29486	119	352	101	92	19	17	28	39	24	10	60	47	0	1	0	3	1	1	2	1	0
CP017039.1	3p	+	7	7075	8056	7353	7005	29489	128	323	74	98	20	19	19	39	12	14	58	59	1	3	2	8	1	0	0	0	0
CP017039.1	3p	+	8	7133	7805	7420	7130	29488	134	337	71	96	21	16	17	44	11	14	57	54	0	3	3	9	0	1	0	2	0
CP017039.1	3p	+	9	7022	7995	7503	6967	29487	132	290	83	92	22	20	20	27	18	10	57	50	2	6	6	7	1	1	1	0	0
CP017039.1	3p	+	10	6761	8152	7492	7085	29490	107	285	78	95	23	11	29	33	14	14	71	49	3	5	3	12	0	1	0	0	0
CP017039.1	3p	+	11	7201	7916	7364	7009	29490	92	287	91	107	21	22	28	37	14	9	68	51	3	5	11	9	0	1	0	0	0
CP017039.1	3p	+	12	6829	8043	7692	6923	29487	102	278	80	98	11	8	44	36	16	9	72	45	5	2	4	26	1	1	0	1	0
CP017039.1	3p	+	13	7045	8083	7462	6896	29486	113	263	78	90	21	15	20	31	15	19	64	48	4	8	9	12	1	3	1	0	0
CP017039.1	3p	+	14	7132	7995	7504	6857	29488	117	245	76	94	16	21	21	41	19	13	50	40	7	4	7	8	3	0	0	0	0
CP017039.1	3p	+	15	6968	8035	7917	6569	29489	123	266	105	98	19	11	32	42	12	16	46	58	2	6	3	10	1	1	0	0	0
CP017039.1	3p	+	16	6789	8312	7526	6862	29489	108	271	95	85	19	14	22	41	15	12	66	45	3	5	5	8	1	1	0	0	0
CP017039.1	3p	+	17	7135	8037	7487	6831	29490	126	284	96	110	16	15	28	38	16	13	45	40	2	3	6	5	0	1	0	0	0
CP017039.1	3p	+	18	6922	8069	7824	6674	29489	123	273	97	103	19	15	31	41	16	17	56	65	1	2	3	8	0	2	0	0	0
CP017039.1	3p	+	19	6884	8157	7629	6813	29483	109	290	73	71	26	13	26	40	15	10	55	51	2	3	5	13	2	3	2	1	0
CP017039.1	3p	+	20	6990	8036	7608	6854	29488	123	255	80	94	17	13	30	35	21	15	50	40	1	3	5	7	1	2	0	0	0
CP017039.1	3p	+	21	6886	8219	7590	6788	29483	123	293	94	93	16	13	28	31	20	6	54	52	2	2	4	4	2	4	1	1	0
CP017039.1	3p	+	22	6840	8205	7593	6845	29483	119	264	81	97	22	12	20	37	21	8	42	43	2	1	2	8	3	1	3	1	0
CP017039.1	3p	+	23	6958	7959	7714	6850	29481	135	262	91	90	17	20	23	39	11	8	43	47	0	1	1	6	7	0	2	1	0
CP017039.1	3p	+	24	6907	8221	7691	6668	29487	150	310	97	123	20	15	27	37	21	15	68	34	1	2	2	8	1	0	2	1	0
CP017039.1	3p	+	25	6840	8214	7639	6793	29486	125	273	101	87	26	16	23	35	15	18	58	37	3	3	4	1	2	3	0	0	0
CP017039.1	3p	+	26	6963	8084	7533	6903	29483	116	257	95	92	18	15	20	28	24	14	51	34	0	3	1	5	2	3	3	0	0
CP017039.1	3p	+	27	6939	8117	7818	6612	29486	118	303	98	114	11	11	32	28	17	11	42	56	0	1	4	6	0	1	1	3	0
CP017039.1	3p	+	28	6839	8237	7656	6756	29488	100	277	93	95	20	16	32	28	22	9	52	46	0	3	4	5	2	0	1	0	0
CP017039.1	3p	+	29	7094	8088	7475	6831	29488	120	341	81	92	16	21	27	37	18	13	53	33	2	1	5	3	1	2	0	0	0
CP017039.1	3p	+	30	7181	8161	7640	6505	29487	137	467	97	81	20	20	30	43	25	17	62	51	1	2	1	6	2	1	0	1	0
CP017039.1	3p	+	31	6521	7542	6671	6468	27202	106	394	82	91	14	8	22	27	11	18	42	38	0	3	1	3	0	0	1	2	0
CP017039.1	3p	+	32	6241	6828	6002	5961	25032	86	393	64	62	12	11	27	21	15	10	48	42	2	3	1	2	1	2	2	1	0
CP017039.1	3p	+	33	5592	6272	5989	5206	23059	99	360	65	83	14	7	16	31	16	9	26	37	2	2	4	2	1	0	0	0	0
CP017039.1	3p	+	34	5032	5889	5241	5012	21174	79	292	53	49	11	9	9	24	14	9	28	20	1	0	2	4	0	1	0	0	0
CP017039.1	3p	+	35	4822	5287	4759	4593	19461	64	313	54	49	10	10	14	18	8	4	33	19	1	1	2	1	1	0	1	0	0
CP017039.1	3p	+	36	4248	5024	4581	4013	17866	83	321	62	40	14	8	10	18	9	5	21	25	0	3	1	2	2	1	0	1	0
CP017039.1	3p	+	37	3860	4627	4001	3931	16419	51	248	45	42	12	4	8	19	6	3	23	17	0	0	2	1	0	1	0	0	0
CP017039.1	3p	+	38	3725	4113	3666	3590	15094	54	230	43	43	11	7	9	10	7	5	21	17	0	1	0	4	1	1	1	0	0
CP017039.1	3p	+	39	3380	3849	3367	3302	13898	49	232	41	41	11	1	8	18	4	10	21	25	1	0	1	3	2	0	0	0	0
CP017039.1	3p	+	40	3086	3528	3113	3035	12762	38	236	43	31	3	4	5	12	7	7	18	11	0	1	3	4	0	2	0	0	0
CP017039.1	3p	+	41	2939	3178	2762	2822	11701	32	198	34	34	4	6	9	15	7	5	18	27	0	1	3	2	0	0	0	1	0
CP017039.1	3p	+	42	2580	2981	2738	2453	10752	45	206	22	31	12	1	2	10	4	5	14	18	1	0	3	3	0	0	0	0	0
CP017039.1	3p	+	43	2271	2770	2384	2349	9774	33	157	29	34	5	6	3	15	4	2	12	22	1	1	0	2	0	0	0	0	0
CP017039.1	3p	+	44	2119	2451	2050	2279	8899	23	165	19	18	6	2	7	10	9	4	16	11	0	0	1	2	2	0	0	0	0
CP017039.1	3p	+	45	1962	2196	2013	1887	8058	21	138	18	21	2	3	6	11	7	3	7	8	0	0	2	0	0	1	0	0	0
CP017039.1	3p	+	46	1789	1987	1694	1858	7328	24	125	16	21	6	3	3	6	1	0	9	8	1	0	1	0	0	1	0	0	0
CP017039.1	3p	+	47	1604	1828	1624	1612	6668	29	124	14	15	2	8	4	6	5	5	10	8	1	0	1	0	0	0	0	0	0
CP017039.1	3p	+	48	1511	1712	1407	1374	6004	16	120	19	19	3	3	3	9	3	1	9	5	1	1	1	2	0	0	0	0	0
CP017039.1	3p	+	49	1281	1558	1276	1370	5485	17	98	11	9	6	7	2	4	1	2	12	5	0	1	0	0	0	0	0	0	0
CP017039.1	3p	+	50	1207	1392	1122	1291	5012	22	82	12	12	0	1	1	6	1	2	7	2	0	1	1	0	0	0	0	0	0
CP017039.1	3p	+	51	1124	1264	1066	1122	4576	9	65	9	12	4	2	2	4	0	1	6	6	1	0	0	0	0	0	0	0	0
CP017039.1	3p	+	52	980	1187	1005	996	4168	12	77	15	6	5	3	2	1	0	0	4	7	1	0	1	0	0	0	1	0	0
CP017039.1	3p	+	53	985	997	889	925	3796	14	65	11	8	0	0	1	1	2	2	6	3	0	0	0	1	0	0	1	0	0
CP017039.1	3p	+	54	870	933	835	827	3465	8	58	9	12	2	0	5	1	0	1	4	4	0	0	1	0	0	1	0	0	0
CP017039.1	3p	+	55	778	860	715	795	3148	16	54	5	7	2	3	0	5	0	1	7	3	0	0	0	1	0	0	0	0	0
CP017039.1	3p	+	56	729	787	649	720	2885	3	45	9	9	1	1	1	3	1	0	1	3	0	0	0	0	0	0	0	0	0
CP017039.1	3p	+	57	630	701	607	652	2590	7	39	6	3	0	1	1	1	0	1	5	3	0	0	0	0	0	0	0	0	0
CP017039.1	3p	+	58	562	589	576	612	2339	7	27	8	6	0	0	0	4	0	1	4	2	0	0	1	0	0	0	0	0	0
CP017039.1	3p	+	59	543	550	504	559	2156	4	29	6	3	1	1	0	1	0	0	0	5	1	0	0	2	0	0	0	0	0
CP017039.1	3p	+	60	484	562	438	476	1960	5	24	5	0	1	0	0	0	1	1	0	2	1	0	1	0	0	1	0	0	0
CP017039.1	3p	+	61	438	508	383	438	1767	3	31	4	4	1	1	1	3	1	2	0	2	1	0	0	1	0	0	0	0	0
CP017039.1	3p	+	62	401	425	357	428	1611	7	29	4	8	0	0	1	0	0	0	1	0	0	0	0	0	0	0	0	0	0
CP017039.1	3p	+	63	359	402	377	340	1478	2	28	6	4	1	0	0	2	0	0	0	1	1	0	0	2	0	0	0	0	0
CP017039.1	3p	+	64	317	377	323	341	1358	3	20	5	7	1	0	0	0	0	1	2	2	0	0	0	0	0	0	0	0	0
CP017039.1	3p	+	65	327	319	285	312	1243	2	20	0	2	2	0	1	1	1	1	1	0	0	0	0	0	1	0	0	0	0
CP017039.1	3p	+	66	287	312	271	257	1127	5	20	2	3	0	0	0	0	1	0	0	2	0	0	0	0	0	0	0	0	0
CP017039.1	3p	+	67	238	309	230	255	1032	4	15	5	5	0	1	0	1	1	2	2	1	1	0	0	0	0	0	0	0	0
CP017039.1	3p	+	68	222	249	225	246	942	7	12	2	2	0	0	0	2	0	0	1	0	0	0	0	0	0	0	0	0	0
CP017039.1	3p	+	69	196	226	198	233	853	1	18	0	3	0	1	0	0	1	0	1	0	0	0	0	0	0	0	0	0	0
CP017039.1	3p	+	70	188	215	168	215	786	3	13	4	1	0	0	0	0	0	0	0	0	0	0	0	0	0	0	0	0	0
CP017039.1	3p	-	1	7076	9764	6220	5987	29047	148	1944	77	111	37	28	33	40	23	28	61	48	0	0	0	0	0	0	0	0	0
CP017039.1	3p	-	2	8443	8136	6745	5722	29046	152	796	92	112	17	13	39	29	27	13	39	40	0	0	0	0	0	1	0	0	0
CP017039.1	3p	-	3	6985	7720	7698	6642	29045	129	622	93	112	16	21	39	30	13	13	50	64	0	0	0	0	0	1	1	0	0
CP017039.1	3p	-	4	7246	7775	7236	6787	29044	133	461	84	84	15	16	34	32	24	18	41	49	0	0	0	0	1	0	2	0	0
CP017039.1	3p	-	5	7518	7348	7506	6675	29047	126	350	88	85	16	12	21	40	18	11	54	52	0	3	1	1	0	0	0	0	0
CP017039.1	3p	-	6	7039	7928	7487	6588	29042	138	359	108	96	22	13	29	41	16	20	63	54	2	3	2	1	1	2	1	1	0
CP017039.1	3p	-	7	6945	7826	7255	7014	29040	102	335	81	91	19	18	21	32	21	8	57	53	3	0	3	9	2	2	1	1	0
CP017039.1	3p	-	8	7206	7401	7371	7064	29042	120	292	74	91	28	18	31	47	9	15	50	52	0	4	5	9	1	2	1	1	0
CP017039.1	3p	-	9	6870	7628	7679	6868	29045	123	286	92	83	27	8	27	34	14	7	74	47	4	3	6	9	0	0	0	1	0
CP017039.1	3p	-	10	6729	7822	7367	7123	29041	119	274	93	76	15	14	24	34	20	8	52	51	4	3	3	15	0	3	2	1	0
CP017039.1	3p	-	11	6806	7898	7507	6834	29045	135	250	85	103	20	14	24	37	21	12	58	53	7	5	10	15	0	1	0	1	0
CP017039.1	3p	-	12	6691	7839	7806	6706	29042	129	294	105	78	22	20	25	32	21	10	76	61	6	5	7	18	2	1	1	0	0
CP017039.1	3p	-	13	6718	7946	7447	6931	29042	110	261	95	83	14	20	33	30	13	10	53	66	6	3	3	16	1	3	0	1	0
CP017039.1	3p	-	14	6951	7601	7600	6892	29044	98	251	85	72	24	18	37	33	16	11	53	36	3	4	1	11	0	0	1	1	0
CP017039.1	3p	-	15	6818	7867	7720	6639	29044	136	258	84	80	17	18	30	33	22	11	62	54	6	3	2	5	1	1	1	0	0
CP017039.1	3p	-	16	6736	8009	7668	6627	29040	125	259	93	102	26	18	19	31	14	10	45	49	3	1	6	9	3	1	0	2	0
CP017039.1	3p	-	17	6835	7816	7582	6810	29043	82	235	86	76	20	10	21	38	11	12	65	47	3	3	2	8	1	2	1	0	0
CP017039.1	3p	-	18	6638	7773	7924	6708	29043	142	257	88	105	20	10	23	45	22	24	74	43	2	5	4	5	3	1	0	0	0
CP017039.1	3p	-	19	6690	7941	7643	6767	29041	117	272	85	88	17	12	36	26	11	13	50	48	2	2	3	3	2	3	1	0	0
CP017039.1	3p	-	20	6795	7838	7430	6981	29044	122	291	100	76	19	13	21	29	20	16	59	42	3	3	1	4	0	1	2	0	0
CP017039.1	3p	-	21	6768	7958	7649	6670	29045	121	276	95	90	32	15	26	29	18	9	67	28	4	1	2	7	0	2	0	0	0
CP017039.1	3p	-	22	6645	8044	7596	6761	29046	125	272	84	88	10	16	22	40	13	10	57	42	3	1	0	9	0	1	0	0	0
CP017039.1	3p	-	23	6901	7699	7694	6749	29043	109	242	82	80	13	12	21	37	13	12	35	51	1	2	3	5	0	1	1	2	0
CP017039.1	3p	-	24	6635	8007	7835	6566	29043	120	298	103	94	21	18	25	46	13	14	65	55	3	6	5	5	2	2	0	0	0
CP017039.1	3p	-	25	6788	7882	7615	6759	29044	100	274	81	95	10	16	28	30	19	9	52	50	1	1	2	0	1	0	1	1	0
CP017039.1	3p	-	26	6841	7709	7726	6768	29044	121	243	97	95	17	18	22	38	21	13	47	47	4	4	2	5	1	0	2	0	0
CP017039.1	3p	-	27	6710	8046	7766	6522	29044	115	298	100	91	29	11	34	38	18	16	48	56	3	2	3	6	0	0	0	3	0
CP017039.1	3p	-	28	6711	7933	7633	6767	29044	111	301	91	82	17	13	24	36	10	8	48	45	2	1	2	5	1	1	1	0	0
CP017039.1	3p	-	29	7097	7791	7597	6560	29045	120	310	89	101	20	14	20	30	14	15	51	34	2	2	2	1	1	1	0	0	0
CP017039.1	3p	-	30	6783	8094	7316	6851	29044	148	430	95	94	27	8	31	40	22	19	51	37	1	1	3	3	1	1	0	1	0
CP017039.1	3p	-	31	6415	7340	6575	6377	26707	113	379	80	92	10	13	30	23	17	12	42	37	2	1	2	10	0	1	0	0	0
CP017039.1	3p	-	32	6096	6484	6135	5914	24629	77	345	54	70	11	14	15	26	17	8	38	29	0	1	1	3	1	1	0	0	0
CP017039.1	3p	-	33	5417	6202	5889	5123	22631	103	349	80	74	12	13	18	17	15	10	37	31	2	0	0	2	0	1	0	0	0
CP017039.1	3p	-	34	4939	5794	5213	4859	20805	76	364	53	61	13	14	26	28	9	10	33	40	0	0	1	7	0	1	0	0	0
CP017039.1	3p	-	35	4726	5162	4682	4549	19119	62	299	57	50	6	12	25	18	6	10	17	17	1	0	2	0	0	1	0	0	0
CP017039.1	3p	-	36	4175	4873	4486	4030	17564	50	274	57	40	11	7	13	12	7	10	25	23	2	2	0	2	1	2	0	0	0
CP017039.1	3p	-	37	3863	4513	3956	3814	16146	73	235	46	34	9	5	6	16	10	5	33	21	0	0	3	2	1	2	0	0	0
CP017039.1	3p	-	38	3715	3912	3630	3629	14886	53	224	34	36	2	5	9	14	10	6	22	18	1	0	1	0	0	1	1	0	0
CP017039.1	3p	-	39	3257	3674	3477	3250	13658	58	207	45	40	11	7	4	16	5	6	20	9	1	0	0	0	1	1	1	2	0
CP017039.1	3p	-	40	3077	3403	3112	2955	12547	46	212	31	39	6	4	9	10	5	2	12	6	0	1	0	1	0	0	0	0	0
CP017039.1	3p	-	41	2813	3078	2846	2754	11491	32	189	27	28	3	6	6	12	4	3	18	12	0	2	1	1	0	0	0	0	0
CP017039.1	3p	-	42	2488	2968	2646	2481	10583	32	212	39	31	4	5	10	12	6	4	21	24	3	0	1	2	0	0	0	0	0
CP017039.1	3p	-	43	2361	2555	2302	2364	9582	34	156	26	31	3	11	6	11	2	3	7	12	0	0	0	1	0	1	0	0	0
CP017039.1	3p	-	44	2200	2269	2084	2174	8727	21	138	24	24	6	6	3	8	5	5	14	8	0	0	0	0	0	0	0	0	0
CP017039.1	3p	-	45	1926	2102	1993	1894	7915	28	129	21	22	1	2	5	8	6	5	11	15	0	0	1	1	1	1	0	0	0
CP017039.1	3p	-	46	1718	1969	1793	1762	7242	30	110	22	17	2	2	2	6	4	3	8	14	1	0	1	1	0	1	0	0	0
CP017039.1	3p	-	47	1601	1782	1605	1630	6618	30	101	21	16	1	4	5	5	3	1	8	5	0	0	0	1	0	0	0	0	0
CP017039.1	3p	-	48	1464	1570	1507	1483	6024	22	111	11	15	5	4	5	3	4	1	6	8	0	0	0	0	0	0	0	0	0
CP017039.1	3p	-	49	1322	1493	1289	1352	5456	20	105	14	16	1	1	0	4	3	3	3	7	0	0	0	0	0	0	0	0	0
CP017039.1	3p	-	50	1196	1293	1176	1280	4945	12	80	9	17	3	1	4	5	0	4	5	5	0	0	0	0	0	0	0	0	0
CP017039.1	3p	-	51	1105	1167	1168	1063	4503	16	76	14	11	2	2	1	4	3	6	8	4	1	0	0	0	0	0	0	0	0
CP017039.1	3p	-	52	1013	1133	967	983	4096	10	63	12	6	2	0	1	3	2	1	6	2	0	0	1	0	0	0	0	0	0
CP017039.1	3p	-	53	952	972	931	917	3772	14	50	9	9	2	2	0	3	1	1	4	3	0	0	0	2	0	0	0	0	0
CP017039.1	3p	-	54	814	931	894	832	3471	14	61	9	7	1	0	2	1	2	2	3	1	0	1	0	0	0	0	0	0	0
CP017039.1	3p	-	55	718	837	773	806	3134	9	56	4	5	1	1	1	2	1	0	3	2	0	1	0	0	0	0	0	0	0
CP017039.1	3p	-	56	697	788	648	727	2860	5	52	5	1	2	2	2	2	3	0	2	6	0	0	0	0	0	0	0	0	0
CP017039.1	3p	-	57	653	694	652	622	2621	5	43	6	7	3	0	0	2	2	1	3	4	1	0	0	1	0	0	0	1	0
CP017039.1	3p	-	58	574	640	591	603	2408	7	41	4	10	0	1	1	3	0	1	3	3	0	0	0	0	0	0	0	0	0
CP017039.1	3p	-	59	525	586	544	544	2199	8	28	6	2	0	0	1	3	0	1	3	5	0	0	0	0	0	1	0	0	0
CP017039.1	3p	-	60	502	543	463	502	2010	11	33	10	3	3	1	1	2	1	0	1	3	0	0	0	0	0	0	0	0	0
CP017039.1	3p	-	61	447	491	443	465	1846	4	33	6	4	1	1	1	1	2	2	1	3	0	0	0	2	0	0	0	0	0
CP017039.1	3p	-	62	454	426	409	403	1692	5	25	10	2	1	0	1	1	1	0	1	4	0	0	0	0	0	0	0	0	0
CP017039.1	3p	-	63	358	432	404	370	1564	9	29	6	2	0	0	0	2	1	1	1	1	0	0	0	0	0	0	0	0	0
CP017039.1	3p	-	64	320	416	327	363	1426	4	30	2	2	0	0	0	3	0	0	4	3	0	0	0	0	0	0	0	0	0
CP017039.1	3p	-	65	302	328	330	331	1291	2	19	4	2	1	0	0	1	1	0	3	1	0	1	0	0	0	0	0	0	0
CP017039.1	3p	-	66	281	356	280	282	1199	4	27	8	4	0	0	0	2	0	0	0	3	0	0	0	1	0	0	0	0	0
CP017039.1	3p	-	67	277	278	271	279	1105	1	16	0	4	2	0	0	3	0	0	0	1	0	0	0	0	0	0	0	0	0
CP017039.1	3p	-	68	275	274	241	227	1017	1	9	4	5	1	0	1	1	0	2	0	1	0	0	0	0	0	0	0	0	0
CP017039.1	3p	-	69	235	252	219	229	935	3	18	1	0	0	0	1	0	2	0	0	1	0	0	0	1	1	0	0	0	0
CP017039.1	3p	-	70	199	214	203	225	841	5	15	4	1	0	1	1	0	0	0	0	2	0	0	0	0	0	0	0	0	0
CP017039.1	5p	+	1	7704	8418	4817	8552	29491	124	1701	65	81	26	30	19	36	17	22	26	65	0	0	0	0	0	0	0	0	2
CP017039.1	5p	+	2	7870	8766	6400	6453	29489	139	792	94	108	11	14	30	44	15	23	37	46	0	0	0	4	0	0	0	2	1
CP017039.1	5p	+	3	7416	7903	8201	5969	29489	140	365	106	87	19	11	32	44	26	16	44	31	3	0	4	2	1	1	0	0	0
CP017039.1	5p	+	4	7689	7840	7359	6601	29489	111	427	82	70	16	15	20	30	13	10	46	37	1	1	0	2	1	1	0	0	0
CP017039.1	5p	+	5	6829	8617	7476	6560	29482	107	375	100	94	20	16	35	22	15	14	53	39	0	0	3	3	5	1	2	1	0
CP017039.1	5p	+	6	6755	7883	7982	6865	29485	116	330	94	82	24	16	21	38	18	21	59	34	3	2	3	2	1	2	2	1	0
CP017039.1	5p	+	7	6875	8160	7494	6957	29486	107	283	90	77	21	12	18	30	15	8	70	44	2	2	1	1	2	2	1	0	0
CP017039.1	5p	+	8	6678	8123	8114	6572	29487	135	299	103	118	21	12	35	36	30	14	72	42	4	2	4	2	1	0	2	1	0
CP017039.1	5p	+	9	7069	7918	7766	6735	29488	106	303	101	120	20	9	21	36	23	6	42	51	1	1	2	7	2	0	1	0	0
CP017039.1	5p	+	10	7039	8155	7274	7014	29482	113	268	88	86	14	10	23	25	27	11	48	46	0	2	2	5	2	3	2	2	0
CP017039.1	5p	+	11	6613	8534	7569	6769	29485	127	290	109	100	19	13	30	33	21	9	67	44	1	2	2	6	3	3	0	0	0
CP017039.1	5p	+	12	6835	8023	8002	6625	29485	116	287	113	97	20	15	19	43	22	11	53	39	0	2	2	4	2	0	2	2	0
CP017039.1	5p	+	13	7115	7983	7470	6914	29482	100	249	80	91	27	13	20	28	8	15	43	46	0	5	1	6	3	4	1	1	0
CP017039.1	5p	+	14	6714	8242	7746	6784	29486	127	298	83	113	26	18	35	39	16	18	52	49	1	4	5	6	1	3	0	1	0
CP017039.1	5p	+	15	6896	8147	7890	6552	29485	132	280	105	89	14	14	28	40	18	10	59	60	1	1	4	8	2	3	1	0	0
CP017039.1	5p	+	16	7076	8042	7551	6818	29487	106	248	78	72	20	14	14	30	22	13	59	52	2	3	4	4	2	2	0	0	0
CP017039.1	5p	+	17	6835	8203	7794	6656	29488	129	260	83	95	21	16	31	34	17	16	55	48	0	4	6	9	1	2	0	0	0
CP017039.1	5p	+	18	6973	8015	7797	6705	29490	125	270	95	83	16	14	28	32	19	12	50	37	3	3	2	4	1	0	0	0	0
CP017039.1	5p	+	19	7091	7987	7373	7032	29483	97	296	74	87	15	18	28	28	15	10	58	41	1	2	3	11	1	2	3	2	0
CP017039.1	5p	+	20	6765	8327	7551	6845	29488	130	274	88	105	24	13	36	45	21	8	62	44	1	2	6	2	1	2	0	0	0
CP017039.1	5p	+	21	6905	8090	7801	6694	29490	111	283	91	103	26	15	17	44	15	13	52	47	3	2	5	11	0	0	1	0	0
CP017039.1	5p	+	22	7065	7919	7492	7009	29485	109	260	84	76	20	13	21	38	5	9	45	46	5	8	8	6	2	3	1	0	0
CP017039.1	5p	+	23	6883	8303	7476	6824	29486	164	268	98	95	19	22	32	33	12	13	51	46	3	3	4	14	0	4	0	1	0
CP017039.1	5p	+	24	7129	7895	7749	6713	29486	110	279	76	102	22	15	27	43	14	10	50	56	4	4	9	6	1	1	2	1	0
CP017039.1	5p	+	25	7122	7982	7394	6990	29488	103	265	74	79	22	16	26	42	20	11	61	56	2	5	6	15	1	0	1	1	0
CP017039.1	5p	+	26	6834	8328	7544	6782	29488	130	318	92	127	18	17	24	42	14	11	55	48	2	3	6	10	2	0	1	0	0
CP017039.1	5p	+	27	7005	7986	7802	6697	29490	139	295	74	109	16	17	25	37	20	19	74	48	5	2	4	7	1	0	0	0	0
CP017039.1	5p	+	28	7238	7892	7290	7070	29490	99	274	82	84	15	11	24	32	11	20	56	51	2	3	5	10	0	1	0	0	0
CP017039.1	5p	+	29	7052	8203	7480	6756	29491	124	376	82	89	12	13	29	40	26	22	57	53	1	2	2	8	0	0	0	0	0
CP017039.1	5p	+	30	7325	8045	7529	6592	29491	129	539	95	95	20	21	29	40	18	15	52	46	0	3	1	7	0	0	0	0	0
CP017039.1	5p	+	31	6759	7483	6552	6410	27204	91	466	69	67	21	12	23	26	8	7	40	38	0	1	1	4	1	0	0	0	0
CP017039.1	5p	+	32	5794	7223	6349	5670	25036	105	429	75	79	12	13	27	31	18	11	47	40	3	2	5	9	0	1	0	0	0
CP017039.1	5p	+	33	5781	6388	5749	5139	23057	101	380	68	79	15	13	25	23	15	9	42	48	1	3	6	7	1	1	1	0	0
CP017039.1	5p	+	34	5322	5716	5041	5095	21174	68	343	53	54	13	13	12	16	10	7	29	26	4	1	3	2	1	0	0	0	0
CP017039.1	5p	+	35	4560	5613	4861	4428	19462	86	362	58	64	13	8	10	19	8	7	29	17	2	2	1	4	0	0	0	1	0
CP017039.1	5p	+	36	4377	4802	4589	4100	17868	56	288	59	56	12	7	15	18	12	2	30	25	1	0	0	3	1	1	0	0	0
CP017039.1	5p	+	37	4190	4427	3915	3888	16420	52	287	30	42	6	10	8	11	3	3	25	20	1	0	1	5	0	0	0	0	0
CP017039.1	5p	+	38	3608	4272	3724	3490	15094	66	284	47	56	8	9	10	24	4	9	22	26	0	2	2	4	1	1	1	0	0
CP017039.1	5p	+	39	3394	3792	3441	3273	13900	61	282	36	37	6	3	11	10	10	7	27	22	0	2	1	4	0	0	0	0	0
CP017039.1	5p	+	40	3242	3385	3057	3079	12763	39	237	39	28	6	5	6	18	4	4	15	12	0	0	1	2	0	1	0	0	0
CP017039.1	5p	+	41	2770	3344	2794	2794	11702	41	228	36	37	7	7	8	8	3	4	15	30	0	1	0	3	0	0	0	0	0
CP017039.1	5p	+	42	2688	2892	2578	2592	10750	38	219	23	39	9	6	10	15	4	4	20	16	0	4	0	3	0	1	1	0	0
CP017039.1	5p	+	43	2432	2639	2276	2426	9773	34	180	23	27	6	5	5	14	4	2	17	15	2	3	3	0	1	0	0	0	0
CP017039.1	5p	+	44	2086	2609	2121	2084	8900	24	207	18	23	6	4	2	10	4	5	16	14	0	3	0	2	0	0	0	0	0
CP017039.1	5p	+	45	2012	2184	1989	1874	8059	19	162	31	28	5	4	4	6	1	4	10	9	0	0	0	1	0	0	0	0	0
CP017039.1	5p	+	46	1984	1987	1603	1755	7329	22	132	17	13	4	2	2	7	2	0	14	11	2	0	1	0	0	0	0	0	0
CP017039.1	5p	+	47	1561	1879	1611	1616	6667	30	162	15	18	3	2	5	7	4	2	13	7	0	0	0	1	0	0	0	0	0
CP017039.1	5p	+	48	1514	1683	1460	1347	6004	23	132	12	17	5	1	3	7	0	2	8	7	0	0	1	2	0	0	0	0	0
CP017039.1	5p	+	49	1367	1491	1268	1359	5485	19	104	10	22	5	0	5	6	1	3	6	5	0	0	1	0	0	0	0	0	0
CP017039.1	5p	+	50	1181	1433	1181	1217	5012	12	82	13	15	2	2	2	7	5	4	8	7	0	0	0	1	0	0	0	0	0
CP017039.1	5p	+	51	1192	1234	1114	1035	4575	23	88	11	13	2	2	3	5	2	4	10	5	0	0	0	0	1	0	0	0	0
CP017039.1	5p	+	52	983	1180	975	1031	4169	16	80	3	12	2	0	0	5	1	2	6	5	0	1	1	1	0	0	0	0	0
CP017039.1	5p	+	53	888	1080	936	893	3797	12	61	6	13	1	1	1	0	2	2	6	2	0	0	1	0	0	0	0	0	0
CP017039.1	5p	+	54	847	981	834	803	3465	7	70	12	4	0	1	0	3	3	1	3	6	0	0	0	0	0	1	0	0	0
CP017039.1	5p	+	55	799	873	710	766	3148	6	75	7	9	0	1	2	6	1	2	2	6	0	0	0	0	0	0	0	0	0
CP017039.1	5p	+	56	719	817	656	693	2885	10	46	9	5	2	2	1	5	0	0	9	6	0	0	0	1	0	0	0	0	0
CP017039.1	5p	+	57	629	716	592	653	2590	9	44	3	2	3	1	1	4	2	1	4	5	0	0	0	0	0	0	0	0	0
CP017039.1	5p	+	58	617	645	523	554	2339	6	46	6	3	2	1	0	6	1	0	3	1	0	0	0	0	0	0	0	0	0
CP017039.1	5p	+	59	529	600	491	536	2156	6	36	10	6	1	1	3	1	0	1	2	3	0	0	0	0	0	0	0	0	0
CP017039.1	5p	+	60	495	531	459	476	1961	3	48	3	2	3	1	2	0	0	1	5	1	0	0	0	2	0	0	0	0	0
CP017039.1	5p	+	61	412	462	398	495	1767	2	28	5	6	0	0	0	0	0	1	2	4	0	0	0	1	0	0	0	0	0
CP017039.1	5p	+	62	388	450	382	391	1611	7	43	0	4	0	2	1	1	1	1	1	2	0	0	0	0	0	0	0	0	0
CP017039.1	5p	+	63	385	404	347	341	1477	3	36	1	4	0	0	0	1	0	0	0	1	0	0	0	1	0	0	0	1	0
CP017039.1	5p	+	64	348	390	286	334	1358	4	23	4	3	1	1	0	1	0	0	3	1	0	0	0	0	0	0	0	0	0
CP017039.1	5p	+	65	333	329	269	313	1244	0	23	7	6	1	1	0	3	0	0	0	1	0	0	0	0	0	0	0	0	0
CP017039.1	5p	+	66	293	286	270	278	1127	2	13	2	0	0	1	0	1	0	0	1	1	0	0	0	0	0	0	0	0	0
CP017039.1	5p	+	67	277	253	242	260	1032	1	13	1	5	0	2	0	0	0	0	1	3	0	0	0	0	0	0	0	0	0
CP017039.1	5p	+	68	248	269	201	224	942	1	26	2	0	0	0	0	0	0	0	2	2	0	0	0	0	0	0	0	0	0
CP017039.1	5p	+	69	234	259	167	193	853	2	21	1	3	1	0	1	0	0	0	0	0	0	0	0	0	0	0	0	0	0
CP017039.1	5p	+	70	221	205	171	189	786	4	17	2	2	1	0	1	1	0	0	0	1	1	0	0	0	0	0	0	0	0
CP017039.1	5p	-	1	7482	8158	4884	8523	29047	123	1685	93	73	21	36	26	34	20	28	31	49	0	0	0	0	0	0	0	0	0
CP017039.1	5p	-	2	7841	8397	6362	6447	29047	140	770	101	110	22	21	27	46	23	23	38	30	0	0	0	2	0	0	0	0	0
CP017039.1	5p	-	3	7190	7673	8297	5887	29047	127	399	100	86	18	8	21	25	19	18	49	31	0	0	0	1	0	0	0	0	0
CP017039.1	5p	-	4	7575	7738	7270	6463	29046	125	396	87	94	18	10	27	23	12	13	45	40	0	0	0	0	0	0	1	0	0
CP017039.1	5p	-	5	6559	8388	7541	6553	29041	102	319	108	118	17	15	27	19	27	18	57	37	1	1	0	3	2	2	0	2	0
CP017039.1	5p	-	6	6588	7718	8010	6727	29043	125	350	98	102	15	23	38	40	17	11	58	52	1	0	2	4	1	1	1	1	0
CP017039.1	5p	-	7	6775	8153	7467	6649	29044	102	260	90	80	14	13	23	35	14	11	50	51	1	0	2	1	1	0	1	1	0
CP017039.1	5p	-	8	6667	7689	8209	6480	29045	162	275	107	86	13	6	25	42	16	10	53	45	1	2	2	0	1	0	1	0	0
CP017039.1	5p	-	9	7008	7680	7676	6678	29042	134	280	90	92	19	18	38	36	16	11	39	43	0	1	1	3	1	1	0	3	0
CP017039.1	5p	-	10	6849	7920	7317	6957	29043	111	222	85	77	17	15	18	27	20	16	45	38	2	4	2	3	1	2	0	1	0
CP017039.1	5p	-	11	6418	8218	7541	6866	29043	134	287	75	88	17	17	29	31	15	12	63	43	4	1	4	5	1	2	0	1	0
CP017039.1	5p	-	12	6843	7696	8037	6467	29043	139	271	98	99	15	10	25	32	15	15	64	54	3	2	0	8	2	1	0	1	0
CP017039.1	5p	-	13	6960	7686	7546	6851	29043	121	251	91	67	14	9	13	27	13	10	53	42	2	0	1	1	2	1	1	0	0
CP017039.1	5p	-	14	6616	8021	7674	6733	29044	127	254	108	97	22	15	24	26	23	23	64	50	1	3	2	1	2	1	0	0	0
CP017039.1	5p	-	15	6816	8004	7796	6427	29043	122	248	97	90	24	12	36	47	11	15	59	43	2	3	1	7	1	2	1	0	0
CP017039.1	5p	-	16	6971	7756	7443	6871	29041	91	241	88	81	18	14	24	31	16	12	61	47	5	1	5	6	0	4	1	1	0
CP017039.1	5p	-	17	6526	8140	7624	6755	29045	121	266	91	83	22	18	28	41	17	18	46	44	3	2	1	6	0	2	0	0	0
CP017039.1	5p	-	18	6781	7661	7987	6611	29040	114	281	104	89	20	15	28	36	13	9	51	45	2	3	3	5	2	4	0	1	0
CP017039.1	5p	-	19	6902	7661	7530	6952	29045	99	242	69	67	23	15	21	38	8	9	49	41	1	3	3	6	1	0	1	0	0
CP017039.1	5p	-	20	6531	8185	7676	6654	29046	128	281	92	89	18	15	30	37	21	12	63	41	3	3	4	9	0	1	0	0	0
CP017039.1	5p	-	21	6765	7715	7944	6619	29043	109	257	90	82	14	17	30	26	19	10	47	49	1	1	5	13	1	3	0	0	0
CP017039.1	5p	-	22	6987	7812	7359	6882	29040	107	238	97	83	12	9	22	32	15	11	55	39	6	3	5	3	1	4	1	1	0
CP017039.1	5p	-	23	6574	8129	7543	6798	29044	122	298	100	102	21	13	28	38	17	8	59	50	5	2	3	8	0	2	0	1	0
CP017039.1	5p	-	24	6872	7675	7877	6617	29041	127	268	76	88	25	13	26	31	17	13	55	47	2	1	4	11	1	2	3	0	0
CP017039.1	5p	-	25	6951	7796	7313	6983	29043	115	257	70	75	27	17	25	38	16	12	48	41	2	0	10	17	2	1	0	1	0
CP017039.1	5p	-	26	6727	7972	7547	6800	29046	113	312	81	105	14	22	35	34	21	12	59	50	5	1	5	10	0	1	0	0	0
CP017039.1	5p	-	27	6929	7626	7791	6697	29043	120	305	86	89	22	18	25	39	16	14	63	64	5	1	2	6	1	0	1	1	0
CP017039.1	5p	-	28	7164	7605	7326	6951	29046	105	298	90	71	23	13	27	43	19	17	51	56	0	1	2	6	1	0	0	0	0
CP017039.1	5p	-	29	6923	7877	7565	6678	29043	152	347	95	111	23	19	30	35	22	11	51	58	2	2	1	6	0	1	2	0	0
CP017039.1	5p	-	30	7086	7842	7579	6536	29043	132	442	93	100	23	23	42	47	11	17	58	64	3	3	0	8	0	3	1	0	0
CP017039.1	5p	-	31	6604	7247	6584	6271	26706	79	418	75	73	12	10	16	28	17	13	57	38	0	5	2	12	0	1	0	0	0
CP017039.1	5p	-	32	5810	6953	6123	5742	24628	114	444	89	72	11	15	32	29	22	5	46	34	2	1	1	2	2	1	0	0	0
CP017039.1	5p	-	33	5467	6144	5830	5188	22629	109	387	64	85	8	9	22	19	14	14	47	32	3	2	3	1	1	1	0	1	0
CP017039.1	5p	-	34	5181	5604	5131	4888	20804	84	361	54	70	15	13	19	17	6	8	33	31	1	3	0	8	0	1	0	0	0
CP017039.1	5p	-	35	4645	5234	4796	4444	19119	79	344	53	47	17	10	12	19	8	2	30	37	3	4	2	5	0	0	1	0	0
CP017039.1	5p	-	36	4189	4697	4616	4063	17565	68	290	46	48	6	7	20	27	13	4	36	23	1	2	3	3	0	1	0	0	0
CP017039.1	5p	-	37	4047	4343	3922	3834	16146	58	266	36	34	13	5	9	14	5	3	30	20	4	0	3	1	0	1	0	2	0
CP017039.1	5p	-	38	3596	4186	3621	3485	14888	59	285	51	54	10	5	8	13	7	2	18	20	1	1	0	4	0	0	0	0	0
CP017039.1	5p	-	39	3391	3625	3454	3190	13660	53	236	47	42	10	4	7	11	7	5	20	28	3	3	0	4	1	1	1	0	0
CP017039.1	5p	-	40	3132	3388	3027	2998	12545	34	224	23	28	4	6	5	14	5	5	24	23	0	0	0	4	1	0	1	0	0
CP017039.1	5p	-	41	2770	3232	2812	2675	11489	37	228	34	30	11	5	10	9	6	2	13	19	2	1	3	0	1	0	1	0	0
CP017039.1	5p	-	42	2558	2927	2614	2484	10583	44	210	30	34	6	4	5	10	6	6	21	15	1	0	0	2	0	0	0	0	0
CP017039.1	5p	-	43	2427	2544	2291	2321	9583	27	177	26	23	8	6	3	12	5	4	18	17	1	1	1	2	0	0	0	0	0
CP017039.1	5p	-	44	2091	2454	2108	2074	8727	38	181	20	26	3	4	12	6	4	4	5	16	1	1	1	1	0	0	0	0	0
CP017039.1	5p	-	45	1959	2101	1981	1876	7917	28	185	19	26	2	1	2	6	2	3	12	13	1	2	0	2	0	0	0	0	0
CP017039.1	5p	-	46	1854	1922	1699	1767	7242	22	129	17	10	6	2	4	7	4	5	6	13	0	0	0	2	0	1	0	0	0
CP017039.1	5p	-	47	1600	1846	1572	1599	6617	13	122	21	19	8	2	4	6	5	2	8	14	0	0	2	2	0	0	0	1	0
CP017039.1	5p	-	48	1425	1600	1533	1465	6023	23	103	16	18	5	4	3	8	1	2	2	8	0	0	0	0	1	0	0	0	0
CP017039.1	5p	-	49	1330	1436	1368	1322	5456	12	106	12	12	3	0	7	7	2	1	7	12	0	1	0	4	0	0	0	0	0
CP017039.1	5p	-	50	1196	1330	1201	1217	4944	16	95	12	17	1	1	1	3	2	2	7	2	1	4	1	1	0	0	1	0	0
CP017039.1	5p	-	51	1095	1243	1110	1055	4503	18	95	10	7	1	2	3	3	2	1	1	4	0	0	1	0	0	0	0	0	0
CP017039.1	5p	-	52	1032	1106	920	1038	4096	10	74	8	9	2	1	0	4	1	0	2	7	1	1	1	1	0	0	0	0	0
CP017039.1	5p	-	53	919	1037	891	925	3772	10	66	8	13	2	2	2	4	4	0	4	6	1	0	1	0	0	0	0	0	0
CP017039.1	5p	-	54	836	957	867	810	3470	18	60	9	7	1	0	2	2	3	2	5	5	1	1	0	0	0	0	1	0	0
CP017039.1	5p	-	55	793	821	723	797	3134	6	58	4	2	0	3	1	3	1	1	4	5	0	1	0	2	0	0	0	0	0
CP017039.1	5p	-	56	682	795	698	685	2860	8	59	2	4	1	2	0	1	1	2	7	5	1	1	0	0	0	0	0	0	0
CP017039.1	5p	-	57	647	690	667	618	2622	12	60	4	7	0	0	0	2	1	0	5	1	0	0	1	0	0	0	0	0	0
CP017039.1	5p	-	58	606	629	556	617	2408	11	42	5	9	1	1	0	2	2	0	7	4	0	0	0	1	0	0	0	0	0
CP017039.1	5p	-	59	551	574	525	550	2200	14	39	4	4	1	2	1	4	2	0	1	1	0	0	0	0	0	0	0	0	0
CP017039.1	5p	-	60	520	525	446	519	2010	4	42	2	7	0	0	0	0	0	1	1	4	0	0	0	0	0	0	0	0	0
CP017039.1	5p	-	61	464	490	412	480	1846	4	46	6	2	2	0	1	1	1	1	0	1	0	0	0	0	0	0	0	0	0
CP017039.1	5p	-	62	426	447	391	428	1692	6	23	3	5	0	0	1	0	1	1	1	1	0	0	0	0	0	0	0	0	0
CP017039.1	5p	-	63	395	415	377	377	1564	3	33	9	5	1	1	0	2	0	1	4	1	0	0	0	0	0	0	0	0	0
CP017039.1	5p	-	64	352	413	340	321	1426	2	31	3	3	0	0	0	3	0	0	4	0	0	0	0	0	0	0	0	0	0
CP017039.1	5p	-	65	317	339	308	327	1291	5	20	4	5	1	1	1	1	0	0	1	0	0	0	0	1	0	0	0	0	0
CP017039.1	5p	-	66	264	338	291	306	1199	5	18	1	5	2	1	0	3	1	0	1	0	0	0	1	0	0	0	0	0	0
CP017039.1	5p	-	67	284	300	271	250	1105	1	16	1	3	0	2	0	3	2	0	2	3	0	1	0	0	0	0	0	0	0
CP017039.1	5p	-	68	257	294	238	228	1017	1	27	1	2	0	0	0	1	1	0	2	1	0	0	0	0	0	0	0	0	0
CP017039.1	5p	-	69	245	252	206	233	936	3	19	3	6	1	0	0	3	0	1	1	0	1	0	0	0	0	0	0	0	0
CP017039.1	5p	-	70	225	205	192	219	841	1	16	1	4	2	0	0	1	1	0	2	2	0	1	0	0	0	0	0	0	0
