# table produced by mapDamage version 2.2.3
# using mapped file /mnt/archgen/microbiome_calculus/library_ds_vs_ss/04-analysis/normalize_kraken/mapping/lautropia_mirabilis/mapDamage2_ssLibs/input/GOY005.A0103.SG1.4_5M.mapped_l_mirabilis_q25l30_rmdup.bam and /mnt/archgen/microbiome_calculus/library_ds_vs_ss/04-analysis/normalize_kraken/mapping/lautropia_mirabilis/input/GCF_900637555.1_51726_E01_genomic.fna as reference file
# Chr: reference from sam/bam header, End: from which termini of DNA sequences, Std: strand of reads
Chr	End	Std	Pos	A	C	G	T	Total	G>A	C>T	A>G	T>C	A>C	A>T	C>G	C>A	T>G	T>A	G>C	G>T	A>-	T>-	C>-	G>-	->A	->T	->C	->G	S
NZ_LR134378.1	3p	+	1	9727	18606	13024	9395	50752	349	3653	211	278	62	38	120	75	39	35	179	113	0	0	0	0	0	0	0	0	0
NZ_LR134378.1	3p	+	2	11539	16872	14986	7354	50751	348	2675	241	210	54	36	113	102	43	25	123	93	0	0	0	0	0	0	0	1	0
NZ_LR134378.1	3p	+	3	9529	16321	16423	8478	50751	328	2521	265	233	47	40	120	76	39	20	154	105	0	0	0	0	0	0	0	1	0
NZ_LR134378.1	3p	+	4	9665	16881	15258	8946	50750	298	2119	235	261	46	28	108	75	43	30	143	110	0	0	0	0	1	0	0	1	0
NZ_LR134378.1	3p	+	5	10141	15911	15508	9189	50749	293	1785	224	230	47	24	112	73	46	21	149	90	1	0	0	2	0	1	0	2	0
NZ_LR134378.1	3p	+	6	9383	16498	16135	8729	50745	311	1638	237	217	49	27	133	84	27	24	179	100	0	0	1	4	1	4	0	2	0
NZ_LR134378.1	3p	+	7	9376	16743	15380	9248	50747	290	1397	228	225	43	28	108	88	44	19	158	103	1	0	1	10	1	2	0	2	0
NZ_LR134378.1	3p	+	8	9439	16135	15680	9493	50747	279	1278	200	227	50	26	100	66	34	16	147	95	8	6	4	14	3	2	0	0	0
NZ_LR134378.1	3p	+	9	9014	16507	16221	9005	50747	304	1218	230	272	44	33	119	82	48	24	171	112	3	3	5	26	1	1	3	0	0
NZ_LR134378.1	3p	+	10	8939	17078	15374	9355	50746	264	1065	190	229	47	28	99	61	48	19	191	83	4	5	10	33	2	3	1	0	0
NZ_LR134378.1	3p	+	11	9415	16372	15723	9235	50745	259	950	201	198	33	26	101	62	31	31	204	98	5	5	10	35	2	4	1	0	0
NZ_LR134378.1	3p	+	12	8994	16771	16266	8709	50740	296	915	266	259	61	28	127	72	45	18	217	101	2	4	14	44	2	5	4	1	0
NZ_LR134378.1	3p	+	13	8932	16910	15843	9059	50744	287	811	241	236	47	25	117	69	40	25	206	100	5	2	12	25	3	3	2	0	0
NZ_LR134378.1	3p	+	14	9336	16328	15872	9202	50738	287	724	206	223	37	22	97	65	33	25	140	85	3	4	12	22	3	7	3	1	0
NZ_LR134378.1	3p	+	15	8946	16652	16577	8566	50741	308	726	248	240	47	20	126	80	44	24	178	68	4	4	7	15	2	1	4	3	0
NZ_LR134378.1	3p	+	16	8831	17108	15870	8939	50748	257	731	209	263	37	31	111	74	41	19	150	82	5	2	6	6	1	2	0	1	0
NZ_LR134378.1	3p	+	17	9121	16475	16040	9107	50743	269	709	197	202	39	21	102	63	48	18	122	78	4	3	6	11	2	4	1	2	0
NZ_LR134378.1	3p	+	18	8941	16809	16393	8607	50750	278	695	234	255	32	17	117	66	48	25	166	95	6	1	5	10	1	1	0	0	0
NZ_LR134378.1	3p	+	19	8953	16902	15742	9152	50749	252	713	240	249	39	20	106	49	44	23	158	89	1	0	5	10	0	1	2	0	0
NZ_LR134378.1	3p	+	20	9211	16582	15746	9206	50745	258	672	199	249	39	29	115	63	53	20	142	92	3	4	9	15	2	3	1	1	0
NZ_LR134378.1	3p	+	21	8871	16820	16437	8615	50743	266	754	250	241	53	19	124	74	35	19	173	83	2	3	8	13	2	2	3	2	0
NZ_LR134378.1	3p	+	22	8843	17055	15659	9192	50749	220	747	217	253	41	19	128	50	48	22	154	82	1	3	7	8	0	1	1	1	0
NZ_LR134378.1	3p	+	23	9314	16570	15794	9058	50736	259	746	242	219	40	28	111	78	42	21	168	75	6	2	4	7	3	7	5	1	0
NZ_LR134378.1	3p	+	24	8859	16918	16534	8434	50745	312	828	249	250	48	33	111	48	42	22	179	99	4	3	0	11	3	1	1	2	0
NZ_LR134378.1	3p	+	25	8804	17110	15815	9018	50747	276	968	210	261	40	20	129	52	37	19	149	88	2	3	5	11	1	2	0	2	0
NZ_LR134378.1	3p	+	26	9087	16768	15811	9078	50744	302	955	204	224	45	28	103	69	37	23	165	84	6	4	7	4	2	2	2	2	0
NZ_LR134378.1	3p	+	27	8791	17221	16208	8518	50738	291	1096	255	251	44	22	130	67	34	35	174	99	2	3	7	11	5	5	2	1	0
NZ_LR134378.1	3p	+	28	8919	16971	15904	8949	50743	295	1122	233	239	43	23	116	82	36	19	157	92	6	2	3	8	2	4	2	1	0
NZ_LR134378.1	3p	+	29	9593	16537	15626	8989	50745	273	1269	224	221	60	30	116	78	38	25	146	73	4	4	5	9	0	3	2	2	0
NZ_LR134378.1	3p	+	30	9278	17303	15360	8808	50749	301	1701	282	260	54	29	120	75	58	29	156	98	0	2	6	4	1	1	0	1	0
NZ_LR134378.1	3p	+	31	8545	15385	13325	8250	45505	272	1609	214	248	43	31	105	61	37	25	135	82	2	1	1	7	0	0	0	1	0
NZ_LR134378.1	3p	+	32	7837	13410	11954	7493	40694	236	1331	162	217	33	33	77	60	44	23	112	88	0	1	2	5	0	1	1	1	0
NZ_LR134378.1	3p	+	33	6757	12128	11087	6230	36202	254	1233	189	182	43	20	69	42	27	21	109	66	2	1	4	3	0	0	1	0	0
NZ_LR134378.1	3p	+	34	5969	11005	9541	5895	32410	179	1129	143	149	31	20	48	44	22	15	81	53	5	2	2	2	1	0	0	0	0
NZ_LR134378.1	3p	+	35	5659	9464	8315	5412	28850	144	955	117	145	19	18	54	41	28	12	70	52	2	0	4	2	0	1	1	1	0
NZ_LR134378.1	3p	+	36	4762	8650	7804	4446	25662	180	934	103	119	23	20	61	43	25	14	76	46	2	1	1	2	1	0	1	0	0
NZ_LR134378.1	3p	+	37	4256	7658	6847	4168	22929	128	814	100	115	24	12	57	39	23	11	62	37	0	2	0	3	0	0	0	0	0
NZ_LR134378.1	3p	+	38	4036	6713	5962	3813	20524	104	674	83	85	22	15	44	25	13	12	55	25	2	1	1	5	3	1	0	0	0
NZ_LR134378.1	3p	+	39	3396	6182	5617	3167	18362	114	695	98	91	15	12	43	29	14	9	62	45	2	2	1	2	1	0	1	0	0
NZ_LR134378.1	3p	+	40	3025	5684	4952	2908	16569	102	615	65	60	15	10	24	27	16	7	53	30	0	0	1	2	0	0	0	1	0
NZ_LR134378.1	3p	+	41	2912	4900	4382	2743	14937	77	547	63	74	18	3	43	20	7	8	40	29	1	0	2	1	0	1	0	2	0
NZ_LR134378.1	3p	+	42	2570	4579	4017	2348	13514	87	588	65	85	10	8	27	20	9	8	44	28	1	2	3	0	0	1	0	3	0
NZ_LR134378.1	3p	+	43	2199	3957	3582	2128	11866	66	458	56	51	17	8	18	16	7	4	38	21	1	0	3	4	0	1	0	0	0
NZ_LR134378.1	3p	+	44	2012	3461	2997	1903	10373	52	428	35	37	11	5	20	18	7	3	25	24	2	1	1	0	0	0	0	0	0
NZ_LR134378.1	3p	+	45	1713	2992	2715	1611	9031	64	349	53	45	11	6	18	8	3	4	23	20	0	1	1	1	0	1	1	0	0
NZ_LR134378.1	3p	+	46	1498	2625	2349	1458	7930	58	299	42	37	10	6	11	13	5	1	23	10	0	1	2	0	0	1	1	0	0
NZ_LR134378.1	3p	+	47	1353	2261	2022	1284	6920	30	252	27	33	9	4	10	9	4	5	19	15	0	0	0	0	0	0	0	0	0
NZ_LR134378.1	3p	+	48	1147	2041	1772	1084	6044	38	229	30	34	4	1	14	9	4	2	8	16	0	0	0	0	1	0	0	0	0
NZ_LR134378.1	3p	+	49	1016	1779	1553	937	5285	34	210	17	21	4	3	8	4	3	3	18	4	1	1	0	1	0	0	0	0	0
NZ_LR134378.1	3p	+	50	937	1566	1337	838	4678	22	170	14	19	6	4	12	3	5	0	10	3	0	0	0	1	0	0	0	0	0
NZ_LR134378.1	3p	+	51	740	1439	1212	699	4090	27	166	16	15	3	1	9	3	3	0	16	6	0	1	1	1	0	0	0	0	0
NZ_LR134378.1	3p	+	52	698	1180	1029	703	3610	16	141	15	22	3	0	6	4	6	1	6	4	0	0	0	2	0	1	0	1	0
NZ_LR134378.1	3p	+	53	613	1012	937	608	3170	11	120	15	18	5	2	4	2	1	1	12	2	0	0	0	0	0	0	0	0	0
NZ_LR134378.1	3p	+	54	513	930	832	511	2786	22	94	20	8	1	0	6	2	2	2	7	3	0	0	0	1	0	0	0	0	0
NZ_LR134378.1	3p	+	55	480	811	692	468	2451	6	89	10	17	4	1	2	2	0	1	4	5	0	0	1	1	0	0	0	0	0
NZ_LR134378.1	3p	+	56	427	679	651	412	2169	5	78	11	9	0	1	5	3	3	1	5	4	0	0	0	1	0	0	0	0	0
NZ_LR134378.1	3p	+	57	371	646	543	339	1899	7	85	8	8	1	2	2	3	4	1	2	3	1	0	0	0	0	0	0	0	0
NZ_LR134378.1	3p	+	58	308	581	472	337	1698	17	60	7	9	0	0	3	4	0	0	4	2	0	0	0	0	0	0	0	0	0
NZ_LR134378.1	3p	+	59	325	459	424	315	1523	9	43	11	2	1	1	1	0	2	4	2	4	1	0	0	1	0	0	0	0	0
NZ_LR134378.1	3p	+	60	238	453	441	226	1358	10	42	4	6	2	1	2	3	0	0	2	3	0	1	0	0	0	0	1	0	0
NZ_LR134378.1	3p	+	61	223	417	347	224	1211	6	47	6	2	0	1	0	1	0	1	1	2	0	0	0	0	0	0	0	0	0
NZ_LR134378.1	3p	+	62	229	334	346	190	1099	1	36	8	6	1	0	0	4	0	2	3	0	0	0	0	0	0	1	0	0	0
NZ_LR134378.1	3p	+	63	170	313	314	184	981	3	37	5	4	0	0	2	1	0	0	1	1	0	0	0	0	0	0	0	0	0
NZ_LR134378.1	3p	+	64	161	304	244	190	899	3	31	5	2	0	1	1	1	0	0	1	0	0	0	0	0	0	0	0	0	0
NZ_LR134378.1	3p	+	65	154	244	231	141	770	1	27	3	6	0	0	0	1	1	2	2	0	0	0	0	0	0	0	0	0	0
NZ_LR134378.1	3p	+	66	134	234	182	123	673	3	19	4	1	2	0	1	1	1	0	1	1	0	0	0	0	0	0	0	0	0
NZ_LR134378.1	3p	+	67	127	199	170	100	596	2	23	2	2	2	2	1	0	2	0	1	2	0	0	0	0	0	0	0	0	0
NZ_LR134378.1	3p	+	68	84	163	166	115	528	4	16	1	1	1	0	0	2	1	0	2	2	0	0	0	0	0	0	0	0	0
NZ_LR134378.1	3p	+	69	100	166	122	76	464	3	20	1	3	4	1	1	1	1	1	0	0	0	0	0	0	0	0	0	0	0
NZ_LR134378.1	3p	+	70	84	139	119	69	411	8	5	4	1	1	1	0	0	1	0	1	1	0	0	0	0	0	0	0	0	0
NZ_LR134378.1	3p	-	1	9673	18924	13079	9407	51083	319	3609	218	255	64	49	136	91	35	31	169	120	0	0	0	0	0	0	0	0	0
NZ_LR134378.1	3p	-	2	11307	17163	15042	7571	51083	357	2718	248	186	55	22	124	86	44	33	113	91	0	0	0	0	0	0	0	0	0
NZ_LR134378.1	3p	-	3	9357	16412	16894	8417	51080	355	2525	260	199	52	40	129	69	55	25	169	130	2	0	0	0	0	1	1	1	0
NZ_LR134378.1	3p	-	4	9317	16923	15536	9300	51076	352	2064	228	252	46	34	112	87	30	18	137	91	1	0	4	0	3	0	3	1	0
NZ_LR134378.1	3p	-	5	10030	15749	15593	9705	51077	276	1697	202	228	37	30	109	75	40	28	136	99	2	1	0	4	2	2	1	1	0
NZ_LR134378.1	3p	-	6	9212	16730	16222	8907	51071	319	1641	258	243	44	34	137	77	36	14	189	96	0	2	8	6	3	5	3	1	0
NZ_LR134378.1	3p	-	7	9358	16913	15584	9219	51074	307	1483	255	214	55	27	112	77	40	23	147	109	2	1	3	14	0	2	2	5	0
NZ_LR134378.1	3p	-	8	9608	16220	15556	9693	51077	270	1300	207	235	43	23	124	74	40	21	149	95	4	4	10	24	1	2	2	1	0
NZ_LR134378.1	3p	-	9	9051	16752	16014	9253	51070	289	1203	215	252	58	44	135	70	46	29	189	101	2	6	7	28	3	3	5	2	0
NZ_LR134378.1	3p	-	10	8805	17106	15715	9452	51078	292	1031	209	257	32	29	103	70	32	18	182	106	7	8	14	21	1	2	2	0	0
NZ_LR134378.1	3p	-	11	9274	16554	15820	9431	51079	275	902	224	228	51	29	121	53	34	24	208	84	8	13	16	37	1	0	1	2	0
NZ_LR134378.1	3p	-	12	8970	16558	16600	8950	51078	309	920	266	272	64	36	125	69	40	17	227	92	5	4	13	38	0	1	2	2	0
NZ_LR134378.1	3p	-	13	8776	17113	16068	9116	51073	262	898	237	255	44	25	124	83	37	24	207	85	6	10	7	22	3	2	3	1	0
NZ_LR134378.1	3p	-	14	9337	16612	15980	9148	51077	266	733	240	215	50	25	105	51	48	17	148	81	2	4	8	15	2	0	2	2	0
NZ_LR134378.1	3p	-	15	8766	16919	16720	8672	51077	329	862	249	227	49	28	138	69	50	25	176	95	4	7	9	16	1	4	0	1	0
NZ_LR134378.1	3p	-	16	8801	17296	15948	9037	51082	278	738	209	259	56	26	118	55	37	23	154	74	2	2	3	8	0	1	0	0	0
NZ_LR134378.1	3p	-	17	9214	16649	15902	9313	51078	285	682	219	242	45	24	96	59	41	16	149	88	5	2	3	7	2	1	2	0	0
NZ_LR134378.1	3p	-	18	8880	16759	16676	8760	51075	314	765	250	246	68	23	117	63	57	18	134	88	2	2	6	13	1	1	4	2	0
NZ_LR134378.1	3p	-	19	8808	17065	16047	9154	51074	257	722	252	252	41	23	126	73	47	27	154	83	5	4	3	12	3	5	0	1	0
NZ_LR134378.1	3p	-	20	9177	16488	15928	9481	51074	284	672	242	237	47	27	108	66	37	24	160	108	1	7	7	8	3	1	2	3	0
NZ_LR134378.1	3p	-	21	8874	16934	16418	8852	51078	318	779	242	258	48	27	119	67	46	20	177	85	3	3	1	8	2	2	1	0	0
NZ_LR134378.1	3p	-	22	8839	17188	15783	9267	51077	274	783	252	243	47	24	131	69	44	23	132	88	2	2	3	7	3	1	1	1	0
NZ_LR134378.1	3p	-	23	9433	16661	15798	9186	51078	284	731	224	224	38	27	113	63	31	24	118	70	2	0	3	12	2	0	1	2	0
NZ_LR134378.1	3p	-	24	8820	16997	16525	8729	51071	288	825	264	235	38	32	117	48	32	27	167	98	2	2	3	3	3	5	1	3	0
NZ_LR134378.1	3p	-	25	8977	17020	15998	9080	51075	285	841	225	240	49	28	108	67	42	18	154	85	4	1	2	4	2	1	3	2	0
NZ_LR134378.1	3p	-	26	9162	16737	15734	9441	51074	274	942	245	218	49	21	102	53	39	23	138	88	4	4	4	10	2	3	3	1	0
NZ_LR134378.1	3p	-	27	8967	17122	16264	8720	51073	333	1083	267	271	51	32	127	63	46	23	164	67	6	2	7	4	1	2	3	3	0
NZ_LR134378.1	3p	-	28	8884	17163	15969	9062	51078	300	1113	220	229	56	34	99	61	43	39	166	82	1	3	6	6	1	1	1	1	0
NZ_LR134378.1	3p	-	29	9563	16832	15480	9198	51073	286	1278	251	213	40	28	107	83	36	19	141	98	4	3	7	7	2	2	6	0	0
NZ_LR134378.1	3p	-	30	9290	17372	15530	8884	51076	350	1687	248	254	45	45	124	80	50	28	173	96	1	2	2	9	1	3	2	0	0
NZ_LR134378.1	3p	-	31	8362	15731	13532	8330	45955	284	1622	212	190	46	34	116	56	36	22	128	89	1	1	4	8	2	0	2	2	0
NZ_LR134378.1	3p	-	32	7939	13627	12023	7692	41281	235	1345	179	184	36	32	89	56	31	21	98	78	5	0	3	1	0	3	1	0	0
NZ_LR134378.1	3p	-	33	6714	12500	11233	6284	36731	223	1284	178	189	35	22	85	46	32	18	116	55	1	2	2	5	0	3	1	1	0
NZ_LR134378.1	3p	-	34	6017	11108	9680	5993	32798	206	1077	133	154	26	23	64	47	23	18	99	51	3	0	1	3	1	0	0	0	0
NZ_LR134378.1	3p	-	35	5728	9534	8470	5442	29174	153	942	143	134	16	19	69	38	17	12	76	54	1	3	1	5	0	0	0	0	0
NZ_LR134378.1	3p	-	36	4800	8870	7835	4426	25931	171	901	125	124	28	18	64	49	25	15	79	54	3	2	3	0	0	0	1	1	0
NZ_LR134378.1	3p	-	37	4189	7780	6780	4330	23079	123	795	113	103	19	16	39	29	22	8	61	50	1	1	2	0	0	0	2	1	0
NZ_LR134378.1	3p	-	38	3933	6748	6069	3890	20640	121	698	79	97	18	14	49	31	18	10	57	42	0	1	2	5	0	2	0	0	0
NZ_LR134378.1	3p	-	39	3375	6121	5703	3286	18485	119	679	82	94	15	16	39	31	11	9	70	36	1	1	2	4	0	0	0	0	0
NZ_LR134378.1	3p	-	40	3065	5593	4872	3084	16614	79	617	79	79	15	13	47	24	17	5	59	39	2	0	0	1	0	0	1	0	0
NZ_LR134378.1	3p	-	41	2955	4846	4416	2808	15025	76	507	84	53	16	13	36	13	11	12	35	30	0	0	1	0	1	0	0	0	0
NZ_LR134378.1	3p	-	42	2471	4545	4092	2485	13593	118	546	68	64	12	12	34	15	4	13	49	24	0	1	2	1	0	0	1	1	0
NZ_LR134378.1	3p	-	43	2265	4024	3439	2152	11880	72	513	64	53	7	13	20	23	5	5	35	23	1	0	1	0	0	0	0	0	0
NZ_LR134378.1	3p	-	44	2015	3396	3006	1957	10374	48	412	45	40	6	5	22	17	4	4	26	17	0	0	0	1	0	1	0	0	0
NZ_LR134378.1	3p	-	45	1681	3030	2686	1620	9017	59	379	44	55	13	4	16	18	7	3	20	20	1	0	0	0	1	0	0	0	0
NZ_LR134378.1	3p	-	46	1469	2647	2271	1464	7851	43	302	36	28	5	2	14	8	11	7	21	11	0	0	0	0	0	0	0	0	0
NZ_LR134378.1	3p	-	47	1331	2302	2023	1233	6889	49	267	30	43	5	2	16	7	4	3	13	16	0	0	0	1	0	0	1	0	0
NZ_LR134378.1	3p	-	48	1124	2033	1791	1028	5976	31	223	32	23	8	4	16	8	5	1	13	11	1	1	1	0	0	0	0	0	0
NZ_LR134378.1	3p	-	49	988	1770	1515	1023	5296	36	207	20	27	7	4	7	8	5	0	12	7	0	0	1	0	0	0	1	0	0
NZ_LR134378.1	3p	-	50	912	1535	1334	870	4651	30	174	19	24	2	6	7	5	4	4	12	8	0	1	1	0	1	0	0	0	0
NZ_LR134378.1	3p	-	51	773	1369	1175	746	4063	19	143	20	18	4	3	6	6	4	2	15	7	0	0	1	0	0	0	0	1	0
NZ_LR134378.1	3p	-	52	693	1207	1018	691	3609	27	135	17	18	3	0	10	4	2	2	7	9	0	0	1	0	0	0	0	0	0
NZ_LR134378.1	3p	-	53	586	1051	922	600	3159	17	129	12	9	2	0	7	3	0	2	8	7	0	1	0	0	0	0	0	0	0
NZ_LR134378.1	3p	-	54	553	957	791	506	2807	12	97	15	18	5	1	6	4	1	1	6	3	0	0	1	0	0	0	0	0	0
NZ_LR134378.1	3p	-	55	457	829	719	444	2449	5	79	8	7	2	3	3	3	0	1	5	1	0	0	0	1	0	0	0	0	0
NZ_LR134378.1	3p	-	56	419	709	669	404	2201	11	84	6	6	3	0	2	2	3	0	2	4	0	0	0	0	0	0	0	0	0
NZ_LR134378.1	3p	-	57	375	671	596	319	1961	12	62	8	7	2	2	8	4	1	1	6	10	0	0	1	0	0	0	0	0	0
NZ_LR134378.1	3p	-	58	308	588	538	317	1751	8	53	6	7	2	0	5	6	2	0	5	1	0	1	0	0	0	0	0	0	0
NZ_LR134378.1	3p	-	59	278	514	454	302	1548	4	60	8	8	1	0	3	0	0	0	2	3	0	0	0	0	0	0	0	0	0
NZ_LR134378.1	3p	-	60	240	461	424	248	1373	10	43	7	6	1	0	4	3	2	2	7	2	0	0	0	1	0	0	0	0	0
NZ_LR134378.1	3p	-	61	224	424	358	233	1239	10	40	8	7	0	0	1	0	1	1	5	3	1	0	0	0	0	0	0	0	0
NZ_LR134378.1	3p	-	62	225	348	324	222	1119	8	43	5	9	1	0	2	1	1	0	1	0	0	0	0	0	0	0	0	0	0
NZ_LR134378.1	3p	-	63	174	367	303	172	1016	5	39	5	2	3	0	2	1	0	0	3	0	0	0	0	0	0	0	0	0	0
NZ_LR134378.1	3p	-	64	185	310	280	161	936	7	38	6	3	2	0	2	2	1	1	0	5	0	0	0	1	0	0	0	0	0
NZ_LR134378.1	3p	-	65	171	252	235	164	822	2	30	8	4	0	0	0	0	0	0	4	3	0	0	0	1	0	0	0	0	0
NZ_LR134378.1	3p	-	66	141	232	214	136	723	2	30	4	7	0	0	0	2	0	1	1	2	0	0	0	0	0	0	0	0	0
NZ_LR134378.1	3p	-	67	131	200	173	131	635	4	28	4	2	0	0	1	0	0	1	1	0	0	0	0	0	0	0	0	0	0
NZ_LR134378.1	3p	-	68	85	196	172	105	558	3	20	3	0	0	1	1	1	1	0	1	2	0	0	0	0	0	0	0	0	0
NZ_LR134378.1	3p	-	69	90	161	163	84	498	2	24	0	2	0	1	0	1	0	0	1	1	0	0	0	0	0	0	0	0	0
NZ_LR134378.1	3p	-	70	70	165	115	81	431	4	16	1	2	1	0	0	0	1	0	0	0	0	0	0	0	0	0	0	0	0
NZ_LR134378.1	5p	+	1	11775	17888	9716	11373	50752	353	4839	158	259	70	73	88	124	26	50	104	137	0	0	0	0	0	0	0	0	1
NZ_LR134378.1	5p	+	2	10250	18203	13713	8584	50750	411	2907	240	265	49	45	111	91	53	24	167	127	1	0	1	2	0	1	1	0	1
NZ_LR134378.1	5p	+	3	9713	16041	17487	7505	50746	360	1544	281	214	51	22	115	80	48	34	151	79	1	1	2	5	0	2	1	3	0
NZ_LR134378.1	5p	+	4	10287	16351	14822	9284	50744	275	1756	220	222	45	30	98	67	45	30	136	87	3	2	2	1	3	3	0	2	0
NZ_LR134378.1	5p	+	5	8262	18376	15615	8489	50742	277	1586	276	281	46	23	122	70	36	21	184	101	1	3	5	3	3	3	3	1	0
NZ_LR134378.1	5p	+	6	8549	16701	16686	8806	50742	324	1408	292	278	46	28	132	80	49	23	200	92	5	3	2	5	2	0	4	2	0
NZ_LR134378.1	5p	+	7	9494	16364	15371	9513	50742	236	1115	191	215	54	24	91	55	30	18	144	78	2	2	8	6	2	3	3	2	0
NZ_LR134378.1	5p	+	8	8513	17136	16884	8218	50751	282	1122	270	279	44	17	125	68	45	14	181	79	1	4	7	7	0	0	1	0	0
NZ_LR134378.1	5p	+	9	9243	16769	16290	8442	50744	305	1089	260	280	60	37	130	67	45	22	184	114	3	3	3	7	1	3	4	0	0
NZ_LR134378.1	5p	+	10	9620	16327	15033	9766	50746	205	862	205	220	42	23	103	48	46	26	143	61	5	3	6	9	1	2	1	2	0
NZ_LR134378.1	5p	+	11	8177	17652	15998	8914	50741	254	917	224	291	44	23	124	60	48	22	150	97	0	0	2	10	1	5	2	3	0
NZ_LR134378.1	5p	+	12	8900	16903	16621	8323	50747	348	820	283	218	49	20	128	71	50	18	159	92	1	3	6	9	2	2	0	1	0
NZ_LR134378.1	5p	+	13	9714	16184	15241	9604	50743	240	715	186	200	43	25	96	52	43	15	133	79	3	3	6	11	4	2	2	1	0
NZ_LR134378.1	5p	+	14	8380	17481	16145	8736	50742	282	807	253	276	46	16	117	69	37	31	145	85	5	3	3	10	5	3	2	0	0
NZ_LR134378.1	5p	+	15	8995	16719	16569	8464	50747	305	726	264	280	54	26	115	57	46	25	176	98	3	2	4	13	0	1	2	2	0
NZ_LR134378.1	5p	+	16	9712	16106	15198	9730	50746	221	701	177	185	35	32	106	59	49	16	133	63	3	4	3	8	2	2	1	1	0
NZ_LR134378.1	5p	+	17	8289	17361	16463	8630	50743	311	745	230	258	25	23	134	78	41	22	168	98	1	8	5	10	2	5	2	0	0
NZ_LR134378.1	5p	+	18	8830	16709	16794	8412	50745	338	668	238	274	53	17	121	72	40	25	166	83	3	1	9	15	2	3	1	1	0
NZ_LR134378.1	5p	+	19	9789	16002	15361	9593	50745	236	629	214	202	44	20	111	68	31	28	136	78	5	8	5	8	2	2	1	2	0
NZ_LR134378.1	5p	+	20	8524	17359	16050	8809	50742	293	788	236	280	55	25	127	68	50	18	185	80	5	2	5	15	4	4	1	0	0
NZ_LR134378.1	5p	+	21	9129	16694	16625	8297	50745	319	745	245	237	56	16	99	69	47	22	173	87	4	2	5	12	1	5	0	1	0
NZ_LR134378.1	5p	+	22	9708	16209	15173	9657	50747	222	739	203	190	34	26	98	54	40	32	154	92	4	3	8	16	1	1	2	1	0
NZ_LR134378.1	5p	+	23	8463	17283	16270	8730	50746	297	874	218	270	36	20	118	77	30	27	169	93	4	4	4	15	1	3	1	1	0
NZ_LR134378.1	5p	+	24	9004	16705	16595	8443	50747	330	892	254	263	48	23	125	70	37	16	179	89	4	2	6	15	1	3	1	0	0
NZ_LR134378.1	5p	+	25	9809	16033	15071	9834	50747	238	900	171	201	38	34	93	62	31	25	125	88	6	2	14	18	1	2	1	1	0
NZ_LR134378.1	5p	+	26	8535	17234	15938	9036	50743	314	1121	214	273	30	25	107	79	45	17	157	95	2	2	9	21	4	3	1	1	0
NZ_LR134378.1	5p	+	27	9407	16525	16402	8412	50746	337	1232	237	257	46	28	99	71	42	17	186	100	9	0	9	17	1	3	1	1	0
NZ_LR134378.1	5p	+	28	9873	15962	14983	9924	50742	233	1247	211	198	37	25	94	69	36	26	126	91	5	4	6	10	1	3	2	4	0
NZ_LR134378.1	5p	+	29	8958	17159	16022	8609	50748	297	1597	238	218	43	18	146	80	46	23	174	98	2	3	10	9	0	1	2	1	0
NZ_LR134378.1	5p	+	30	9342	16947	16271	8188	50748	333	1700	264	229	52	32	118	84	51	15	209	94	4	1	4	12	0	1	1	2	0
NZ_LR134378.1	5p	+	31	9265	14589	13025	8625	45504	231	1468	177	191	38	27	89	66	32	18	141	77	3	0	3	14	0	1	0	0	0
NZ_LR134378.1	5p	+	32	7162	13913	12456	7160	40691	259	1426	180	209	39	30	109	55	32	16	140	75	0	1	4	8	4	1	0	1	0
NZ_LR134378.1	5p	+	33	6783	12153	11300	5964	36200	205	1264	166	188	44	17	76	63	28	16	119	64	1	1	4	14	0	2	1	0	0
NZ_LR134378.1	5p	+	34	6661	10323	9314	6112	32410	164	1042	115	120	31	28	68	52	25	15	81	45	0	2	4	10	0	0	1	0	0
NZ_LR134378.1	5p	+	35	5120	9858	8767	5108	28853	169	1072	142	126	22	12	74	37	19	14	117	63	1	1	3	9	0	2	0	0	0
NZ_LR134378.1	5p	+	36	4774	8468	8109	4312	25663	150	887	126	131	27	17	56	28	26	10	78	53	2	0	2	9	0	0	1	0	0
NZ_LR134378.1	5p	+	37	4667	7196	6650	4415	22928	98	779	78	99	21	9	35	24	18	9	43	34	0	0	0	5	0	0	1	0	0
NZ_LR134378.1	5p	+	38	3743	6846	6331	3605	20525	104	758	96	104	26	10	52	24	17	8	64	49	1	1	1	7	1	0	0	2	0
NZ_LR134378.1	5p	+	39	3465	6064	5815	3016	18360	117	694	85	85	15	12	25	28	12	7	59	41	0	1	1	3	0	1	0	2	0
NZ_LR134378.1	5p	+	40	3426	5203	4769	3172	16570	81	645	67	58	19	10	31	19	11	4	32	26	1	0	0	4	0	0	0	0	0
NZ_LR134378.1	5p	+	41	2605	5107	4539	2688	14939	102	653	72	74	13	8	28	23	18	6	47	36	0	1	1	2	0	1	0	0	0
NZ_LR134378.1	5p	+	42	2586	4510	4200	2220	13516	73	606	70	58	7	6	36	24	11	6	45	30	1	1	1	5	0	2	0	0	0
NZ_LR134378.1	5p	+	43	2426	3700	3387	2355	11868	60	463	41	51	10	12	21	11	7	14	25	24	1	0	0	3	0	0	0	0	0
NZ_LR134378.1	5p	+	44	1828	3638	3091	1816	10373	48	459	48	55	10	7	22	16	6	4	37	19	1	0	0	0	0	0	0	0	0
NZ_LR134378.1	5p	+	45	1656	2973	2836	1567	9032	56	360	45	41	8	10	21	15	2	5	25	16	1	0	1	3	0	0	0	1	0
NZ_LR134378.1	5p	+	46	1608	2461	2329	1534	7932	28	314	23	32	6	1	14	10	5	6	27	15	0	0	0	1	0	0	0	0	0
NZ_LR134378.1	5p	+	47	1205	2398	2093	1224	6920	34	284	32	29	5	1	15	14	7	1	25	16	0	2	1	2	0	0	0	0	0
NZ_LR134378.1	5p	+	48	1159	2015	1896	974	6044	38	228	28	24	3	7	11	11	4	3	19	6	0	0	0	3	0	0	0	1	0
NZ_LR134378.1	5p	+	49	1058	1666	1542	1019	5285	26	195	10	24	3	3	7	7	8	1	14	7	1	0	0	2	0	0	0	0	0
NZ_LR134378.1	5p	+	50	869	1617	1441	751	4678	20	219	31	23	9	1	8	6	4	0	11	6	0	0	0	3	0	0	0	0	0
NZ_LR134378.1	5p	+	51	812	1383	1226	669	4090	19	188	21	15	9	3	9	3	3	4	13	5	1	0	0	1	0	0	0	0	0
NZ_LR134378.1	5p	+	52	752	1125	1024	711	3612	19	129	12	13	2	2	5	1	2	2	14	11	0	0	0	1	0	0	0	0	0
NZ_LR134378.1	5p	+	53	551	1113	929	577	3170	13	137	11	19	4	3	4	6	2	2	8	3	0	0	0	1	0	0	0	0	0
NZ_LR134378.1	5p	+	54	520	923	846	497	2786	13	106	11	11	2	2	6	3	1	1	9	2	0	1	0	1	0	0	0	0	0
NZ_LR134378.1	5p	+	55	481	815	675	480	2451	10	83	8	4	0	2	3	2	2	1	8	2	0	1	0	1	0	0	0	0	0
NZ_LR134378.1	5p	+	56	389	739	664	377	2169	14	77	4	12	1	2	4	3	2	1	4	6	0	0	0	1	0	0	0	0	0
NZ_LR134378.1	5p	+	57	365	646	561	327	1899	15	79	5	2	2	0	1	2	1	2	3	3	0	0	1	0	0	0	0	0	0
NZ_LR134378.1	5p	+	58	355	521	481	341	1698	7	53	6	7	3	0	3	3	0	2	6	4	1	0	0	0	0	0	0	0	0
NZ_LR134378.1	5p	+	59	250	558	465	250	1523	9	60	7	5	3	2	5	3	0	0	2	8	0	0	1	2	0	0	0	0	0
NZ_LR134378.1	5p	+	60	242	455	434	227	1358	5	42	3	2	2	0	6	2	2	1	1	2	0	0	0	1	0	1	0	0	0
NZ_LR134378.1	5p	+	61	253	356	353	249	1211	9	36	3	3	1	1	4	0	0	3	3	3	0	0	0	0	0	0	0	0	0
NZ_LR134378.1	5p	+	62	193	370	338	199	1100	7	39	6	8	2	2	2	2	2	0	6	2	0	0	0	0	0	0	0	0	0
NZ_LR134378.1	5p	+	63	167	342	301	171	981	8	50	4	4	0	1	1	0	0	2	6	1	0	0	0	0	0	0	0	0	0
NZ_LR134378.1	5p	+	64	187	293	239	180	899	6	39	4	2	1	0	2	0	1	1	0	0	0	0	1	0	0	0	0	0	0
NZ_LR134378.1	5p	+	65	148	276	213	133	770	8	31	4	4	1	1	4	0	1	3	3	4	0	0	0	0	0	0	0	0	0
NZ_LR134378.1	5p	+	66	139	216	204	114	673	5	24	4	5	1	0	0	0	1	1	1	3	0	0	1	0	0	0	0	0	0
NZ_LR134378.1	5p	+	67	137	204	156	98	595	5	31	1	3	0	2	1	0	0	0	0	0	1	0	0	0	1	0	0	0	0
NZ_LR134378.1	5p	+	68	97	176	149	106	528	2	23	1	4	0	1	0	3	0	0	2	4	0	0	0	0	0	0	0	0	0
NZ_LR134378.1	5p	+	69	85	161	135	83	464	0	15	1	5	0	0	2	1	0	2	2	1	0	0	0	0	0	0	0	0	0
NZ_LR134378.1	5p	+	70	88	127	122	74	411	2	11	1	2	0	1	0	1	0	1	0	0	0	0	0	0	0	0	0	0	0
NZ_LR134378.1	5p	-	1	11708	18119	9815	11441	51083	351	4873	176	232	50	81	86	118	28	43	114	146	0	0	0	0	0	0	0	0	3
NZ_LR134378.1	5p	-	2	10152	18414	13853	8664	51083	422	2842	282	256	62	40	136	85	46	41	172	128	1	2	1	0	0	0	0	0	2
NZ_LR134378.1	5p	-	3	9695	16191	17427	7769	51082	411	1504	332	239	43	38	125	88	48	33	155	79	1	0	3	2	0	1	0	0	0
NZ_LR134378.1	5p	-	4	10315	16486	14819	9461	51081	276	1699	209	218	42	39	100	69	43	26	130	100	2	1	0	0	1	1	0	0	0
NZ_LR134378.1	5p	-	5	8129	18419	15638	8881	51067	317	1547	250	305	58	24	124	80	50	27	178	94	0	2	3	1	3	6	6	1	0
NZ_LR134378.1	5p	-	6	8627	16873	16612	8964	51076	333	1448	291	243	58	38	147	83	47	24	170	110	3	1	7	4	1	0	3	1	0
NZ_LR134378.1	5p	-	7	9446	16433	15510	9683	51072	212	1084	185	230	34	33	85	47	30	21	130	67	3	1	5	8	4	0	2	5	0
NZ_LR134378.1	5p	-	8	8538	17247	16872	8421	51078	360	1073	254	252	46	30	124	65	51	28	173	91	3	3	4	2	0	0	4	1	0
NZ_LR134378.1	5p	-	9	9107	16875	16348	8747	51077	325	1016	301	261	46	27	138	73	31	25	162	92	3	1	4	7	1	1	2	2	0
NZ_LR134378.1	5p	-	10	9643	16327	15413	9691	51074	262	790	198	189	28	31	98	56	41	20	126	69	2	3	2	5	2	2	3	2	0
NZ_LR134378.1	5p	-	11	8196	17830	15924	9123	51073	280	891	275	288	47	23	118	61	41	22	176	88	3	2	9	6	3	1	2	3	0
NZ_LR134378.1	5p	-	12	8805	16898	16939	8432	51074	311	819	260	221	57	30	117	61	45	26	163	74	3	4	3	8	1	3	3	2	0
NZ_LR134378.1	5p	-	13	9726	16198	15410	9740	51074	243	701	205	206	37	18	102	46	34	17	146	94	2	2	5	9	4	1	4	0	0
NZ_LR134378.1	5p	-	14	8582	17385	16200	8905	51072	327	739	234	249	57	27	122	50	43	20	159	90	6	1	3	9	2	1	4	4	0
NZ_LR134378.1	5p	-	15	8783	16959	16748	8589	51079	321	814	255	258	57	17	131	77	49	23	156	85	1	4	4	10	1	2	1	0	0
NZ_LR134378.1	5p	-	16	9666	16256	15428	9730	51080	245	697	224	199	41	25	100	61	35	22	120	64	4	5	4	12	1	1	0	1	0
NZ_LR134378.1	5p	-	17	8412	17426	16413	8827	51078	286	693	237	262	56	29	122	67	44	19	164	92	6	5	1	10	3	1	0	1	0
NZ_LR134378.1	5p	-	18	8820	16981	16909	8364	51074	278	733	273	245	54	26	157	72	33	25	164	96	4	4	4	12	1	3	3	2	0
NZ_LR134378.1	5p	-	19	9627	16203	15521	9726	51077	224	673	190	213	34	32	84	54	41	20	146	77	7	3	6	9	4	1	1	0	0
NZ_LR134378.1	5p	-	20	8449	17478	16261	8888	51076	291	823	227	262	58	29	133	77	48	21	164	84	2	6	5	10	1	4	1	1	0
NZ_LR134378.1	5p	-	21	8835	16969	16742	8529	51075	323	793	260	248	50	35	150	69	35	20	184	107	4	7	12	14	2	2	2	2	0
NZ_LR134378.1	5p	-	22	9609	16397	15178	9894	51078	215	755	198	197	50	28	111	64	38	21	151	80	5	7	6	19	2	1	2	0	0
NZ_LR134378.1	5p	-	23	8345	17490	16199	9046	51080	284	934	225	295	59	22	135	58	34	17	182	79	5	7	11	17	1	1	0	1	0
NZ_LR134378.1	5p	-	24	8908	16952	16661	8557	51078	331	975	270	229	45	27	143	75	44	19	178	97	2	4	5	15	2	2	0	1	0
NZ_LR134378.1	5p	-	25	9747	16163	15131	10031	51072	235	906	194	200	52	26	84	58	45	22	169	83	3	1	7	21	1	3	3	4	0
NZ_LR134378.1	5p	-	26	8675	17312	15959	9129	51075	299	1091	244	273	52	27	131	86	42	18	175	96	2	3	9	26	2	3	1	2	0
NZ_LR134378.1	5p	-	27	9070	16694	16647	8664	51075	339	1231	266	249	54	21	119	77	42	21	178	122	6	3	10	16	1	3	2	2	0
NZ_LR134378.1	5p	-	28	10026	15919	15284	9846	51075	236	1145	210	212	46	29	95	61	39	23	134	61	3	6	7	11	1	3	2	1	0
NZ_LR134378.1	5p	-	29	9024	17130	15971	8948	51073	322	1534	245	224	49	27	126	87	54	27	166	98	2	4	8	20	3	3	3	1	0
NZ_LR134378.1	5p	-	30	9255	17224	16195	8406	51080	337	1757	247	245	50	45	127	66	47	17	190	116	5	2	6	8	0	0	2	1	0
NZ_LR134378.1	5p	-	31	9249	14626	13288	8794	45957	237	1481	167	192	48	27	93	56	32	24	130	78	2	2	2	11	0	1	1	2	0
NZ_LR134378.1	5p	-	32	7295	14186	12633	7166	41280	270	1540	197	223	28	26	90	57	28	20	127	70	3	2	5	8	2	2	0	1	0
NZ_LR134378.1	5p	-	33	6819	12178	11737	5999	36733	248	1321	165	157	40	22	92	46	23	14	119	77	6	0	5	6	0	2	0	1	0
NZ_LR134378.1	5p	-	34	6716	10455	9417	6211	32799	156	1034	117	131	19	21	71	44	19	14	98	49	1	1	0	11	0	0	0	0	0
NZ_LR134378.1	5p	-	35	5085	9922	8823	5342	29172	183	1080	148	147	24	18	76	38	25	14	101	75	1	2	2	6	0	1	1	0	0
NZ_LR134378.1	5p	-	36	4817	8701	8127	4287	25932	165	958	127	126	31	17	59	38	18	11	74	56	0	1	7	3	0	0	1	0	0
NZ_LR134378.1	5p	-	37	4625	7246	6612	4599	23082	110	740	96	87	15	13	43	31	16	8	67	34	2	3	0	11	0	0	0	0	0
NZ_LR134378.1	5p	-	38	3591	6996	6385	3668	20640	128	763	98	102	18	10	47	30	20	11	66	33	1	3	4	5	1	0	1	0	0
NZ_LR134378.1	5p	-	39	3378	6087	5861	3156	18482	120	666	77	80	10	13	35	24	16	7	53	41	0	4	2	3	0	1	1	1	0
NZ_LR134378.1	5p	-	40	3406	5280	4688	3239	16613	91	625	71	66	9	12	33	12	12	11	36	28	0	1	0	4	1	0	1	0	0
NZ_LR134378.1	5p	-	41	2622	5179	4576	2646	15023	90	689	73	81	12	15	27	20	8	13	55	33	0	0	3	3	1	0	2	0	0
NZ_LR134378.1	5p	-	42	2506	4535	4232	2321	13594	97	595	78	65	14	7	24	14	13	5	45	32	0	1	0	5	0	1	0	0	0
NZ_LR134378.1	5p	-	43	2465	3706	3425	2282	11878	62	487	39	38	11	6	20	16	7	9	32	30	2	1	2	1	1	1	0	0	0
NZ_LR134378.1	5p	-	44	1828	3546	3099	1898	10371	61	429	45	53	12	12	23	18	6	3	26	24	1	1	1	3	1	1	2	0	0
NZ_LR134378.1	5p	-	45	1684	2957	2887	1490	9018	61	378	51	41	6	6	14	12	6	6	31	19	0	0	0	2	0	0	0	0	0
NZ_LR134378.1	5p	-	46	1590	2485	2254	1522	7851	42	301	24	30	6	3	17	10	4	1	16	19	0	0	0	0	0	0	0	0	0
NZ_LR134378.1	5p	-	47	1254	2390	2037	1208	6889	45	301	25	40	7	5	17	6	7	3	12	16	0	0	1	2	0	0	1	0	0
NZ_LR134378.1	5p	-	48	1128	1951	1876	1021	5976	38	222	22	22	8	1	17	14	8	5	15	12	0	0	0	0	0	0	0	0	0
NZ_LR134378.1	5p	-	49	1070	1678	1546	1003	5297	24	215	26	21	5	3	6	5	7	4	16	8	0	0	0	0	0	0	0	0	0
NZ_LR134378.1	5p	-	50	813	1556	1430	852	4651	34	191	21	20	4	4	7	9	4	5	13	2	0	0	0	1	0	1	0	0	0
NZ_LR134378.1	5p	-	51	771	1348	1270	674	4063	30	141	21	11	3	4	10	4	1	2	12	1	0	0	0	0	0	0	1	0	0
NZ_LR134378.1	5p	-	52	733	1175	1012	689	3609	26	146	15	10	2	1	8	7	1	3	7	5	0	0	0	0	0	0	0	0	0
NZ_LR134378.1	5p	-	53	568	1075	954	562	3159	18	127	20	12	3	3	8	6	2	0	8	4	0	0	0	0	0	0	0	0	0
NZ_LR134378.1	5p	-	54	487	915	862	543	2807	17	118	14	16	1	1	12	1	2	0	9	7	0	0	0	0	0	0	0	0	0
NZ_LR134378.1	5p	-	55	503	726	725	495	2449	10	107	11	4	2	0	7	4	3	2	3	3	0	0	0	1	0	0	0	0	0
NZ_LR134378.1	5p	-	56	372	750	660	419	2201	9	82	9	7	5	0	5	4	3	0	3	5	0	0	1	1	0	0	0	0	0
NZ_LR134378.1	5p	-	57	370	649	586	356	1961	16	63	9	9	3	3	3	3	3	0	6	4	0	0	0	1	0	0	0	0	0
NZ_LR134378.1	5p	-	58	353	560	480	358	1751	6	67	5	5	0	0	4	1	0	1	3	3	0	0	0	0	0	0	0	0	0
NZ_LR134378.1	5p	-	59	252	550	462	284	1548	7	73	2	6	2	0	1	4	1	1	4	2	0	0	0	0	0	0	0	0	0
NZ_LR134378.1	5p	-	60	257	454	429	233	1373	9	57	8	4	2	1	3	4	2	0	4	4	0	0	0	0	0	0	0	0	0
NZ_LR134378.1	5p	-	61	242	397	346	254	1239	5	53	5	2	0	1	3	2	1	0	3	5	0	0	1	1	0	0	0	0	0
NZ_LR134378.1	5p	-	62	207	344	360	208	1119	6	35	9	5	2	0	5	2	0	0	1	0	0	1	0	0	0	0	0	0	0
NZ_LR134378.1	5p	-	63	171	307	331	207	1016	4	35	3	7	1	1	3	0	1	0	5	2	0	0	1	2	0	0	0	0	0
NZ_LR134378.1	5p	-	64	186	306	257	187	936	4	36	4	4	1	0	1	2	0	0	1	3	0	0	0	0	0	0	0	0	0
NZ_LR134378.1	5p	-	65	150	300	245	127	822	2	42	4	5	0	2	1	3	2	0	2	1	0	0	0	0	0	0	0	0	0
NZ_LR134378.1	5p	-	66	155	221	234	113	723	2	31	2	2	0	0	4	1	0	0	5	1	0	0	0	1	0	0	0	0	0
NZ_LR134378.1	5p	-	67	128	206	180	121	635	2	30	4	4	1	0	1	0	0	1	2	2	0	0	0	0	0	0	0	0	0
NZ_LR134378.1	5p	-	68	104	193	162	99	558	2	23	3	5	1	0	0	1	0	0	0	2	0	0	0	0	0	0	0	0	0
NZ_LR134378.1	5p	-	69	106	142	164	86	498	1	18	1	3	0	0	0	2	0	0	4	0	0	0	0	1	0	0	0	0	0
NZ_LR134378.1	5p	-	70	84	149	122	76	431	4	12	1	0	0	0	0	0	0	0	0	0	0	0	0	0	0	0	0	0	0
