# table produced by mapDamage version 2.2.3
# using mapped file /mnt/archgen/microbiome_calculus/library_ds_vs_ss/04-analysis/normalize_kraken/mapping/lautropia_mirabilis/out/BAN001.A0101.SG1.1_5M.mapped_l_mirabilis_q25l30_rmdup.bam and /mnt/archgen/microbiome_calculus/library_ds_vs_ss/04-analysis/normalize_kraken/mapping/lautropia_mirabilis/input/GCF_900637555.1_51726_E01_genomic.fna as reference file
# Chr: reference from sam/bam header, End: from which termini of DNA sequences, Std: strand of reads
Chr	End	Std	Pos	A	C	G	T	Total	G>A	C>T	A>G	T>C	A>C	A>T	C>G	C>A	T>G	T>A	G>C	G>T	A>-	T>-	C>-	G>-	->A	->T	->C	->G	S
NZ_LR134378.1	3p	+	1	5	19	21	10	55	0	1	0	0	0	0	1	1	0	0	1	0	0	0	0	0	0	0	0	0	0
NZ_LR134378.1	3p	+	2	11	18	23	3	55	0	0	0	0	0	0	1	0	0	0	2	0	0	0	0	0	0	0	0	0	0
NZ_LR134378.1	3p	+	3	12	11	23	9	55	0	0	0	0	0	0	0	0	0	0	3	0	0	0	0	0	0	0	0	0	0
NZ_LR134378.1	3p	+	4	6	16	22	11	55	0	0	1	0	0	0	0	0	0	0	0	1	0	0	0	0	0	0	0	0	0
NZ_LR134378.1	3p	+	5	9	17	17	12	55	0	1	0	0	0	0	0	0	0	0	4	0	0	0	0	0	0	0	0	0	0
NZ_LR134378.1	3p	+	6	12	12	20	11	55	1	0	0	0	0	0	0	0	0	0	0	0	0	0	0	0	0	0	0	0	0
NZ_LR134378.1	3p	+	7	11	17	17	10	55	0	0	1	0	0	0	1	1	0	0	0	0	0	0	0	0	0	0	0	0	0
NZ_LR134378.1	3p	+	8	11	16	20	8	55	0	0	0	0	0	0	0	1	0	0	1	1	0	0	0	0	0	0	0	0	0
NZ_LR134378.1	3p	+	9	11	14	16	14	55	0	2	0	0	0	0	0	0	0	0	0	0	0	0	0	0	0	0	0	0	0
NZ_LR134378.1	3p	+	10	12	25	10	7	54	0	0	1	0	0	0	0	0	0	0	0	0	0	0	0	0	0	0	1	0	0
NZ_LR134378.1	3p	+	11	6	22	22	5	55	0	1	0	0	0	0	0	0	1	0	1	0	0	0	0	0	0	0	0	0	0
NZ_LR134378.1	3p	+	12	5	15	25	9	54	2	1	0	0	0	0	1	0	0	0	0	0	0	0	0	0	0	0	1	0	0
NZ_LR134378.1	3p	+	13	6	16	20	13	55	0	0	0	0	0	0	1	0	0	0	0	0	0	0	0	0	0	0	0	0	0
NZ_LR134378.1	3p	+	14	12	16	20	7	55	0	0	1	0	0	0	0	2	0	0	0	0	0	0	0	0	0	0	0	0	0
NZ_LR134378.1	3p	+	15	9	13	23	10	55	0	1	1	2	0	0	0	1	0	0	0	0	0	0	0	0	0	0	0	0	0
NZ_LR134378.1	3p	+	16	14	16	17	8	55	0	0	0	1	0	0	0	0	0	1	0	1	0	0	0	0	0	0	0	0	0
NZ_LR134378.1	3p	+	17	10	24	13	8	55	1	0	0	0	0	0	1	0	0	0	0	0	0	0	0	0	0	0	0	0	0
NZ_LR134378.1	3p	+	18	11	15	19	10	55	0	0	2	0	0	0	0	1	0	0	3	0	0	0	0	0	0	0	0	0	0
NZ_LR134378.1	3p	+	19	19	18	16	2	55	0	1	1	0	0	0	0	0	0	0	0	0	0	0	0	0	0	0	0	0	0
NZ_LR134378.1	3p	+	20	12	19	13	11	55	1	1	0	0	0	0	1	0	0	0	1	0	0	0	0	0	0	0	0	0	0
NZ_LR134378.1	3p	+	21	5	15	22	13	55	0	1	0	1	0	0	3	0	0	0	0	0	0	0	0	0	0	0	0	0	0
NZ_LR134378.1	3p	+	22	5	20	20	10	55	0	2	0	1	0	0	0	1	1	0	0	0	0	0	0	0	0	0	0	0	0
NZ_LR134378.1	3p	+	23	11	15	19	10	55	0	2	0	0	0	0	0	0	0	0	3	1	0	0	0	0	0	0	0	0	0
NZ_LR134378.1	3p	+	24	9	21	21	4	55	1	0	0	0	0	0	0	1	0	0	1	0	0	0	0	0	0	0	0	0	0
NZ_LR134378.1	3p	+	25	8	14	20	13	55	0	0	0	1	0	0	0	0	0	0	0	0	0	0	0	0	0	0	0	0	0
NZ_LR134378.1	3p	+	26	13	19	14	9	55	0	0	0	0	0	0	1	0	0	0	1	0	0	0	0	0	0	0	0	0	0
NZ_LR134378.1	3p	+	27	18	14	15	8	55	0	0	0	1	1	1	0	0	0	0	2	0	0	0	0	0	0	0	0	0	0
NZ_LR134378.1	3p	+	28	7	14	25	9	55	1	0	0	0	0	0	2	0	0	0	0	0	0	0	0	0	0	0	0	0	0
NZ_LR134378.1	3p	+	29	8	15	20	12	55	1	1	0	0	0	1	0	0	1	0	0	0	0	0	0	0	0	0	0	0	0
NZ_LR134378.1	3p	+	30	10	22	16	7	55	0	0	0	0	0	0	0	0	0	0	0	0	0	0	0	0	0	0	0	0	0
NZ_LR134378.1	3p	+	31	9	17	19	5	50	0	0	0	0	1	0	1	0	0	0	1	1	0	0	0	0	0	0	0	0	0
NZ_LR134378.1	3p	+	32	7	16	10	12	45	1	0	0	1	0	0	3	1	0	0	0	0	0	0	0	0	0	0	0	0	0
NZ_LR134378.1	3p	+	33	7	6	15	9	37	0	0	0	2	0	0	0	1	0	0	0	0	0	0	0	0	0	0	0	0	0
NZ_LR134378.1	3p	+	34	6	12	12	3	33	0	0	0	1	0	0	0	0	0	0	1	0	0	0	0	0	0	0	0	0	0
NZ_LR134378.1	3p	+	35	6	12	9	4	31	0	1	0	2	0	0	0	0	0	0	1	0	0	0	0	0	0	0	0	0	0
NZ_LR134378.1	3p	+	36	5	15	6	3	29	0	0	0	0	0	0	0	0	0	0	0	0	0	0	0	0	0	0	0	0	0
NZ_LR134378.1	3p	+	37	7	9	10	3	29	0	0	0	0	0	0	0	0	0	0	0	0	0	0	0	0	0	0	0	0	0
NZ_LR134378.1	3p	+	38	7	10	8	3	28	1	1	0	0	0	0	0	0	0	0	0	0	0	0	0	0	0	0	0	0	0
NZ_LR134378.1	3p	+	39	5	7	7	6	25	0	0	0	0	0	0	0	0	0	0	1	0	0	0	0	0	0	0	0	0	0
NZ_LR134378.1	3p	+	40	4	7	7	3	21	0	0	0	0	0	0	0	0	0	0	0	0	0	0	0	0	0	0	0	0	0
NZ_LR134378.1	3p	+	41	6	6	4	3	19	0	0	0	0	0	0	0	0	0	0	0	0	0	0	0	0	0	0	0	0	0
NZ_LR134378.1	3p	+	42	2	10	4	3	19	0	0	0	0	0	0	1	0	0	0	0	0	0	0	0	0	0	0	0	0	0
NZ_LR134378.1	3p	+	43	2	6	7	3	18	0	0	0	0	0	0	0	0	0	0	0	0	0	0	0	0	0	0	0	0	0
NZ_LR134378.1	3p	+	44	3	8	1	3	15	0	1	0	0	0	0	0	0	0	0	0	0	0	0	0	0	0	0	0	0	0
NZ_LR134378.1	3p	+	45	2	3	7	2	14	0	0	0	0	0	0	0	0	0	0	1	0	0	0	0	0	0	0	0	0	0
NZ_LR134378.1	3p	+	46	2	4	4	3	13	0	0	0	1	0	0	0	0	0	0	0	0	0	0	0	0	0	0	0	0	0
NZ_LR134378.1	3p	+	47	4	2	3	2	11	1	0	0	0	0	0	0	0	0	0	0	0	0	0	0	0	0	0	0	0	0
NZ_LR134378.1	3p	+	48	2	4	3	1	10	0	0	0	0	0	0	0	0	0	0	0	0	0	0	0	0	0	0	0	0	0
NZ_LR134378.1	3p	+	49	2	3	4	0	9	0	0	0	0	0	0	0	0	0	0	0	0	0	0	0	0	0	0	0	0	0
NZ_LR134378.1	3p	+	50	1	2	3	2	8	0	0	0	0	0	0	0	0	0	0	1	0	0	0	0	0	0	0	0	0	0
NZ_LR134378.1	3p	+	51	1	1	3	2	7	0	0	0	0	0	0	0	0	0	0	0	0	0	0	0	0	0	0	0	0	0
NZ_LR134378.1	3p	+	52	2	3	2	0	7	0	0	0	0	0	0	0	0	0	0	0	0	0	0	0	0	0	0	0	0	0
NZ_LR134378.1	3p	+	53	2	2	2	0	6	0	0	0	0	0	0	0	0	0	0	0	0	0	0	0	0	0	0	0	0	0
NZ_LR134378.1	3p	+	54	2	1	2	1	6	0	0	0	0	0	0	0	0	0	0	0	0	0	0	0	0	0	0	0	0	0
NZ_LR134378.1	3p	+	55	0	1	1	2	4	0	0	0	0	0	0	0	0	0	0	0	0	0	0	0	0	0	0	0	0	0
NZ_LR134378.1	3p	+	56	1	1	1	1	4	0	0	0	0	0	0	0	0	0	0	0	0	0	0	0	0	0	0	0	0	0
NZ_LR134378.1	3p	+	57	1	2	0	0	3	0	0	0	0	0	0	0	0	0	0	0	0	0	0	0	0	0	0	0	0	0
NZ_LR134378.1	3p	+	58	0	0	3	0	3	0	0	0	0	0	0	0	0	0	0	0	0	0	0	0	0	0	0	0	0	0
NZ_LR134378.1	3p	+	59	0	1	0	2	3	0	0	0	0	0	0	0	0	0	0	0	0	0	0	0	0	0	0	0	0	0
NZ_LR134378.1	3p	+	60	0	1	1	1	3	0	0	0	0	0	0	0	0	0	0	0	0	0	0	0	0	0	0	0	0	0
NZ_LR134378.1	3p	+	61	0	1	1	1	3	0	0	0	0	0	0	0	0	0	0	0	0	0	0	0	0	0	0	0	0	0
NZ_LR134378.1	3p	+	62	0	2	0	0	2	0	0	0	0	0	0	0	0	0	0	0	0	0	0	0	0	0	0	0	0	0
NZ_LR134378.1	3p	+	63	1	0	0	0	1	0	0	0	0	0	0	0	0	0	0	0	0	0	0	0	0	0	0	0	0	0
NZ_LR134378.1	3p	+	64	0	0	1	0	1	0	0	0	0	0	0	0	0	0	0	0	0	0	0	0	0	0	0	0	0	0
NZ_LR134378.1	3p	+	65	0	0	1	0	1	0	0	0	0	0	0	0	0	0	0	0	0	0	0	0	0	0	0	0	0	0
NZ_LR134378.1	3p	+	66	1	0	0	0	1	0	0	0	0	0	0	0	0	0	0	0	0	0	0	0	0	0	0	0	0	0
NZ_LR134378.1	3p	+	67	0	0	1	0	1	0	0	0	0	0	0	0	0	0	0	0	0	0	0	0	0	0	0	0	0	0
NZ_LR134378.1	3p	+	68	1	0	0	0	1	0	0	0	0	0	0	0	0	0	0	0	0	0	0	0	0	0	0	0	0	0
NZ_LR134378.1	3p	+	69	0	0	1	0	1	0	0	0	0	0	0	0	0	0	0	0	0	0	0	0	0	0	0	0	0	0
NZ_LR134378.1	3p	+	70	0	0	1	0	1	0	0	0	0	0	0	0	0	0	0	0	0	0	0	0	0	0	0	0	0	0
NZ_LR134378.1	3p	-	1	16	17	29	12	74	1	0	0	1	0	0	0	0	0	0	1	0	0	0	0	0	0	0	0	0	0
NZ_LR134378.1	3p	-	2	26	19	17	12	74	0	0	0	2	0	0	1	0	1	0	1	0	0	0	0	0	0	0	0	0	0
NZ_LR134378.1	3p	-	3	14	16	31	13	74	1	0	0	3	1	0	2	1	0	0	1	0	0	0	0	0	0	0	0	0	0
NZ_LR134378.1	3p	-	4	15	18	24	17	74	0	1	0	0	0	0	1	1	0	0	1	0	0	0	0	0	0	0	0	0	0
NZ_LR134378.1	3p	-	5	15	22	26	11	74	0	2	0	0	1	0	1	1	0	0	1	0	0	0	0	0	0	0	0	0	0
NZ_LR134378.1	3p	-	6	11	23	24	16	74	1	2	0	2	0	0	1	0	1	0	1	1	0	0	0	0	0	0	0	0	0
NZ_LR134378.1	3p	-	7	12	21	23	18	74	1	0	1	0	0	0	1	0	1	0	1	2	0	0	0	0	0	0	0	0	0
NZ_LR134378.1	3p	-	8	13	22	27	12	74	0	1	0	1	0	0	1	0	0	0	0	1	0	0	0	0	0	0	0	0	0
NZ_LR134378.1	3p	-	9	11	23	26	14	74	0	0	0	2	0	0	0	0	0	0	1	1	0	0	0	0	0	0	0	0	0
NZ_LR134378.1	3p	-	10	15	20	24	15	74	0	0	2	0	0	0	0	2	0	0	0	0	0	0	0	0	0	0	0	0	0
NZ_LR134378.1	3p	-	11	13	28	23	10	74	2	3	0	0	0	0	0	1	0	0	0	2	0	0	0	0	0	0	0	0	0
NZ_LR134378.1	3p	-	12	7	34	18	15	74	0	0	1	2	0	0	0	0	0	0	1	0	0	0	0	0	0	0	0	0	0
NZ_LR134378.1	3p	-	13	13	21	27	13	74	1	0	2	0	0	0	0	1	0	0	0	0	0	0	0	0	0	0	0	0	0
NZ_LR134378.1	3p	-	14	20	24	18	12	74	0	2	0	0	0	0	0	0	0	0	0	0	0	0	0	0	0	0	0	0	0
NZ_LR134378.1	3p	-	15	14	29	21	10	74	1	1	0	0	0	0	0	0	0	0	3	0	0	0	0	0	0	0	0	0	0
NZ_LR134378.1	3p	-	16	14	19	28	13	74	1	0	0	0	1	0	0	2	0	0	1	0	0	0	0	0	0	0	0	0	0
NZ_LR134378.1	3p	-	17	15	22	27	10	74	1	1	0	0	0	0	0	0	0	1	2	0	0	0	0	0	0	0	0	0	0
NZ_LR134378.1	3p	-	18	9	27	26	12	74	0	0	0	0	0	0	1	1	0	0	2	0	0	0	0	0	0	0	0	0	0
NZ_LR134378.1	3p	-	19	9	26	25	14	74	0	0	1	1	0	0	1	0	0	0	2	0	0	0	0	0	0	0	0	0	0
NZ_LR134378.1	3p	-	20	14	22	24	14	74	1	0	1	0	0	0	2	0	0	0	1	0	0	0	0	0	0	0	0	0	0
NZ_LR134378.1	3p	-	21	11	26	21	16	74	0	0	1	1	0	0	1	0	1	0	2	0	1	0	0	0	0	0	0	0	0
NZ_LR134378.1	3p	-	22	13	18	32	11	74	4	0	0	0	0	0	1	0	0	0	0	0	0	0	0	0	0	0	0	0	0
NZ_LR134378.1	3p	-	23	15	26	23	10	74	0	2	0	0	0	0	0	1	0	0	0	0	0	0	0	0	0	0	0	0	0
NZ_LR134378.1	3p	-	24	5	29	25	15	74	2	1	1	0	0	0	1	1	1	0	1	1	0	0	0	0	0	0	0	0	0
NZ_LR134378.1	3p	-	25	13	25	21	15	74	2	0	0	1	0	0	0	0	0	0	0	0	0	0	0	0	0	0	0	0	0
NZ_LR134378.1	3p	-	26	20	21	23	10	74	2	3	0	0	0	0	0	1	0	0	0	0	0	0	0	0	0	0	0	0	0
NZ_LR134378.1	3p	-	27	14	25	25	10	74	0	0	1	0	1	0	0	0	0	0	0	3	0	0	0	0	0	0	0	0	0
NZ_LR134378.1	3p	-	28	13	26	25	10	74	0	0	0	0	1	0	0	3	0	0	0	0	0	0	0	0	0	0	0	0	0
NZ_LR134378.1	3p	-	29	9	27	26	12	74	3	0	0	0	0	0	2	0	0	1	0	0	0	0	0	0	0	0	0	0	0
NZ_LR134378.1	3p	-	30	13	25	22	14	74	3	0	1	2	0	1	3	1	0	1	2	0	0	0	0	0	0	0	0	0	0
NZ_LR134378.1	3p	-	31	9	19	20	19	67	1	1	0	0	0	0	0	0	0	0	1	1	0	0	0	0	0	0	0	0	0
NZ_LR134378.1	3p	-	32	13	18	14	12	57	1	0	0	0	0	0	0	1	0	0	0	0	0	0	0	0	0	0	0	0	0
NZ_LR134378.1	3p	-	33	13	20	11	9	53	0	3	0	0	0	0	1	0	0	0	0	0	0	0	0	0	0	0	0	0	0
NZ_LR134378.1	3p	-	34	10	13	12	14	49	0	0	0	3	0	0	0	0	0	0	1	0	0	0	0	0	0	0	0	0	0
NZ_LR134378.1	3p	-	35	12	16	10	5	43	2	1	0	0	0	0	1	1	0	0	0	1	0	0	0	0	0	0	0	0	0
NZ_LR134378.1	3p	-	36	7	16	15	5	43	0	2	1	1	0	0	1	0	0	0	1	0	0	0	0	0	0	0	0	0	0
NZ_LR134378.1	3p	-	37	9	14	12	4	39	1	1	0	0	1	0	0	0	0	0	0	0	0	0	0	0	0	0	0	0	0
NZ_LR134378.1	3p	-	38	8	8	14	5	35	2	0	0	0	0	0	0	0	0	0	0	0	0	0	0	0	0	0	0	0	0
NZ_LR134378.1	3p	-	39	6	13	10	3	32	0	0	1	1	0	0	0	0	0	0	0	0	0	0	0	0	0	0	0	0	0
NZ_LR134378.1	3p	-	40	8	9	8	5	30	0	0	0	1	0	0	0	0	0	0	0	0	0	0	0	0	0	0	0	0	0
NZ_LR134378.1	3p	-	41	7	9	8	5	29	0	0	0	0	0	0	1	0	0	0	0	1	0	0	0	0	0	0	0	0	0
NZ_LR134378.1	3p	-	42	1	16	7	5	29	0	0	0	0	0	0	1	0	1	0	0	0	0	0	0	0	0	0	0	0	0
NZ_LR134378.1	3p	-	43	2	12	4	4	22	0	0	0	0	0	0	2	0	1	0	0	0	0	0	0	0	0	0	0	0	0
NZ_LR134378.1	3p	-	44	2	1	7	4	14	0	0	0	0	0	0	0	0	0	0	1	0	0	0	0	0	0	0	0	0	0
NZ_LR134378.1	3p	-	45	2	3	1	5	11	0	0	0	0	0	1	0	0	0	0	0	0	0	0	0	0	0	0	0	0	0
NZ_LR134378.1	3p	-	46	0	4	3	3	10	0	0	0	1	0	0	0	0	0	0	0	0	0	0	0	0	0	0	0	0	0
NZ_LR134378.1	3p	-	47	4	3	1	1	9	0	0	1	0	0	0	0	0	0	0	0	0	0	0	0	0	0	0	0	0	0
NZ_LR134378.1	3p	-	48	1	2	3	2	8	0	0	0	0	0	0	0	0	0	0	0	0	0	0	0	0	0	0	0	0	0
NZ_LR134378.1	3p	-	49	1	2	2	3	8	0	0	0	0	0	0	0	0	0	0	0	0	0	0	0	0	0	0	0	0	0
NZ_LR134378.1	3p	-	50	2	2	3	1	8	0	0	0	0	0	0	0	0	0	0	0	0	0	0	0	0	0	0	0	0	0
NZ_LR134378.1	3p	-	51	1	1	2	2	6	0	0	0	0	0	0	0	0	0	0	0	0	0	0	0	0	0	0	0	0	0
NZ_LR134378.1	3p	-	52	1	1	2	2	6	0	0	0	0	0	0	0	0	0	0	1	0	0	0	0	0	0	0	0	0	0
NZ_LR134378.1	3p	-	53	2	1	1	1	5	0	0	0	0	0	0	0	0	0	0	0	0	0	0	0	0	0	0	0	0	0
NZ_LR134378.1	3p	-	54	1	1	2	1	5	0	0	0	0	0	0	0	0	0	0	0	0	0	0	0	0	0	0	0	0	0
NZ_LR134378.1	3p	-	55	0	3	2	0	5	0	0	0	0	0	0	1	0	0	0	0	0	0	0	0	0	0	0	0	0	0
NZ_LR134378.1	3p	-	56	1	3	0	0	4	0	0	0	0	0	0	0	0	0	0	0	0	0	0	0	0	0	0	0	0	0
NZ_LR134378.1	3p	-	57	1	2	1	0	4	0	0	0	0	0	0	0	0	0	0	0	0	0	0	0	0	0	0	0	0	0
NZ_LR134378.1	3p	-	58	0	1	2	1	4	0	0	0	0	0	0	0	0	0	0	0	0	0	0	0	0	0	0	0	0	0
NZ_LR134378.1	3p	-	59	2	0	2	0	4	0	0	0	0	0	0	0	0	0	0	0	0	0	0	0	0	0	0	0	0	0
NZ_LR134378.1	3p	-	60	1	0	1	1	3	0	0	0	0	0	0	0	0	0	0	0	0	0	0	0	0	0	0	0	0	0
NZ_LR134378.1	3p	-	61	0	2	0	1	3	0	0	0	0	0	0	0	0	0	0	0	0	0	0	0	0	0	0	0	0	0
NZ_LR134378.1	3p	-	62	0	0	2	1	3	0	0	0	0	0	0	0	0	0	0	0	0	0	0	0	0	0	0	0	0	0
NZ_LR134378.1	3p	-	63	1	1	0	1	3	0	0	0	0	0	0	0	0	0	0	0	0	0	0	0	0	0	0	0	0	0
NZ_LR134378.1	3p	-	64	0	3	0	0	3	0	0	0	0	0	0	0	0	0	0	0	0	0	0	0	0	0	0	0	0	0
NZ_LR134378.1	3p	-	65	2	0	0	1	3	0	0	0	0	0	0	0	0	0	0	0	0	0	0	0	0	0	0	0	0	0
NZ_LR134378.1	3p	-	66	0	1	0	1	2	0	0	0	0	0	0	0	0	0	0	0	0	0	0	0	0	0	0	0	0	0
NZ_LR134378.1	3p	-	67	0	2	0	0	2	0	0	0	0	0	0	0	0	0	0	0	0	0	0	0	0	0	0	0	0	0
NZ_LR134378.1	3p	-	68	0	2	0	0	2	0	0	0	0	0	0	0	0	0	0	0	0	0	0	0	0	0	0	0	0	0
NZ_LR134378.1	3p	-	69	1	0	0	1	2	0	0	0	1	0	0	0	0	0	0	0	0	0	0	0	0	0	0	0	0	0
NZ_LR134378.1	3p	-	70	0	1	1	0	2	0	0	0	0	0	0	0	0	0	0	0	0	0	0	0	0	0	0	0	0	0
NZ_LR134378.1	5p	+	1	14	17	17	7	55	0	0	0	0	0	0	0	1	0	0	1	0	0	0	0	0	0	0	0	0	0
NZ_LR134378.1	5p	+	2	8	21	13	13	55	0	2	0	1	0	0	0	0	0	0	0	0	0	0	0	0	0	0	0	0	0
NZ_LR134378.1	5p	+	3	5	20	25	5	55	1	0	0	0	0	1	0	0	0	0	1	0	0	0	0	0	0	0	0	0	0
NZ_LR134378.1	5p	+	4	12	15	17	11	55	0	0	0	1	1	0	0	0	0	0	1	0	0	0	0	0	0	0	0	0	0
NZ_LR134378.1	5p	+	5	12	18	14	11	55	0	0	0	2	0	0	0	0	0	0	0	0	0	0	0	0	0	0	0	0	0
NZ_LR134378.1	5p	+	6	12	14	20	9	55	0	1	0	1	0	1	0	0	0	0	1	0	0	0	0	0	0	0	0	0	0
NZ_LR134378.1	5p	+	7	15	17	17	6	55	0	0	0	0	0	0	0	1	0	0	0	0	0	0	0	0	0	0	0	0	0
NZ_LR134378.1	5p	+	8	7	24	15	9	55	1	0	0	0	0	0	1	1	0	0	1	1	0	0	0	0	0	0	0	0	0
NZ_LR134378.1	5p	+	9	9	18	19	9	55	1	1	0	1	0	0	0	0	0	0	1	1	0	0	0	0	0	0	0	0	0
NZ_LR134378.1	5p	+	10	13	18	16	8	55	0	0	0	1	0	0	1	1	0	0	0	0	0	0	0	0	0	0	0	0	0
NZ_LR134378.1	5p	+	11	9	18	16	12	55	1	1	0	2	0	0	0	0	0	0	1	0	0	0	0	0	0	0	0	0	0
NZ_LR134378.1	5p	+	12	8	12	24	11	55	1	0	0	1	0	0	2	0	0	0	0	0	0	0	0	0	0	0	0	0	0
NZ_LR134378.1	5p	+	13	6	19	20	10	55	0	0	0	0	0	0	0	0	0	0	2	0	0	0	0	0	0	0	0	0	0
NZ_LR134378.1	5p	+	14	11	21	14	9	55	0	1	2	0	1	0	1	0	1	0	1	0	0	0	0	0	0	0	0	0	0
NZ_LR134378.1	5p	+	15	12	22	13	8	55	0	1	0	0	0	0	2	1	0	0	2	0	0	0	0	0	0	0	0	0	0
NZ_LR134378.1	5p	+	16	16	12	20	7	55	0	1	0	0	0	0	1	0	0	0	1	0	0	0	0	0	0	0	0	0	0
NZ_LR134378.1	5p	+	17	9	22	16	8	55	0	1	0	0	0	0	1	0	0	1	0	0	0	0	0	0	0	0	0	0	0
NZ_LR134378.1	5p	+	18	12	12	22	9	55	0	0	1	2	0	0	1	0	0	0	1	0	0	0	0	0	0	0	0	0	0
NZ_LR134378.1	5p	+	19	8	16	19	11	54	0	0	0	0	0	0	0	1	0	0	0	0	0	0	0	0	0	0	1	0	0
NZ_LR134378.1	5p	+	20	11	22	15	7	55	1	1	0	0	0	0	1	0	0	0	0	0	0	0	0	0	0	0	0	0	0
NZ_LR134378.1	5p	+	21	8	20	15	11	54	1	1	1	0	0	0	0	0	1	0	0	0	0	0	0	0	0	0	1	0	0
NZ_LR134378.1	5p	+	22	11	12	24	8	55	0	0	0	0	0	0	1	0	0	0	0	0	0	0	0	0	0	0	0	0	0
NZ_LR134378.1	5p	+	23	8	15	20	12	55	2	0	0	0	0	0	0	0	0	0	2	0	0	0	0	0	0	0	0	0	0
NZ_LR134378.1	5p	+	24	10	18	15	12	55	0	0	1	1	0	0	1	0	0	0	0	1	0	0	0	0	0	0	0	0	0
NZ_LR134378.1	5p	+	25	17	17	16	5	55	0	0	1	0	0	0	0	1	0	0	0	0	0	0	0	0	0	0	0	0	0
NZ_LR134378.1	5p	+	26	17	14	15	9	55	0	1	0	0	0	0	1	0	0	0	1	0	0	0	0	0	0	0	0	0	0
NZ_LR134378.1	5p	+	27	10	16	20	9	55	0	3	0	0	0	0	0	0	0	0	2	0	0	0	0	0	0	0	0	0	0
NZ_LR134378.1	5p	+	28	7	14	24	10	55	1	0	0	0	0	0	0	0	0	0	2	1	0	0	0	0	0	0	0	0	0
NZ_LR134378.1	5p	+	29	7	16	23	9	55	0	0	0	1	0	0	0	0	0	0	0	0	0	0	0	0	0	0	0	0	0
NZ_LR134378.1	5p	+	30	8	18	18	11	55	0	0	0	0	0	0	1	0	0	0	2	1	0	0	0	0	0	0	0	0	0
NZ_LR134378.1	5p	+	31	12	12	14	12	50	0	0	0	0	0	0	0	1	0	0	0	0	0	0	0	0	0	0	0	0	0
NZ_LR134378.1	5p	+	32	7	18	9	11	45	0	0	0	0	0	0	1	0	0	0	1	0	0	0	0	0	0	0	0	0	0
NZ_LR134378.1	5p	+	33	2	13	17	5	37	0	0	0	0	0	0	0	0	0	0	2	0	0	0	0	0	0	0	0	0	0
NZ_LR134378.1	5p	+	34	4	13	10	6	33	0	0	0	0	0	0	0	0	1	0	0	0	0	0	0	0	0	0	0	0	0
NZ_LR134378.1	5p	+	35	6	10	12	3	31	0	1	0	0	0	0	0	1	0	0	0	0	0	0	0	0	0	0	0	0	0
NZ_LR134378.1	5p	+	36	3	11	12	3	29	0	0	0	0	0	0	1	0	0	0	1	0	0	0	0	0	0	0	0	0	0
NZ_LR134378.1	5p	+	37	7	5	14	3	29	1	0	1	0	0	0	0	0	0	0	0	0	0	0	0	0	0	0	0	0	0
NZ_LR134378.1	5p	+	38	3	12	10	3	28	0	0	0	0	0	0	0	0	0	0	0	0	0	0	0	0	0	0	0	0	0
NZ_LR134378.1	5p	+	39	7	11	5	2	25	0	1	1	0	0	0	1	0	0	0	0	0	0	0	0	0	0	0	0	0	0
NZ_LR134378.1	5p	+	40	1	4	10	6	21	0	0	0	0	0	0	0	0	0	0	0	0	0	0	0	0	0	0	0	0	0
NZ_LR134378.1	5p	+	41	5	8	5	1	19	0	0	0	0	0	0	0	1	0	0	0	0	0	0	0	0	0	0	0	0	0
NZ_LR134378.1	5p	+	42	0	8	6	5	19	0	0	0	0	0	0	0	0	0	0	0	0	0	0	0	0	0	0	0	0	0
NZ_LR134378.1	5p	+	43	4	5	8	1	18	0	0	0	0	0	0	0	1	0	0	0	0	0	0	0	0	0	0	0	0	0
NZ_LR134378.1	5p	+	44	5	5	2	3	15	0	0	0	0	0	0	0	0	0	0	0	0	0	0	0	0	0	0	0	0	0
NZ_LR134378.1	5p	+	45	2	5	4	3	14	0	0	0	0	0	0	0	0	0	0	0	0	0	0	0	0	0	0	0	0	0
NZ_LR134378.1	5p	+	46	2	4	7	0	13	0	0	0	0	0	0	0	0	0	0	0	0	0	0	0	0	0	0	0	0	0
NZ_LR134378.1	5p	+	47	3	3	4	1	11	0	1	0	0	0	0	0	0	0	0	0	0	0	0	0	0	0	0	0	0	0
NZ_LR134378.1	5p	+	48	1	3	4	2	10	0	0	0	0	0	0	0	0	0	0	0	0	0	0	0	0	0	0	0	0	0
NZ_LR134378.1	5p	+	49	2	2	4	1	9	0	0	0	0	0	0	0	0	0	0	0	0	0	0	0	0	0	0	0	0	0
NZ_LR134378.1	5p	+	50	1	2	5	0	8	0	0	0	0	0	0	0	0	0	0	0	0	0	0	0	0	0	0	0	0	0
NZ_LR134378.1	5p	+	51	1	3	1	2	7	0	0	0	0	0	0	0	0	0	0	0	0	0	0	0	0	0	0	0	0	0
NZ_LR134378.1	5p	+	52	0	1	4	2	7	0	0	0	0	0	0	0	0	0	0	0	0	0	0	0	0	0	0	0	0	0
NZ_LR134378.1	5p	+	53	2	2	2	0	6	0	0	0	0	0	0	0	0	0	0	0	0	0	0	0	0	0	0	0	0	0
NZ_LR134378.1	5p	+	54	0	1	3	2	6	0	0	0	0	0	0	0	0	0	0	0	0	0	0	0	0	0	0	0	0	0
NZ_LR134378.1	5p	+	55	0	2	2	0	4	0	0	0	0	0	0	0	0	0	0	0	0	0	0	0	0	0	0	0	0	0
NZ_LR134378.1	5p	+	56	0	2	1	1	4	0	0	0	0	0	0	0	0	0	0	0	0	0	0	0	0	0	0	0	0	0
NZ_LR134378.1	5p	+	57	1	0	1	1	3	0	0	0	0	0	0	0	0	0	0	0	0	0	0	0	0	0	0	0	0	0
NZ_LR134378.1	5p	+	58	0	0	2	1	3	0	0	0	0	0	0	0	0	0	0	1	0	0	0	0	0	0	0	0	0	0
NZ_LR134378.1	5p	+	59	0	0	3	0	3	0	0	0	0	0	0	0	0	0	0	1	0	0	0	0	0	0	0	0	0	0
NZ_LR134378.1	5p	+	60	0	0	2	1	3	0	0	0	0	0	0	0	0	0	0	0	0	0	0	0	0	0	0	0	0	0
NZ_LR134378.1	5p	+	61	1	0	2	0	3	0	0	0	0	0	0	0	0	0	0	0	0	0	0	0	0	0	0	0	0	0
NZ_LR134378.1	5p	+	62	0	1	1	0	2	0	0	0	0	0	0	0	0	0	0	0	0	0	0	0	0	0	0	0	0	0
NZ_LR134378.1	5p	+	63	0	0	1	0	1	0	0	0	0	0	0	0	0	0	0	0	0	0	0	0	0	0	0	0	0	0
NZ_LR134378.1	5p	+	64	0	0	1	0	1	0	0	0	0	0	0	0	0	0	0	0	0	0	0	0	0	0	0	0	0	0
NZ_LR134378.1	5p	+	65	0	0	1	0	1	0	0	0	0	0	0	0	0	0	0	0	0	0	0	0	0	0	0	0	0	0
NZ_LR134378.1	5p	+	66	1	0	0	0	1	0	0	0	0	0	0	0	0	0	0	0	0	0	0	0	0	0	0	0	0	0
NZ_LR134378.1	5p	+	67	1	0	0	0	1	0	0	0	0	0	0	0	0	0	0	0	0	0	0	0	0	0	0	0	0	0
NZ_LR134378.1	5p	+	68	0	0	0	1	1	0	0	0	0	0	0	0	0	0	0	0	0	0	0	0	0	0	0	0	0	0
NZ_LR134378.1	5p	+	69	0	1	0	0	1	0	0	0	0	0	0	0	0	0	0	0	0	0	0	0	0	0	0	0	0	0
NZ_LR134378.1	5p	+	70	0	0	1	0	1	0	0	0	0	0	0	0	0	0	0	0	0	0	0	0	0	0	0	0	0	0
NZ_LR134378.1	5p	-	1	10	27	23	14	74	3	0	0	2	0	1	1	0	1	1	1	0	0	0	0	0	0	0	0	0	0
NZ_LR134378.1	5p	-	2	4	27	27	16	74	2	2	0	1	0	0	1	1	1	1	0	0	0	0	0	0	0	0	0	0	0
NZ_LR134378.1	5p	-	3	15	26	15	18	74	0	0	0	0	0	0	2	1	0	0	0	0	0	0	0	0	0	0	0	0	0
NZ_LR134378.1	5p	-	4	15	29	18	12	74	1	0	1	0	1	0	0	0	0	0	1	2	0	0	0	0	0	0	0	0	0
NZ_LR134378.1	5p	-	5	14	23	24	13	74	1	0	0	2	1	0	2	2	0	0	0	2	0	0	0	0	0	0	0	0	0
NZ_LR134378.1	5p	-	6	17	21	22	14	74	1	1	0	0	0	1	1	0	0	0	0	0	0	0	0	0	0	0	0	0	0
NZ_LR134378.1	5p	-	7	15	25	22	12	74	1	1	0	0	1	0	1	1	0	0	1	1	0	0	0	0	0	0	0	0	0
NZ_LR134378.1	5p	-	8	17	28	21	8	74	1	2	1	0	0	0	2	2	0	0	0	0	0	0	0	0	0	0	0	0	0
NZ_LR134378.1	5p	-	9	20	20	20	14	74	2	0	0	1	0	0	0	0	0	0	2	1	0	0	0	0	0	0	0	0	0
NZ_LR134378.1	5p	-	10	14	31	19	10	74	2	1	0	0	0	0	1	0	0	0	0	0	0	0	0	0	0	0	0	0	0
NZ_LR134378.1	5p	-	11	15	23	25	11	74	2	2	2	2	0	0	1	0	0	0	0	0	1	0	0	0	0	0	0	0	0
NZ_LR134378.1	5p	-	12	17	19	21	17	74	1	0	2	0	0	0	1	1	0	0	0	0	0	0	0	0	0	0	0	0	0
NZ_LR134378.1	5p	-	13	11	33	16	14	74	0	0	0	0	0	0	1	0	1	0	0	0	0	0	0	0	0	0	0	0	0
NZ_LR134378.1	5p	-	14	12	24	23	15	74	1	1	1	1	0	0	0	0	0	1	3	0	0	0	0	0	0	0	0	0	0
NZ_LR134378.1	5p	-	15	9	10	38	17	74	2	0	0	0	0	0	1	0	0	0	3	0	0	0	0	0	0	0	0	0	0
NZ_LR134378.1	5p	-	16	12	30	22	10	74	0	2	0	0	0	0	0	0	0	0	0	0	0	0	0	0	0	0	0	0	0
NZ_LR134378.1	5p	-	17	13	28	23	10	74	1	1	0	0	1	0	1	0	0	0	2	1	0	0	0	0	0	0	0	0	0
NZ_LR134378.1	5p	-	18	14	19	25	16	74	1	1	1	0	0	0	0	0	0	0	0	0	0	0	0	0	0	0	0	0	0
NZ_LR134378.1	5p	-	19	9	23	22	20	74	1	1	1	0	0	0	0	0	0	0	0	0	0	0	0	0	0	0	0	0	0
NZ_LR134378.1	5p	-	20	10	25	28	11	74	3	1	0	1	0	0	1	0	1	0	1	1	0	0	0	0	0	0	0	0	0
NZ_LR134378.1	5p	-	21	18	29	16	11	74	0	2	0	1	0	0	0	2	0	0	0	0	0	0	0	0	0	0	0	0	0
NZ_LR134378.1	5p	-	22	12	28	25	9	74	2	0	0	0	0	0	0	0	0	0	1	0	0	0	0	0	0	0	0	0	0
NZ_LR134378.1	5p	-	23	12	28	29	5	74	0	0	0	0	0	0	1	1	0	0	1	0	0	0	0	0	0	0	0	0	0
NZ_LR134378.1	5p	-	24	16	21	20	17	74	0	0	0	0	0	0	0	0	0	0	0	1	0	0	0	0	0	0	0	0	0
NZ_LR134378.1	5p	-	25	11	23	25	15	74	0	0	1	1	0	0	1	0	0	0	1	1	0	0	0	0	0	0	0	0	0
NZ_LR134378.1	5p	-	26	14	24	28	8	74	1	1	0	2	0	0	1	1	0	0	3	0	0	0	0	0	0	0	0	0	0
NZ_LR134378.1	5p	-	27	16	23	19	16	74	0	0	1	0	0	0	0	0	0	0	0	0	0	0	0	0	0	0	0	0	0
NZ_LR134378.1	5p	-	28	9	31	17	17	74	0	1	0	0	0	0	3	1	0	0	1	0	0	0	0	0	0	0	0	0	0
NZ_LR134378.1	5p	-	29	13	19	26	16	74	0	2	0	0	0	0	0	0	0	0	2	0	0	0	0	0	0	0	0	0	0
NZ_LR134378.1	5p	-	30	22	15	25	12	74	1	0	0	0	0	0	1	0	1	0	0	0	0	0	0	0	0	0	0	0	0
NZ_LR134378.1	5p	-	31	11	22	19	15	67	1	0	0	2	0	0	1	1	1	0	0	1	0	0	0	0	0	0	0	0	0
NZ_LR134378.1	5p	-	32	7	22	25	3	57	0	1	0	0	0	0	1	0	0	0	1	1	0	0	0	0	0	0	0	0	0
NZ_LR134378.1	5p	-	33	10	12	15	16	53	0	0	0	0	0	0	0	0	0	0	0	0	0	0	0	0	0	0	0	0	0
NZ_LR134378.1	5p	-	34	11	13	13	12	49	0	0	0	2	0	0	0	1	0	0	0	0	0	0	0	0	0	0	0	0	0
NZ_LR134378.1	5p	-	35	9	11	16	7	43	0	0	1	2	0	0	0	1	0	0	0	0	0	0	0	0	0	0	0	0	0
NZ_LR134378.1	5p	-	36	5	11	18	9	43	0	1	0	1	0	0	0	0	0	0	0	0	0	0	0	0	0	0	0	0	0
NZ_LR134378.1	5p	-	37	8	10	14	7	39	0	0	0	0	1	0	0	1	1	0	0	1	0	0	0	0	0	0	0	0	0
NZ_LR134378.1	5p	-	38	3	12	14	6	35	1	1	1	2	0	0	0	0	0	0	0	0	0	0	0	0	0	0	0	0	0
NZ_LR134378.1	5p	-	39	9	9	10	4	32	0	1	0	0	0	0	0	0	0	0	2	0	0	0	0	0	0	0	0	0	0
NZ_LR134378.1	5p	-	40	3	8	13	6	30	2	0	0	1	1	0	0	0	0	0	1	0	0	0	0	0	0	0	0	0	0
NZ_LR134378.1	5p	-	41	3	10	7	9	29	0	0	1	1	0	0	0	0	0	0	1	0	0	0	0	0	0	0	0	0	0
NZ_LR134378.1	5p	-	42	10	5	13	1	29	0	0	0	0	0	0	1	0	0	0	1	0	0	0	0	0	0	0	0	0	0
NZ_LR134378.1	5p	-	43	6	6	5	5	22	0	1	1	1	0	0	0	0	0	0	0	0	0	0	0	0	0	0	0	0	0
NZ_LR134378.1	5p	-	44	0	8	4	2	14	0	0	0	0	0	0	1	1	0	0	0	0	0	0	0	0	0	0	0	0	0
NZ_LR134378.1	5p	-	45	2	3	4	2	11	0	0	0	0	0	0	0	0	0	0	0	0	0	0	0	0	0	0	0	0	0
NZ_LR134378.1	5p	-	46	3	3	3	1	10	0	0	0	0	0	0	0	0	0	0	0	1	0	0	0	0	0	0	0	0	0
NZ_LR134378.1	5p	-	47	3	2	4	0	9	0	0	0	0	0	0	0	0	0	0	0	0	0	0	0	0	0	0	0	0	0
NZ_LR134378.1	5p	-	48	2	2	3	1	8	0	0	0	0	0	0	0	0	0	0	0	0	0	0	0	0	0	0	0	0	0
NZ_LR134378.1	5p	-	49	3	2	3	0	8	0	0	0	0	0	0	0	1	0	0	0	0	0	0	0	0	0	0	0	0	0
NZ_LR134378.1	5p	-	50	1	1	3	3	8	0	0	0	0	0	0	0	0	0	0	0	0	0	0	0	0	0	0	0	0	0
NZ_LR134378.1	5p	-	51	0	3	2	1	6	0	0	0	0	0	0	0	0	0	0	0	0	0	0	0	0	0	0	0	0	0
NZ_LR134378.1	5p	-	52	1	2	2	1	6	0	0	0	0	0	0	0	0	0	0	0	0	0	0	0	0	0	0	0	0	0
NZ_LR134378.1	5p	-	53	2	1	1	1	5	0	0	0	0	0	0	0	0	0	0	0	0	0	0	0	0	0	0	0	0	0
NZ_LR134378.1	5p	-	54	3	0	2	0	5	0	0	0	0	0	0	0	0	0	0	0	0	0	0	0	0	0	0	0	0	0
NZ_LR134378.1	5p	-	55	0	3	1	1	5	0	0	0	0	0	0	0	0	0	0	0	0	0	0	0	0	0	0	0	0	0
NZ_LR134378.1	5p	-	56	1	2	1	0	4	0	0	0	0	0	0	0	0	0	0	0	0	0	0	0	0	0	0	0	0	0
NZ_LR134378.1	5p	-	57	0	0	3	1	4	0	0	0	0	0	0	0	0	0	0	0	0	0	0	0	0	0	0	0	0	0
NZ_LR134378.1	5p	-	58	2	1	0	1	4	0	0	0	0	0	0	0	0	0	0	0	0	0	0	0	0	0	0	0	0	0
NZ_LR134378.1	5p	-	59	1	0	3	0	4	0	0	0	0	0	0	0	0	0	0	0	0	0	0	0	0	0	0	0	0	0
NZ_LR134378.1	5p	-	60	2	0	1	0	3	0	0	0	0	0	0	0	0	0	0	0	0	0	0	0	0	0	0	0	0	0
NZ_LR134378.1	5p	-	61	0	2	1	0	3	0	0	0	0	0	0	0	0	0	0	0	0	0	0	0	0	0	0	0	0	0
NZ_LR134378.1	5p	-	62	1	1	1	0	3	0	0	0	0	0	0	0	0	0	0	1	0	0	0	0	0	0	0	0	0	0
NZ_LR134378.1	5p	-	63	1	0	2	0	3	0	0	0	0	0	0	0	0	0	0	0	0	0	0	0	0	0	0	0	0	0
NZ_LR134378.1	5p	-	64	0	2	1	0	3	0	0	0	0	0	0	0	0	0	0	0	0	0	0	0	0	0	0	0	0	0
NZ_LR134378.1	5p	-	65	1	2	0	0	3	0	0	0	0	0	0	0	0	0	0	0	0	0	0	0	0	0	0	0	0	0
NZ_LR134378.1	5p	-	66	0	0	0	2	2	0	0	0	0	0	0	0	0	0	0	0	0	0	0	0	0	0	0	0	0	0
NZ_LR134378.1	5p	-	67	0	1	1	0	2	0	0	0	0	0	0	0	0	0	0	0	0	0	0	0	0	0	0	0	0	0
NZ_LR134378.1	5p	-	68	0	2	0	0	2	0	0	0	0	0	0	0	0	0	0	0	0	0	0	0	0	0	0	0	0	0
NZ_LR134378.1	5p	-	69	0	1	0	1	2	0	0	0	0	0	0	0	0	0	0	0	0	0	0	0	0	0	0	0	0	0
NZ_LR134378.1	5p	-	70	0	1	1	0	2	0	0	0	0	0	0	0	0	0	0	0	0	0	0	0	0	0	0	0	0	0
