# table produced by mapDamage version 2.2.3
# using mapped file /mnt/archgen/microbiome_calculus/library_ds_vs_ss/04-analysis/normalize_kraken/mapping/flexilinea_sp001717545/mapDamage2_dsLibs/input/GOY005.A0101.SG1.2_5M.mapped_f_sp001717545_q25l30_rmdup.bam and /mnt/archgen/microbiome_calculus/library_ds_vs_ss/04-analysis/normalize_kraken/mapping/flexilinea_sp001717545/input/GCA_001717545.1_ASM171754v1_genomic.fna as reference file
# Chr: reference from sam/bam header, End: from which termini of DNA sequences, Std: strand of reads
Chr	End	Std	Pos	A	C	G	T	Total	G>A	C>T	A>G	T>C	A>C	A>T	C>G	C>A	T>G	T>A	G>C	G>T	A>-	T>-	C>-	G>-	->A	->T	->C	->G	S
CP017039.1	3p	+	1	366	344	474	383	1567	58	8	7	6	2	3	4	5	4	3	1	0	0	0	0	0	0	0	0	0	0
CP017039.1	3p	+	2	442	363	430	332	1567	39	6	3	4	2	1	5	6	3	1	6	5	0	0	0	0	0	0	0	0	0
CP017039.1	3p	+	3	341	455	444	327	1567	25	7	10	8	1	1	7	4	0	1	1	5	0	0	0	0	0	0	0	0	0
CP017039.1	3p	+	4	331	410	456	370	1567	21	11	6	5	0	1	3	2	4	0	4	4	0	0	0	0	0	0	0	0	0
CP017039.1	3p	+	5	369	443	431	324	1567	13	12	11	4	2	2	5	7	1	3	0	1	0	0	0	0	0	0	0	0	0
CP017039.1	3p	+	6	342	446	443	336	1567	12	13	11	2	1	4	5	5	2	1	4	4	0	1	0	0	0	0	0	0	0
CP017039.1	3p	+	7	336	434	456	341	1567	16	6	6	11	0	3	5	3	1	0	3	4	0	0	0	0	0	0	0	0	0
CP017039.1	3p	+	8	334	440	478	315	1567	12	8	7	10	1	2	8	3	1	2	2	3	0	0	0	0	0	0	0	0	0
CP017039.1	3p	+	9	337	479	461	290	1567	13	15	7	8	3	2	7	7	3	2	5	1	0	0	0	0	0	0	0	0	0
CP017039.1	3p	+	10	337	435	452	343	1567	14	8	4	5	0	1	3	3	2	1	6	3	0	0	0	0	0	0	0	0	0
CP017039.1	3p	+	11	347	456	439	325	1567	10	7	15	10	0	0	6	4	3	3	4	4	0	0	0	0	0	0	0	0	0
CP017039.1	3p	+	12	285	477	484	320	1566	7	8	9	9	2	1	4	6	2	0	2	6	0	0	2	0	0	1	0	0	0
CP017039.1	3p	+	13	352	449	444	321	1566	7	8	11	7	2	2	3	2	2	2	6	2	0	1	0	0	0	1	0	0	0
CP017039.1	3p	+	14	327	438	503	299	1567	10	9	11	5	2	1	7	5	2	1	7	1	0	0	0	0	0	0	0	0	0
CP017039.1	3p	+	15	294	452	492	328	1566	15	10	6	6	3	1	2	7	5	1	6	2	0	0	0	0	0	0	0	1	0
CP017039.1	3p	+	16	331	440	493	302	1566	17	8	4	3	1	1	2	0	3	1	5	3	0	0	0	0	0	0	0	1	0
CP017039.1	3p	+	17	339	461	467	300	1567	15	11	7	4	0	1	4	0	2	2	2	4	0	0	1	0	0	0	0	0	0
CP017039.1	3p	+	18	337	486	433	311	1567	13	17	7	7	2	1	2	7	1	0	5	5	0	0	0	0	0	0	0	0	0
CP017039.1	3p	+	19	330	433	469	335	1567	16	11	7	8	3	0	1	1	1	2	4	4	0	0	0	0	0	0	0	0	0
CP017039.1	3p	+	20	307	459	490	310	1566	9	14	9	5	0	3	2	4	1	1	3	4	0	0	0	0	0	0	0	1	0
CP017039.1	3p	+	21	288	518	467	293	1566	7	13	6	11	2	4	4	1	0	1	5	3	0	2	0	0	1	0	0	0	0
CP017039.1	3p	+	22	315	447	466	339	1567	5	10	3	7	1	0	6	0	1	1	0	3	0	0	0	0	0	0	0	0	0
CP017039.1	3p	+	23	323	476	454	314	1567	14	14	8	8	2	1	3	2	1	0	3	2	0	2	0	0	0	0	0	0	0
CP017039.1	3p	+	24	340	467	455	304	1566	6	15	9	10	3	2	5	4	1	4	4	7	0	0	0	0	0	1	0	0	0
CP017039.1	3p	+	25	339	435	454	337	1565	11	9	10	9	2	3	2	1	1	1	1	1	0	0	0	0	0	1	1	0	0
CP017039.1	3p	+	26	321	456	457	332	1566	6	12	4	9	0	0	3	3	2	1	2	3	0	0	0	0	0	1	0	0	0
CP017039.1	3p	+	27	309	468	451	339	1567	7	13	4	10	6	1	5	3	3	0	9	1	0	0	0	0	0	0	0	0	0
CP017039.1	3p	+	28	322	467	435	342	1566	16	12	3	7	0	0	3	4	3	0	4	4	0	0	0	0	0	0	1	0	0
CP017039.1	3p	+	29	334	449	446	338	1567	15	11	10	4	1	1	2	1	1	3	5	5	0	0	0	0	0	0	0	0	0
CP017039.1	3p	+	30	333	473	438	323	1567	18	17	12	8	1	0	5	4	0	1	4	6	0	0	0	1	0	0	0	0	0
CP017039.1	3p	+	31	329	440	405	334	1508	13	12	6	10	2	2	2	1	0	1	2	8	1	0	0	0	0	0	0	0	0
CP017039.1	3p	+	32	322	398	402	300	1422	7	17	7	8	2	0	4	2	2	2	5	4	0	1	0	0	0	0	0	0	0
CP017039.1	3p	+	33	277	406	389	274	1346	7	17	6	7	0	1	4	2	1	3	5	3	0	0	0	0	0	0	0	0	0
CP017039.1	3p	+	34	268	387	331	297	1283	9	20	8	6	1	1	2	0	2	1	3	3	0	1	0	0	0	0	0	0	0
CP017039.1	3p	+	35	263	320	324	285	1192	6	14	6	4	1	0	2	2	2	0	7	1	0	0	1	1	0	0	1	0	0
CP017039.1	3p	+	36	255	330	306	251	1142	10	10	2	7	0	0	2	4	2	0	1	2	0	0	0	1	0	0	0	0	0
CP017039.1	3p	+	37	236	315	283	247	1081	5	19	1	6	1	0	2	2	1	0	2	3	0	0	0	0	1	0	0	0	0
CP017039.1	3p	+	38	233	275	271	239	1018	7	13	3	1	1	0	0	2	2	1	3	0	1	0	0	0	0	0	1	0	0
CP017039.1	3p	+	39	220	270	253	236	979	11	15	5	3	2	0	0	0	0	1	0	1	1	0	0	0	0	0	0	0	0
CP017039.1	3p	+	40	226	242	238	220	926	3	13	2	6	2	1	0	1	0	2	2	0	0	1	0	0	0	0	0	0	0
CP017039.1	3p	+	41	192	256	238	190	876	7	8	5	4	0	0	3	1	1	0	2	2	0	0	0	0	0	0	0	0	0
CP017039.1	3p	+	42	166	246	258	171	841	8	7	2	6	4	2	0	0	1	0	3	2	0	0	0	0	0	0	0	0	0
CP017039.1	3p	+	43	193	221	200	183	797	4	8	3	2	2	0	0	1	0	0	1	0	0	0	0	0	0	0	0	0	0
CP017039.1	3p	+	44	157	210	206	171	744	3	14	2	7	2	0	3	2	0	0	0	2	0	0	0	0	0	0	0	0	0
CP017039.1	3p	+	45	155	222	194	132	703	6	7	2	3	0	0	0	2	1	1	3	2	0	0	0	0	0	0	1	0	0
CP017039.1	3p	+	46	165	180	164	149	658	3	0	3	1	2	1	0	1	1	0	1	2	0	0	0	0	0	0	0	0	0
CP017039.1	3p	+	47	146	171	161	130	608	4	10	2	0	1	1	0	0	1	0	1	0	0	0	0	0	0	0	0	0	0
CP017039.1	3p	+	48	122	165	149	136	572	4	8	3	1	0	0	0	1	2	0	1	0	0	0	0	0	0	0	0	1	0
CP017039.1	3p	+	49	133	147	126	131	537	3	5	4	4	0	0	0	0	0	0	0	1	0	0	0	0	0	0	0	0	0
CP017039.1	3p	+	50	110	146	143	107	506	4	6	3	0	1	1	0	0	0	0	0	1	0	0	0	0	0	0	0	0	0
CP017039.1	3p	+	51	101	134	123	115	473	2	3	4	4	1	0	0	0	0	0	0	2	0	0	0	0	0	0	0	0	0
CP017039.1	3p	+	52	106	140	107	97	450	0	6	2	0	1	0	1	0	1	0	0	0	0	0	0	0	0	0	0	0	0
CP017039.1	3p	+	53	98	117	103	102	420	1	7	2	4	0	0	1	0	0	0	1	1	0	0	0	0	0	0	0	0	0
CP017039.1	3p	+	54	102	107	109	86	404	5	4	2	1	1	2	1	0	0	0	0	1	0	0	0	0	0	0	0	0	0
CP017039.1	3p	+	55	97	89	102	94	382	0	5	2	4	0	0	0	0	0	0	0	0	0	0	0	0	0	0	0	0	0
CP017039.1	3p	+	56	79	121	86	79	365	1	4	2	1	0	0	0	0	0	0	0	0	0	0	0	0	0	0	0	0	0
CP017039.1	3p	+	57	74	97	105	58	334	5	3	0	0	0	0	0	0	0	1	1	1	0	0	0	0	0	0	0	0	0
CP017039.1	3p	+	58	64	88	77	88	317	2	8	0	0	0	0	0	0	0	0	0	2	0	0	0	0	0	0	0	0	0
CP017039.1	3p	+	59	76	75	83	66	300	2	2	0	1	0	0	0	0	2	0	1	0	0	0	0	0	0	0	0	0	0
CP017039.1	3p	+	60	64	93	70	56	283	0	2	2	2	0	1	1	2	1	0	0	0	0	0	0	0	0	0	0	0	0
CP017039.1	3p	+	61	59	77	69	66	271	0	4	1	1	0	0	0	0	0	0	0	0	0	0	0	0	0	0	1	0	0
CP017039.1	3p	+	62	77	66	69	44	256	0	2	3	0	1	1	0	0	0	0	1	1	0	0	0	0	0	0	0	0	0
CP017039.1	3p	+	63	49	76	76	47	248	1	2	1	4	0	1	0	1	0	0	0	1	0	0	0	0	0	0	0	0	0
CP017039.1	3p	+	64	57	66	75	44	242	0	2	0	0	0	0	0	0	0	0	0	0	0	0	0	0	0	0	0	0	0
CP017039.1	3p	+	65	49	63	66	48	226	1	2	3	1	0	0	0	0	0	0	0	0	0	0	0	0	0	0	1	0	0
CP017039.1	3p	+	66	33	70	66	47	216	1	3	2	2	0	0	1	0	0	0	1	0	0	0	0	0	0	0	0	0	0
CP017039.1	3p	+	67	43	55	49	56	203	1	3	1	0	0	0	0	0	0	0	0	0	0	0	0	1	0	0	0	0	0
CP017039.1	3p	+	68	49	54	42	45	190	1	2	1	0	0	0	0	0	1	0	0	1	0	0	0	0	0	0	0	0	0
CP017039.1	3p	+	69	52	53	39	38	182	1	3	1	3	0	0	0	0	0	1	0	0	1	0	0	0	0	0	0	0	0
CP017039.1	3p	+	70	36	41	39	54	170	2	0	1	1	0	0	0	0	1	0	0	0	0	0	0	0	0	0	0	0	0
CP017039.1	3p	-	1	366	315	472	399	1552	42	8	9	2	0	3	2	9	5	2	3	7	0	0	0	0	0	0	0	0	0
CP017039.1	3p	-	2	399	391	442	320	1552	38	10	7	11	4	3	9	6	2	0	3	2	0	0	0	0	0	0	0	0	0
CP017039.1	3p	-	3	362	404	417	369	1552	22	7	9	12	1	4	9	3	2	1	3	6	0	0	0	0	0	0	0	0	0
CP017039.1	3p	-	4	384	367	455	346	1552	18	8	8	4	4	3	3	3	1	0	4	4	0	0	0	0	0	0	0	0	0
CP017039.1	3p	-	5	355	388	457	352	1552	18	8	6	9	1	0	4	4	3	4	5	5	0	0	0	0	0	0	0	0	0
CP017039.1	3p	-	6	350	442	405	355	1552	16	3	6	10	3	1	3	10	2	2	3	4	0	0	0	0	0	0	0	0	0
CP017039.1	3p	-	7	346	406	453	345	1550	14	12	9	6	1	1	4	6	1	1	4	2	0	0	0	0	0	0	0	2	0
CP017039.1	3p	-	8	339	428	476	309	1552	16	7	11	5	3	0	4	4	3	1	5	3	0	0	0	0	0	0	0	0	0
CP017039.1	3p	-	9	317	431	476	328	1552	15	7	11	9	1	1	4	5	4	2	3	2	0	0	0	0	0	0	0	0	0
CP017039.1	3p	-	10	339	423	472	318	1552	10	10	6	6	0	1	3	1	4	0	5	5	0	1	0	0	0	0	0	0	0
CP017039.1	3p	-	11	340	456	446	310	1552	8	8	6	7	2	2	3	5	5	1	4	2	0	0	0	0	0	0	0	0	0
CP017039.1	3p	-	12	327	465	439	321	1552	11	11	3	9	1	0	3	2	2	2	7	4	0	0	2	0	0	0	0	0	0
CP017039.1	3p	-	13	326	437	444	345	1552	7	4	4	6	2	1	4	5	1	0	1	2	0	0	0	0	0	0	0	0	0
CP017039.1	3p	-	14	342	436	492	282	1552	14	11	9	6	3	0	2	3	0	0	3	5	0	0	0	0	0	0	0	0	0
CP017039.1	3p	-	15	316	472	464	300	1552	14	11	8	14	3	3	3	4	1	2	2	7	0	0	1	0	0	0	0	0	0
CP017039.1	3p	-	16	311	420	473	346	1550	6	8	5	5	0	0	3	4	0	1	0	3	0	0	0	0	1	0	0	1	0
CP017039.1	3p	-	17	352	431	483	286	1552	7	8	6	8	2	0	2	5	1	3	1	7	0	0	0	1	0	0	0	0	0
CP017039.1	3p	-	18	316	488	427	321	1552	15	9	7	9	4	1	5	3	3	1	3	2	0	0	1	0	0	0	0	0	0
CP017039.1	3p	-	19	321	448	447	336	1552	6	7	8	5	2	0	4	5	0	0	5	2	0	0	0	0	0	0	0	0	0
CP017039.1	3p	-	20	302	446	507	297	1552	13	9	8	4	5	1	3	3	2	2	5	3	0	0	0	1	0	0	0	0	0
CP017039.1	3p	-	21	291	475	476	309	1551	12	11	5	11	0	0	4	4	3	0	5	5	0	0	0	0	0	0	1	0	0
CP017039.1	3p	-	22	340	446	461	304	1551	10	9	5	8	0	2	2	3	2	2	3	5	0	0	0	0	0	1	0	0	0
CP017039.1	3p	-	23	334	439	460	319	1552	8	19	10	10	2	1	5	6	3	1	2	0	0	0	0	0	0	0	0	0	0
CP017039.1	3p	-	24	323	438	453	338	1552	17	8	10	7	5	0	6	3	2	3	9	5	0	0	0	0	0	0	0	0	0
CP017039.1	3p	-	25	315	442	478	317	1552	8	12	6	5	1	0	5	1	6	1	2	2	0	0	1	0	0	0	0	0	0
CP017039.1	3p	-	26	324	436	462	329	1551	15	9	11	11	0	0	4	3	3	0	4	1	0	1	0	0	0	0	0	1	0
CP017039.1	3p	-	27	308	458	466	320	1552	9	15	11	3	3	0	3	5	0	0	4	3	0	0	0	0	0	0	0	0	0
CP017039.1	3p	-	28	331	437	400	384	1552	8	8	8	9	1	1	5	3	0	2	3	2	0	0	0	1	0	0	0	0	0
CP017039.1	3p	-	29	326	442	474	309	1551	16	11	6	11	0	1	1	4	1	1	4	2	0	0	1	0	0	0	0	1	0
CP017039.1	3p	-	30	355	454	419	324	1552	12	20	7	4	2	1	5	4	0	0	9	1	0	1	0	0	0	0	0	0	0
CP017039.1	3p	-	31	312	389	431	336	1468	8	12	7	9	1	1	1	3	1	3	1	4	0	0	0	0	0	0	0	0	0
CP017039.1	3p	-	32	315	401	399	280	1395	10	16	9	7	0	1	2	1	3	1	5	3	0	0	0	0	0	0	0	0	0
CP017039.1	3p	-	33	314	381	354	266	1315	6	19	8	4	0	0	3	3	0	0	4	4	0	0	0	0	0	0	0	0	0
CP017039.1	3p	-	34	275	342	339	293	1249	8	6	6	1	1	4	2	1	1	1	1	1	0	0	0	1	1	0	0	0	0
CP017039.1	3p	-	35	243	325	358	265	1191	8	12	8	9	0	2	2	2	2	2	1	4	0	0	0	0	0	0	0	1	0
CP017039.1	3p	-	36	237	329	328	225	1119	8	9	2	6	0	1	4	4	1	0	2	2	0	0	0	0	0	0	0	0	0
CP017039.1	3p	-	37	224	303	316	226	1069	1	6	3	3	0	1	1	1	2	4	4	3	0	0	1	0	1	1	0	0	0
CP017039.1	3p	-	38	230	291	297	203	1021	3	13	3	9	1	1	0	1	0	1	2	1	1	0	0	0	0	0	0	0	0
CP017039.1	3p	-	39	224	297	240	209	970	4	14	8	6	1	2	1	0	2	1	3	2	0	0	0	0	0	0	0	0	0
CP017039.1	3p	-	40	232	253	236	200	921	7	9	2	1	1	1	1	2	0	0	2	1	0	0	0	0	0	0	0	0	0
CP017039.1	3p	-	41	184	234	258	200	876	9	5	2	2	1	0	0	2	2	0	2	2	0	0	0	0	0	0	0	0	0
CP017039.1	3p	-	42	164	247	227	185	823	6	9	4	5	0	1	3	1	1	0	1	2	0	0	0	0	0	0	1	0	0
CP017039.1	3p	-	43	162	241	191	177	771	6	8	0	4	1	2	1	4	1	0	0	0	0	0	0	0	0	1	0	0	0
CP017039.1	3p	-	44	157	191	247	134	729	5	7	3	0	1	0	0	1	0	1	4	0	0	0	0	0	0	0	0	0	0
CP017039.1	3p	-	45	150	228	170	136	684	2	10	1	0	1	1	0	1	1	1	2	1	0	0	0	0	0	0	0	0	0
CP017039.1	3p	-	46	162	173	163	140	638	2	6	1	3	0	0	0	0	0	3	0	1	0	0	0	0	0	0	0	0	0
CP017039.1	3p	-	47	139	156	146	162	603	2	7	8	3	1	1	1	0	0	1	0	1	0	1	0	0	0	0	0	0	0
CP017039.1	3p	-	48	129	161	167	110	567	1	6	0	5	0	0	1	1	0	1	0	1	0	0	0	0	0	0	0	0	0
CP017039.1	3p	-	49	132	158	132	108	530	2	2	3	2	0	0	0	0	0	1	0	0	0	0	0	0	0	0	0	0	0
CP017039.1	3p	-	50	133	117	135	108	493	5	5	0	1	1	0	0	1	1	0	0	0	0	0	0	0	0	0	0	0	0
CP017039.1	3p	-	51	97	131	124	104	456	3	5	2	3	0	0	1	0	0	0	0	1	0	0	0	0	0	0	0	0	0
CP017039.1	3p	-	52	90	114	116	108	428	3	8	1	3	0	2	0	0	0	0	0	0	0	0	0	0	1	0	0	0	0
CP017039.1	3p	-	53	81	129	102	88	400	1	7	4	3	0	0	0	1	2	0	0	0	0	0	1	0	0	0	0	0	0
CP017039.1	3p	-	54	78	108	94	98	378	4	2	1	4	0	0	0	1	0	0	0	3	0	0	0	0	0	0	0	0	0
CP017039.1	3p	-	55	95	95	85	82	357	3	5	1	1	1	1	0	0	0	0	0	0	0	0	0	0	0	0	0	0	0
CP017039.1	3p	-	56	80	89	97	70	336	5	3	0	0	1	0	0	2	0	1	0	1	0	0	0	0	0	0	0	0	0
CP017039.1	3p	-	57	79	85	95	64	323	2	6	2	1	0	0	0	0	0	2	0	0	0	0	0	0	0	0	0	0	0
CP017039.1	3p	-	58	77	90	69	72	308	0	3	1	1	0	0	1	0	0	0	0	0	0	0	0	0	0	0	0	0	0
CP017039.1	3p	-	59	67	79	72	73	291	3	4	1	2	0	0	0	1	0	0	0	0	0	0	0	0	0	0	0	0	0
CP017039.1	3p	-	60	58	69	76	65	268	1	2	2	1	0	0	0	1	1	0	0	2	0	0	0	0	0	0	0	0	0
CP017039.1	3p	-	61	66	76	65	56	263	0	2	0	0	0	0	0	1	0	0	0	0	0	0	0	0	0	0	0	0	0
CP017039.1	3p	-	62	61	71	65	57	254	2	2	0	0	0	0	0	1	0	1	0	2	0	0	0	0	0	0	0	0	0
CP017039.1	3p	-	63	66	55	60	59	240	1	4	0	0	0	0	0	0	0	1	0	0	0	0	0	0	0	0	0	0	0
CP017039.1	3p	-	64	54	48	63	64	229	1	2	0	0	0	0	0	0	0	0	0	0	0	0	0	0	0	0	0	0	0
CP017039.1	3p	-	65	39	64	51	59	213	0	1	0	1	0	0	0	0	0	0	3	0	0	0	0	0	0	0	0	0	0
CP017039.1	3p	-	66	36	56	49	54	195	0	2	0	0	0	0	0	1	0	0	0	0	0	0	0	0	0	0	0	0	0
CP017039.1	3p	-	67	34	52	53	45	184	0	2	1	0	0	0	0	1	0	0	0	0	0	0	0	0	0	0	0	0	0
CP017039.1	3p	-	68	48	41	54	32	175	1	2	0	0	0	0	0	0	0	0	0	1	0	0	0	0	0	0	0	0	0
CP017039.1	3p	-	69	32	44	44	44	164	1	2	0	0	1	1	0	0	0	0	0	0	0	0	0	0	0	0	0	0	0
CP017039.1	3p	-	70	34	39	36	47	156	2	1	1	0	0	0	0	0	0	1	0	1	0	0	0	0	0	0	0	0	0
CP017039.1	5p	+	1	389	441	299	438	1567	20	54	3	10	2	2	3	5	1	1	2	5	0	0	0	0	0	0	0	0	1
CP017039.1	5p	+	2	388	431	377	371	1567	12	39	5	9	1	1	4	0	2	3	7	7	0	0	0	0	0	0	0	0	0
CP017039.1	5p	+	3	380	462	419	306	1567	13	20	9	8	3	1	1	1	3	1	6	6	0	0	0	1	0	0	0	0	0
CP017039.1	5p	+	4	390	450	368	358	1566	7	25	7	4	3	0	2	3	0	2	2	4	0	1	0	1	1	0	0	0	0
CP017039.1	5p	+	5	314	457	407	389	1567	13	17	5	8	3	3	6	2	2	2	4	6	0	0	0	1	0	0	0	0	0
CP017039.1	5p	+	6	317	451	442	356	1566	9	19	8	7	3	0	5	2	1	0	4	6	0	0	0	0	0	0	1	0	0
CP017039.1	5p	+	7	307	439	442	378	1566	3	16	8	8	1	2	2	2	0	1	2	3	0	0	0	0	0	1	0	0	0
CP017039.1	5p	+	8	335	458	437	335	1565	8	12	6	8	2	1	2	1	5	4	6	6	0	0	0	0	0	1	1	0	0
CP017039.1	5p	+	9	366	447	443	311	1567	7	16	7	8	1	1	3	3	2	0	3	2	0	0	0	0	0	0	0	0	0
CP017039.1	5p	+	10	333	441	439	354	1567	6	12	4	10	2	0	2	1	1	0	2	8	1	0	0	0	0	0	0	0	0
CP017039.1	5p	+	11	323	499	437	307	1566	7	16	16	12	0	3	2	0	3	2	3	1	0	1	0	0	0	0	0	1	0
CP017039.1	5p	+	12	350	459	428	329	1566	12	9	12	7	1	0	4	2	1	2	6	2	0	1	1	0	1	0	0	0	0
CP017039.1	5p	+	13	358	429	444	336	1567	9	11	11	6	0	2	1	2	0	0	5	1	0	1	0	0	0	0	0	0	0
CP017039.1	5p	+	14	281	483	464	338	1566	10	18	7	15	4	3	3	5	2	2	7	2	0	0	0	0	0	0	0	1	0
CP017039.1	5p	+	15	324	461	449	333	1567	9	19	9	8	0	2	6	3	2	4	4	3	0	0	0	0	0	0	0	0	0
CP017039.1	5p	+	16	351	457	417	341	1566	6	13	9	3	2	4	2	0	2	0	6	2	1	0	0	0	0	0	1	0	0
CP017039.1	5p	+	17	280	485	474	326	1565	17	15	7	6	1	0	5	4	6	0	2	2	0	0	0	0	0	0	1	1	0
CP017039.1	5p	+	18	310	484	460	313	1567	9	10	11	11	2	1	2	0	2	0	6	2	0	0	0	0	0	0	0	0	0
CP017039.1	5p	+	19	340	464	431	332	1567	6	6	4	4	1	0	5	5	1	1	2	4	0	0	0	0	0	0	0	0	0
CP017039.1	5p	+	20	278	477	506	305	1566	12	12	7	11	2	2	2	4	2	0	2	2	0	0	0	0	0	1	0	0	0
CP017039.1	5p	+	21	324	482	465	296	1567	10	9	8	8	8	0	7	4	1	1	4	3	0	0	0	0	0	0	0	0	0
CP017039.1	5p	+	22	309	417	488	353	1567	9	12	6	4	3	1	3	1	3	1	3	1	0	1	0	0	0	0	0	0	0
CP017039.1	5p	+	23	321	479	445	321	1566	6	11	12	7	4	1	4	4	0	1	1	1	0	0	0	0	0	0	0	1	0
CP017039.1	5p	+	24	335	474	460	297	1566	12	11	8	11	2	0	7	3	2	3	3	3	0	0	0	0	0	0	1	0	0
CP017039.1	5p	+	25	331	446	445	345	1567	15	10	10	10	0	1	2	2	2	1	2	3	0	0	0	0	0	0	0	0	0
CP017039.1	5p	+	26	309	487	467	304	1567	6	12	9	3	0	1	2	6	3	1	4	3	0	1	0	0	0	0	0	0	0
CP017039.1	5p	+	27	332	472	471	292	1567	9	20	6	10	1	4	8	1	2	0	2	3	0	0	1	0	0	0	0	0	0
CP017039.1	5p	+	28	337	444	468	318	1567	15	10	3	5	1	1	4	3	2	0	7	2	0	0	0	0	0	0	0	0	0
CP017039.1	5p	+	29	342	456	437	332	1567	16	12	12	7	1	1	5	1	0	3	4	3	0	0	0	0	0	0	0	0	0
CP017039.1	5p	+	30	320	420	514	313	1567	17	13	3	9	0	0	1	2	4	3	4	4	0	0	0	0	0	0	0	0	0
CP017039.1	5p	+	31	355	401	430	322	1508	21	7	9	5	3	0	3	4	0	3	4	3	0	0	0	0	0	0	0	0	0
CP017039.1	5p	+	32	283	420	394	324	1421	15	6	8	9	0	1	4	1	3	1	6	3	0	0	0	0	0	0	1	0	0
CP017039.1	5p	+	33	293	360	401	292	1346	22	11	7	7	1	1	2	4	3	1	2	1	0	0	0	0	0	0	0	0	0
CP017039.1	5p	+	34	301	335	364	282	1282	12	6	4	3	1	0	4	3	1	3	5	3	0	0	0	0	0	1	0	0	0
CP017039.1	5p	+	35	262	344	333	254	1193	14	11	5	2	1	1	5	5	3	0	1	3	0	1	0	0	0	0	0	0	0
CP017039.1	5p	+	36	233	343	337	229	1142	13	7	4	4	2	1	1	2	1	1	2	2	0	0	0	0	0	0	0	0	0
CP017039.1	5p	+	37	231	300	314	236	1081	12	4	7	1	0	1	3	3	3	0	2	2	0	0	0	0	0	0	1	0	0
CP017039.1	5p	+	38	191	314	304	210	1019	10	6	4	3	0	0	0	2	1	1	2	3	0	0	0	0	0	0	0	0	0
CP017039.1	5p	+	39	232	276	286	185	979	11	3	5	6	1	1	2	2	0	0	1	2	0	0	1	0	0	0	0	0	0
CP017039.1	5p	+	40	197	265	267	197	926	8	6	4	2	0	1	2	3	0	0	2	1	0	0	1	0	0	0	0	0	0
CP017039.1	5p	+	41	197	236	257	186	876	6	3	6	2	0	1	1	2	0	0	0	1	0	0	0	0	0	0	0	0	0
CP017039.1	5p	+	42	211	209	243	178	841	8	9	6	2	1	1	2	1	0	0	3	0	0	1	0	0	0	0	0	0	0
CP017039.1	5p	+	43	188	197	221	191	797	12	5	3	1	0	1	3	3	0	0	2	3	0	0	0	0	0	0	0	0	0
CP017039.1	5p	+	44	166	201	220	157	744	11	4	7	2	1	1	1	2	0	0	0	0	0	0	0	0	0	0	0	0	0
CP017039.1	5p	+	45	169	194	205	136	704	9	3	2	2	1	2	1	4	0	0	0	1	0	0	0	1	0	0	0	0	0
CP017039.1	5p	+	46	154	179	170	155	658	13	1	1	2	0	1	0	3	1	1	0	1	0	0	0	0	0	0	0	0	0
CP017039.1	5p	+	47	124	166	183	135	608	10	8	0	3	1	0	0	1	0	0	0	0	0	0	0	0	0	0	0	0	0
CP017039.1	5p	+	48	132	147	155	139	573	5	3	0	3	0	1	3	2	0	0	1	4	0	0	0	0	0	0	0	0	0
CP017039.1	5p	+	49	135	140	129	133	537	1	3	0	3	0	0	0	1	1	1	1	1	0	0	0	0	0	0	0	0	0
CP017039.1	5p	+	50	104	140	146	116	506	5	2	3	6	0	0	2	0	0	0	1	1	0	0	0	0	0	0	0	0	0
CP017039.1	5p	+	51	118	138	132	85	473	1	1	0	2	1	0	1	2	0	0	0	1	1	0	0	0	0	0	0	0	0
CP017039.1	5p	+	52	99	127	136	88	450	6	3	4	0	0	1	0	0	0	1	1	3	1	0	0	0	0	0	0	0	0
CP017039.1	5p	+	53	71	132	124	93	420	3	1	1	0	0	0	0	2	0	0	0	1	0	0	0	0	0	0	0	0	0
CP017039.1	5p	+	54	92	102	125	85	404	2	0	1	1	0	0	0	1	1	0	0	1	0	0	0	0	0	0	0	0	0
CP017039.1	5p	+	55	94	121	93	74	382	4	0	1	2	1	0	0	0	0	0	2	1	0	0	0	0	0	0	0	0	0
CP017039.1	5p	+	56	92	107	97	69	365	2	1	1	1	1	0	0	0	0	0	0	1	0	0	0	0	0	0	0	0	0
CP017039.1	5p	+	57	89	74	101	70	334	4	2	2	2	1	0	0	1	0	0	0	1	0	0	0	0	0	0	0	0	0
CP017039.1	5p	+	58	82	86	82	67	317	0	3	2	2	0	0	0	2	1	0	0	0	0	0	0	0	0	0	0	0	0
CP017039.1	5p	+	59	66	82	93	59	300	2	2	2	2	1	0	0	0	1	0	1	0	0	0	0	0	0	0	0	0	0
CP017039.1	5p	+	60	63	81	83	56	283	2	0	0	1	0	0	1	0	0	0	2	0	0	0	0	0	0	0	0	0	0
CP017039.1	5p	+	61	52	70	88	62	272	7	3	2	0	0	0	0	3	0	0	0	1	0	0	0	0	0	0	0	0	0
CP017039.1	5p	+	62	57	69	67	63	256	5	3	0	0	0	1	0	0	1	0	0	1	0	0	0	0	0	0	0	0	0
CP017039.1	5p	+	63	57	76	67	48	248	2	3	0	2	0	0	2	1	0	0	0	0	0	0	0	0	0	0	0	0	0
CP017039.1	5p	+	64	59	64	75	44	242	3	2	0	0	0	0	0	0	1	1	0	0	0	0	0	0	0	0	0	0	0
CP017039.1	5p	+	65	55	63	69	40	227	6	1	0	3	1	1	1	0	0	0	0	1	0	0	0	0	0	0	0	0	0
CP017039.1	5p	+	66	54	62	51	49	216	2	3	0	2	0	1	1	0	0	0	0	0	0	0	0	0	0	0	0	0	0
CP017039.1	5p	+	67	49	55	50	49	203	1	1	1	2	0	0	0	0	0	0	0	0	0	0	0	0	0	0	0	0	0
CP017039.1	5p	+	68	40	59	56	35	190	3	0	2	0	0	0	0	0	1	1	1	0	0	0	0	0	0	0	0	0	0
CP017039.1	5p	+	69	43	42	62	35	182	5	1	0	0	0	0	0	0	0	0	0	0	0	0	0	0	0	0	0	0	0
CP017039.1	5p	+	70	39	47	46	37	169	3	0	0	0	0	0	0	0	0	0	1	0	0	0	0	0	0	1	0	0	0
CP017039.1	5p	-	1	401	458	311	382	1552	13	49	11	3	3	4	1	2	2	1	8	2	0	0	0	0	0	0	0	0	1
CP017039.1	5p	-	2	383	407	382	380	1552	11	32	10	5	2	3	4	2	1	2	5	0	0	0	0	0	0	0	0	0	1
CP017039.1	5p	-	3	370	441	444	297	1552	10	18	7	9	2	3	2	6	1	4	6	3	0	1	0	0	0	0	0	0	0
CP017039.1	5p	-	4	414	413	358	366	1551	7	18	3	5	3	1	0	2	0	2	3	3	0	0	1	0	0	0	0	1	0
CP017039.1	5p	-	5	353	438	410	349	1550	10	24	10	10	3	0	2	3	3	1	0	4	0	0	1	1	0	1	0	1	0
CP017039.1	5p	-	6	327	441	467	316	1551	18	21	8	7	2	0	3	2	3	6	3	5	0	0	0	0	1	0	0	0	0
CP017039.1	5p	-	7	367	427	395	363	1552	6	13	6	6	1	0	6	1	1	0	2	6	0	0	0	0	0	0	0	0	0
CP017039.1	5p	-	8	314	440	430	367	1551	8	11	5	8	2	1	8	2	3	3	8	2	0	0	0	1	0	0	0	1	0
CP017039.1	5p	-	9	302	487	455	308	1552	11	11	5	10	1	2	2	4	2	4	2	5	0	0	0	0	0	0	0	0	0
CP017039.1	5p	-	10	345	448	417	342	1552	4	11	9	10	2	2	3	3	1	1	8	2	0	0	0	0	0	0	0	0	0
CP017039.1	5p	-	11	304	458	467	323	1552	15	21	2	12	3	2	3	4	3	0	2	2	0	0	0	0	0	0	0	0	0
CP017039.1	5p	-	12	302	474	486	289	1551	8	19	9	4	0	0	4	1	2	2	8	3	0	0	0	0	0	0	1	0	0
CP017039.1	5p	-	13	348	431	454	319	1552	8	9	10	11	2	1	2	6	0	0	3	4	1	0	0	0	0	0	0	0	0
CP017039.1	5p	-	14	302	452	450	348	1552	6	8	7	7	0	0	3	5	1	1	3	2	0	0	1	0	0	0	0	0	0
CP017039.1	5p	-	15	295	473	477	306	1551	12	7	4	20	0	1	6	2	1	1	3	1	0	0	1	0	0	0	0	1	0
CP017039.1	5p	-	16	357	383	485	327	1552	5	12	10	7	1	2	3	3	1	2	0	2	0	0	0	0	0	0	0	0	0
CP017039.1	5p	-	17	300	473	456	321	1550	10	9	7	8	2	2	4	3	3	1	7	3	0	0	0	0	2	0	0	0	0
CP017039.1	5p	-	18	316	445	474	317	1552	9	8	9	8	1	1	3	5	2	1	3	4	0	0	0	0	0	0	0	0	0
CP017039.1	5p	-	19	326	413	469	344	1552	13	9	4	4	1	0	4	4	1	2	4	0	0	1	0	0	0	0	0	0	0
CP017039.1	5p	-	20	317	495	458	282	1552	13	10	9	6	2	2	4	6	2	0	1	6	0	0	1	0	0	0	0	0	0
CP017039.1	5p	-	21	308	427	500	317	1552	20	7	13	7	2	0	3	3	1	1	6	5	0	0	1	0	0	0	0	0	0
CP017039.1	5p	-	22	337	431	462	322	1552	11	8	10	7	2	1	1	1	2	0	2	3	0	0	0	1	0	0	0	0	0
CP017039.1	5p	-	23	315	459	465	312	1551	15	12	8	8	2	1	8	3	4	2	6	5	0	1	0	0	0	1	0	0	0
CP017039.1	5p	-	24	300	461	498	291	1550	12	12	6	7	3	1	1	7	2	0	7	4	0	0	1	0	0	0	1	1	0
CP017039.1	5p	-	25	327	449	432	343	1551	10	7	4	4	2	1	2	3	5	1	3	4	0	0	0	0	0	0	0	1	0
CP017039.1	5p	-	26	311	488	447	306	1552	10	13	5	10	1	2	2	4	2	0	4	1	0	0	0	0	0	0	0	0	0
CP017039.1	5p	-	27	330	458	470	294	1552	7	10	9	8	1	1	4	4	3	3	4	5	0	0	0	0	0	0	0	0	0
CP017039.1	5p	-	28	339	410	470	333	1552	12	7	8	9	3	0	5	3	0	0	4	3	0	0	0	0	0	0	0	0	0
CP017039.1	5p	-	29	300	487	439	326	1552	10	12	6	9	4	2	3	8	5	2	4	2	0	0	0	0	0	0	0	0	0
CP017039.1	5p	-	30	327	415	474	336	1552	19	8	8	7	1	1	2	4	3	3	8	5	0	0	0	0	0	0	0	0	0
CP017039.1	5p	-	31	356	394	406	312	1468	5	1	9	9	1	1	2	2	1	3	2	3	0	0	0	0	0	0	0	0	0
CP017039.1	5p	-	32	295	395	395	310	1395	9	12	6	3	1	0	3	3	2	2	2	3	0	0	0	0	0	0	0	0	0
CP017039.1	5p	-	33	284	345	403	283	1315	17	14	7	6	1	0	4	4	2	0	1	3	0	0	0	0	0	0	0	0	0
CP017039.1	5p	-	34	319	308	367	256	1250	11	4	2	4	1	0	0	1	2	0	1	4	0	0	1	0	0	0	0	0	0
CP017039.1	5p	-	35	264	330	312	286	1192	13	13	2	3	2	1	5	3	0	0	2	3	0	0	0	1	0	0	0	0	0
CP017039.1	5p	-	36	254	290	335	239	1118	7	5	4	9	3	2	3	5	1	0	3	4	0	0	0	0	1	0	0	0	0
CP017039.1	5p	-	37	234	283	300	254	1071	10	5	3	3	1	1	0	1	2	0	0	3	0	0	0	0	0	0	0	0	0
CP017039.1	5p	-	38	245	281	275	220	1021	9	6	4	2	2	0	2	3	0	0	1	1	0	0	0	0	0	0	0	0	0
CP017039.1	5p	-	39	204	268	288	210	970	12	7	7	2	1	1	0	3	2	1	2	3	0	0	0	0	0	0	0	0	0
CP017039.1	5p	-	40	217	221	262	221	921	9	4	3	4	2	1	0	1	2	0	0	3	0	0	0	0	0	0	0	0	0
CP017039.1	5p	-	41	177	233	259	207	876	13	3	5	10	0	0	3	4	0	1	2	2	0	0	0	0	0	0	0	0	0
CP017039.1	5p	-	42	159	227	255	183	824	9	2	5	2	0	1	4	1	1	0	1	2	0	0	0	0	0	0	0	0	0
CP017039.1	5p	-	43	186	200	216	170	772	10	2	4	4	0	0	1	1	0	1	0	1	0	0	0	0	0	0	0	0	0
CP017039.1	5p	-	44	191	187	185	166	729	4	4	1	2	1	1	1	1	1	0	1	2	0	0	0	0	0	0	0	0	0
CP017039.1	5p	-	45	176	174	198	136	684	13	4	6	5	0	0	0	6	2	0	0	0	0	0	0	0	0	0	0	0	0
CP017039.1	5p	-	46	165	160	174	139	638	6	4	1	3	0	1	1	0	0	1	0	0	0	0	0	0	0	0	0	0	0
CP017039.1	5p	-	47	144	169	158	132	603	7	3	6	3	0	0	0	0	1	1	0	3	0	0	0	0	0	0	0	0	0
CP017039.1	5p	-	48	128	133	194	112	567	6	0	1	1	0	0	2	2	0	1	1	2	0	0	0	0	0	0	0	0	0
CP017039.1	5p	-	49	119	128	167	116	530	8	2	1	2	1	0	1	2	0	0	0	0	0	0	0	0	0	0	0	0	0
CP017039.1	5p	-	50	107	132	145	109	493	7	3	1	2	0	0	0	3	0	2	2	0	0	0	0	0	0	0	0	0	0
CP017039.1	5p	-	51	117	107	133	99	456	4	1	3	1	0	2	2	2	1	0	1	3	0	0	0	0	0	0	0	0	0
CP017039.1	5p	-	52	110	117	123	78	428	6	3	1	1	1	0	0	0	0	0	0	0	0	0	0	0	0	1	0	0	0
CP017039.1	5p	-	53	94	105	105	96	400	1	2	1	0	0	1	1	0	1	1	0	0	0	0	0	0	0	0	0	0	0
CP017039.1	5p	-	54	72	110	115	81	378	6	0	1	2	0	0	2	1	0	0	0	0	0	0	0	0	0	0	0	0	0
CP017039.1	5p	-	55	84	97	96	80	357	1	2	0	1	0	0	0	0	0	1	0	0	0	0	0	0	0	0	0	0	0
CP017039.1	5p	-	56	68	85	97	86	336	2	3	2	1	0	0	0	1	0	0	0	0	0	1	0	0	0	0	0	0	0
CP017039.1	5p	-	57	77	91	83	72	323	2	0	1	0	0	1	1	0	1	0	0	1	0	0	0	0	0	0	0	0	0
CP017039.1	5p	-	58	71	80	82	75	308	7	1	1	1	0	0	0	2	0	0	0	2	0	0	0	0	0	0	0	0	0
CP017039.1	5p	-	59	57	78	81	75	291	1	2	1	2	0	0	0	0	0	0	0	0	0	0	0	0	0	0	0	0	0
CP017039.1	5p	-	60	53	73	86	56	268	4	1	1	0	0	0	0	1	1	0	0	2	0	0	0	0	0	0	0	0	0
CP017039.1	5p	-	61	66	69	67	61	263	4	2	1	1	1	0	0	0	0	1	0	0	0	0	0	0	0	0	0	0	0
CP017039.1	5p	-	62	56	78	60	60	254	1	1	3	1	0	1	0	0	0	1	1	0	0	0	0	0	0	0	0	0	0
CP017039.1	5p	-	63	52	69	71	48	240	0	2	1	1	0	0	0	0	0	0	0	0	0	0	0	0	0	0	0	0	0
CP017039.1	5p	-	64	47	57	67	58	229	2	2	1	2	0	0	0	0	1	0	0	0	0	0	0	0	0	0	0	0	0
CP017039.1	5p	-	65	49	73	55	36	213	2	0	0	1	0	0	0	1	0	0	0	0	0	0	0	0	0	0	0	0	0
CP017039.1	5p	-	66	41	53	58	43	195	3	7	0	1	0	0	1	0	0	0	0	0	0	0	0	0	0	0	0	0	0
CP017039.1	5p	-	67	51	40	47	46	184	1	1	0	0	0	0	0	1	0	0	0	1	0	0	0	0	0	0	0	0	0
CP017039.1	5p	-	68	48	31	45	51	175	0	0	0	0	1	1	0	1	0	0	0	0	0	0	0	0	0	0	0	0	0
CP017039.1	5p	-	69	42	41	43	38	164	2	1	3	0	0	0	1	0	0	1	1	0	0	0	0	0	0	0	0	0	0
CP017039.1	5p	-	70	36	43	34	43	156	2	0	1	0	0	0	0	1	0	0	0	0	0	0	0	0	0	0	0	0	0
