# table produced by mapDamage version 2.2.3
# using mapped file /mnt/archgen/microbiome_calculus/library_ds_vs_ss/04-analysis/normalize_kraken/mapping/lautropia_mirabilis/out/CDM019.A0101.SG1.1_5M.mapped_l_mirabilis_q25l30_rmdup.bam and /mnt/archgen/microbiome_calculus/library_ds_vs_ss/04-analysis/normalize_kraken/mapping/lautropia_mirabilis/input/GCF_900637555.1_51726_E01_genomic.fna as reference file
# Chr: reference from sam/bam header, End: from which termini of DNA sequences, Std: strand of reads
Chr	End	Std	Pos	A	C	G	T	Total	G>A	C>T	A>G	T>C	A>C	A>T	C>G	C>A	T>G	T>A	G>C	G>T	A>-	T>-	C>-	G>-	->A	->T	->C	->G	S
NZ_LR134378.1	3p	+	1	260	424	418	219	1321	138	6	6	4	0	1	5	3	1	1	10	2	0	0	0	0	0	0	0	0	0
NZ_LR134378.1	3p	+	2	256	421	398	246	1321	100	2	4	6	1	1	1	5	1	2	1	2	0	0	0	0	0	0	0	0	0
NZ_LR134378.1	3p	+	3	218	446	408	249	1321	71	10	3	13	4	0	6	4	2	2	4	1	0	0	0	0	0	0	0	0	0
NZ_LR134378.1	3p	+	4	255	406	414	246	1321	48	4	4	6	4	0	9	1	1	1	4	2	0	0	0	0	0	0	0	0	0
NZ_LR134378.1	3p	+	5	240	434	439	208	1321	41	1	4	8	0	0	5	0	3	0	6	3	0	0	0	0	0	0	0	0	0
NZ_LR134378.1	3p	+	6	260	437	400	224	1321	35	4	4	10	2	2	4	2	0	0	6	1	0	0	0	0	0	0	0	0	0
NZ_LR134378.1	3p	+	7	226	423	441	231	1321	37	9	8	8	3	1	3	1	2	0	1	4	0	0	0	0	0	0	0	0	0
NZ_LR134378.1	3p	+	8	222	482	391	226	1321	25	6	4	5	0	1	5	2	2	0	3	2	0	0	0	0	0	0	0	0	0
NZ_LR134378.1	3p	+	9	187	435	449	248	1319	26	8	1	10	3	1	2	2	3	1	3	3	0	0	0	0	0	1	0	1	0
NZ_LR134378.1	3p	+	10	217	438	438	228	1321	15	5	5	1	1	1	3	0	0	0	8	3	0	0	0	0	0	0	0	0	0
NZ_LR134378.1	3p	+	11	234	430	420	237	1321	19	11	5	4	0	0	5	1	0	1	3	1	0	0	0	0	0	0	0	0	0
NZ_LR134378.1	3p	+	12	231	445	424	221	1321	17	7	3	10	4	0	3	2	0	2	2	0	0	0	0	0	0	0	0	0	0
NZ_LR134378.1	3p	+	13	235	420	432	234	1321	16	2	4	4	2	0	6	0	2	1	2	2	0	0	0	0	0	0	0	0	0
NZ_LR134378.1	3p	+	14	234	414	446	226	1320	11	10	5	9	0	2	4	3	2	0	1	2	0	0	0	1	1	0	0	0	0
NZ_LR134378.1	3p	+	15	223	456	435	207	1321	14	9	0	9	1	0	11	3	2	1	2	3	0	0	0	0	0	0	0	0	0
NZ_LR134378.1	3p	+	16	233	437	420	231	1321	14	5	5	4	0	0	1	1	0	0	5	2	0	0	1	0	0	0	0	0	0
NZ_LR134378.1	3p	+	17	254	434	433	199	1320	14	8	7	5	1	1	2	3	1	1	6	5	0	0	1	0	0	1	0	0	0
NZ_LR134378.1	3p	+	18	240	445	418	218	1321	10	7	5	5	1	0	6	1	1	0	5	3	0	0	0	0	0	0	0	0	0
NZ_LR134378.1	3p	+	19	231	439	431	220	1321	14	6	11	6	0	0	1	1	2	0	1	1	0	0	0	0	0	0	0	0	0
NZ_LR134378.1	3p	+	20	240	459	423	199	1321	8	10	4	5	1	1	4	0	0	0	6	2	0	0	0	0	0	0	0	0	0
NZ_LR134378.1	3p	+	21	229	452	452	187	1320	10	7	3	3	1	0	6	1	1	2	3	1	0	0	0	0	0	0	0	1	0
NZ_LR134378.1	3p	+	22	213	447	437	223	1320	10	11	4	4	3	1	3	2	0	0	0	0	0	0	0	0	0	0	1	0	0
NZ_LR134378.1	3p	+	23	212	464	441	204	1321	11	9	3	8	0	0	6	2	3	0	4	1	0	0	0	0	0	0	0	0	0
NZ_LR134378.1	3p	+	24	219	453	430	219	1321	13	11	10	6	1	0	4	1	0	0	1	0	0	1	0	0	0	0	0	0	0
NZ_LR134378.1	3p	+	25	221	403	471	226	1321	6	9	7	3	4	0	7	1	0	1	5	1	0	0	0	0	0	0	0	0	0
NZ_LR134378.1	3p	+	26	211	423	455	232	1321	7	15	3	5	1	0	7	2	1	1	7	5	0	0	0	0	0	0	0	0	0
NZ_LR134378.1	3p	+	27	195	464	429	232	1320	11	13	3	4	2	0	4	0	0	2	6	3	0	0	0	0	0	1	0	0	0
NZ_LR134378.1	3p	+	28	230	446	413	232	1321	8	8	9	7	0	0	0	4	0	0	4	2	0	0	0	0	0	0	0	0	0
NZ_LR134378.1	3p	+	29	235	435	439	212	1321	8	7	7	6	1	1	7	2	1	0	4	3	0	1	0	0	0	0	0	0	0
NZ_LR134378.1	3p	+	30	228	461	422	210	1321	9	18	9	7	2	1	3	1	0	0	9	1	0	0	0	0	0	0	0	0	0
NZ_LR134378.1	3p	+	31	226	445	409	199	1279	6	18	2	7	1	1	4	2	2	0	8	3	0	0	0	0	0	0	0	0	0
NZ_LR134378.1	3p	+	32	213	421	400	200	1234	9	16	4	10	2	1	5	0	0	3	4	3	1	0	0	0	0	0	0	0	0
NZ_LR134378.1	3p	+	33	192	416	386	200	1194	6	21	7	9	1	0	4	0	0	1	1	2	0	0	0	0	0	0	0	0	0
NZ_LR134378.1	3p	+	34	199	362	388	197	1146	12	10	4	2	1	0	3	0	1	0	4	3	0	0	0	0	0	0	0	0	0
NZ_LR134378.1	3p	+	35	161	375	391	185	1112	7	23	4	7	0	0	3	2	0	0	2	1	0	0	0	0	0	0	0	0	0
NZ_LR134378.1	3p	+	36	188	354	356	169	1067	7	22	8	3	1	0	3	1	1	0	6	1	0	0	0	0	1	0	0	0	0
NZ_LR134378.1	3p	+	37	163	343	326	197	1029	5	25	3	5	0	1	2	0	1	0	4	0	0	0	0	0	0	0	0	0	0
NZ_LR134378.1	3p	+	38	158	346	336	152	992	9	20	5	4	1	0	4	1	1	0	2	3	0	0	0	0	0	0	0	0	0
NZ_LR134378.1	3p	+	39	161	317	310	172	960	5	21	1	4	4	2	0	1	3	0	1	0	0	0	0	0	0	0	0	0	0
NZ_LR134378.1	3p	+	40	164	286	315	165	930	6	24	2	5	0	0	1	0	0	2	1	1	0	0	0	0	0	0	0	0	0
NZ_LR134378.1	3p	+	41	149	303	306	143	901	7	15	3	4	1	0	3	0	1	1	1	0	0	0	0	0	0	0	0	0	0
NZ_LR134378.1	3p	+	42	127	286	306	144	863	9	23	6	6	0	0	0	0	1	1	1	1	0	0	0	0	0	0	0	0	0
NZ_LR134378.1	3p	+	43	143	263	278	142	826	7	12	2	2	0	0	1	1	0	0	1	0	0	0	0	0	0	0	0	0	0
NZ_LR134378.1	3p	+	44	131	254	275	128	788	11	21	2	5	0	1	3	1	3	0	0	0	0	0	0	0	0	0	0	0	0
NZ_LR134378.1	3p	+	45	134	254	238	124	750	6	20	3	3	0	0	2	1	0	1	1	2	0	0	0	0	0	0	0	0	0
NZ_LR134378.1	3p	+	46	133	212	242	139	726	4	14	1	3	0	1	0	1	0	1	0	0	0	0	0	0	0	0	0	0	0
NZ_LR134378.1	3p	+	47	119	225	244	102	690	4	17	1	6	1	1	1	0	0	3	0	1	0	0	0	0	0	0	0	0	0
NZ_LR134378.1	3p	+	48	108	203	225	123	659	3	18	5	2	0	2	1	0	1	0	0	0	0	0	0	1	0	0	0	0	0
NZ_LR134378.1	3p	+	49	116	194	209	106	625	2	13	4	5	0	0	2	0	0	0	5	1	0	0	0	0	0	0	0	0	0
NZ_LR134378.1	3p	+	50	104	202	198	102	606	3	16	2	1	0	0	0	1	0	0	0	0	0	0	0	0	0	0	0	0	0
NZ_LR134378.1	3p	+	51	98	183	193	104	578	2	9	1	3	2	0	2	0	0	0	0	0	0	0	0	0	0	0	0	0	0
NZ_LR134378.1	3p	+	52	102	170	184	99	555	2	12	2	2	0	0	1	1	0	0	0	0	0	0	0	0	0	0	1	0	0
NZ_LR134378.1	3p	+	53	101	167	173	92	533	1	11	5	2	0	1	2	1	0	1	0	1	0	0	0	0	0	0	0	0	0
NZ_LR134378.1	3p	+	54	86	170	175	81	512	1	8	0	4	0	0	0	0	0	1	1	1	0	0	0	0	0	0	0	0	0
NZ_LR134378.1	3p	+	55	89	155	161	88	493	0	16	1	2	1	0	0	1	1	0	3	0	0	0	0	0	0	0	0	0	0
NZ_LR134378.1	3p	+	56	86	152	165	70	473	1	16	2	2	0	0	1	0	0	0	0	1	0	0	0	0	0	0	0	1	0
NZ_LR134378.1	3p	+	57	75	155	149	75	454	4	17	1	2	0	0	0	1	0	0	0	0	0	0	0	0	0	0	0	0	0
NZ_LR134378.1	3p	+	58	64	132	158	75	429	2	11	0	0	0	1	0	0	0	0	1	2	0	0	0	0	0	0	0	0	0
NZ_LR134378.1	3p	+	59	70	122	140	71	403	1	15	0	3	1	1	1	0	0	0	1	1	0	0	0	0	0	0	0	0	0
NZ_LR134378.1	3p	+	60	66	114	126	78	384	0	6	2	2	0	1	0	0	0	0	0	0	0	1	0	0	0	0	0	0	0
NZ_LR134378.1	3p	+	61	61	128	108	69	366	1	13	1	3	0	0	2	0	0	0	0	0	0	0	0	0	0	0	0	0	0
NZ_LR134378.1	3p	+	62	66	117	120	46	349	5	11	1	1	1	0	0	0	0	0	1	1	0	0	0	0	0	0	0	0	0
NZ_LR134378.1	3p	+	63	63	113	98	56	330	1	6	3	0	0	0	0	0	0	1	1	0	0	0	0	0	0	0	0	0	0
NZ_LR134378.1	3p	+	64	67	98	96	58	319	0	11	2	0	0	0	1	1	0	0	2	0	0	0	0	0	0	0	0	0	0
NZ_LR134378.1	3p	+	65	51	108	110	35	304	2	9	3	1	0	0	1	0	0	1	1	0	0	0	0	0	0	0	0	0	0
NZ_LR134378.1	3p	+	66	57	95	94	42	288	3	4	2	2	0	1	0	0	0	0	1	1	0	0	0	0	0	0	0	0	0
NZ_LR134378.1	3p	+	67	53	85	86	50	274	1	14	0	1	0	0	0	0	0	0	0	0	0	0	0	0	0	0	0	0	0
NZ_LR134378.1	3p	+	68	42	93	82	42	259	1	9	1	0	0	0	1	0	0	0	0	0	0	0	0	0	0	0	0	0	0
NZ_LR134378.1	3p	+	69	49	79	76	40	244	3	8	2	1	0	0	0	0	0	0	1	0	0	0	0	0	0	0	0	0	0
NZ_LR134378.1	3p	+	70	40	79	61	49	229	2	5	2	0	0	0	1	0	0	0	0	0	0	0	0	0	0	0	0	0	0
NZ_LR134378.1	3p	-	1	296	361	389	203	1249	121	5	7	9	1	0	2	6	2	0	7	3	0	0	0	0	0	0	0	0	0
NZ_LR134378.1	3p	-	2	224	420	397	208	1249	93	4	4	5	1	0	9	5	2	3	6	5	0	0	0	0	0	0	0	0	0
NZ_LR134378.1	3p	-	3	207	416	405	221	1249	70	6	2	5	0	1	3	1	1	1	6	1	0	0	0	0	0	0	0	0	0
NZ_LR134378.1	3p	-	4	207	383	425	234	1249	52	2	3	1	0	2	5	2	0	0	4	2	0	0	0	0	0	0	0	0	0
NZ_LR134378.1	3p	-	5	203	424	403	219	1249	45	5	2	10	1	1	9	1	1	0	6	1	1	0	0	0	0	0	0	0	0
NZ_LR134378.1	3p	-	6	227	436	392	193	1248	42	8	4	3	0	0	7	5	1	2	7	0	0	0	0	0	0	0	0	1	0
NZ_LR134378.1	3p	-	7	209	410	401	227	1247	29	7	6	9	0	1	4	5	1	0	2	0	1	0	0	0	1	0	1	0	0
NZ_LR134378.1	3p	-	8	206	426	425	192	1249	24	12	4	6	0	1	7	2	0	1	6	1	0	0	0	0	0	0	0	0	0
NZ_LR134378.1	3p	-	9	218	394	423	214	1249	19	10	5	5	3	4	5	0	3	2	9	3	0	0	0	0	0	0	0	0	0
NZ_LR134378.1	3p	-	10	219	389	424	217	1249	16	7	6	3	1	0	6	0	1	1	5	3	1	0	0	0	0	0	0	0	0
NZ_LR134378.1	3p	-	11	198	438	399	214	1249	25	7	3	3	1	5	4	2	1	1	4	3	1	0	0	0	0	0	0	0	0
NZ_LR134378.1	3p	-	12	192	413	421	223	1249	21	6	6	4	0	0	7	3	2	1	8	3	0	0	0	0	0	0	0	0	0
NZ_LR134378.1	3p	-	13	234	389	403	223	1249	15	2	5	8	3	1	4	2	0	0	2	1	0	0	0	0	0	0	0	0	0
NZ_LR134378.1	3p	-	14	218	419	405	207	1249	18	5	5	4	2	1	3	3	1	1	7	0	0	0	0	0	0	0	0	0	0
NZ_LR134378.1	3p	-	15	205	452	393	199	1249	8	7	4	5	1	0	6	2	1	0	8	2	1	0	0	0	0	0	0	0	0
NZ_LR134378.1	3p	-	16	207	419	416	207	1249	11	8	4	4	1	0	1	1	0	1	3	2	0	0	0	0	0	0	0	0	0
NZ_LR134378.1	3p	-	17	192	416	442	199	1249	13	8	5	5	0	1	4	3	1	1	6	2	1	0	0	0	0	0	0	0	0
NZ_LR134378.1	3p	-	18	215	424	411	199	1249	10	5	6	6	0	0	3	0	1	0	6	2	0	0	0	1	0	0	0	0	0
NZ_LR134378.1	3p	-	19	227	422	397	202	1248	10	6	4	2	1	2	2	0	4	0	3	1	0	0	0	0	0	0	0	1	0
NZ_LR134378.1	3p	-	20	220	420	409	200	1249	13	10	9	6	2	0	4	2	1	2	6	1	0	0	0	0	0	0	0	0	0
NZ_LR134378.1	3p	-	21	183	450	418	197	1248	9	6	6	5	1	2	2	2	0	0	6	1	0	0	0	0	0	0	0	1	0
NZ_LR134378.1	3p	-	22	204	393	427	225	1249	9	13	5	7	2	1	1	1	1	2	5	1	0	0	0	0	0	0	0	0	0
NZ_LR134378.1	3p	-	23	213	400	416	220	1249	10	5	7	7	0	0	6	1	1	1	3	2	1	0	0	0	0	0	0	0	0
NZ_LR134378.1	3p	-	24	182	455	406	206	1249	12	8	5	4	1	1	8	2	1	1	5	2	0	0	1	0	0	0	0	0	0
NZ_LR134378.1	3p	-	25	205	387	430	227	1249	7	8	5	3	1	1	5	1	1	0	5	1	0	0	1	0	0	0	0	0	0
NZ_LR134378.1	3p	-	26	191	426	440	192	1249	11	14	6	9	1	2	4	3	1	0	9	1	0	1	0	0	0	0	0	0	0
NZ_LR134378.1	3p	-	27	202	410	427	209	1248	8	11	5	6	1	1	2	2	0	1	5	1	2	0	0	0	1	0	0	0	0
NZ_LR134378.1	3p	-	28	223	390	411	225	1249	8	11	3	6	2	1	2	0	1	1	5	1	0	0	0	0	0	0	0	0	0
NZ_LR134378.1	3p	-	29	193	387	429	240	1249	9	23	6	5	0	0	7	2	1	0	4	2	0	0	0	0	0	0	0	0	0
NZ_LR134378.1	3p	-	30	189	419	423	218	1249	11	25	8	4	1	2	9	1	1	0	3	1	0	0	0	0	0	0	0	0	0
NZ_LR134378.1	3p	-	31	196	401	413	198	1208	7	19	3	4	0	1	5	1	0	0	6	3	0	0	0	0	0	0	0	0	0
NZ_LR134378.1	3p	-	32	164	396	413	187	1160	9	19	4	1	1	1	6	2	0	0	8	0	1	0	0	0	0	0	0	0	0
NZ_LR134378.1	3p	-	33	187	365	373	195	1120	9	26	6	4	2	1	5	0	2	1	3	4	0	0	0	0	0	0	0	0	0
NZ_LR134378.1	3p	-	34	176	337	378	194	1085	15	11	4	2	1	0	4	0	0	2	2	1	0	0	0	0	0	0	0	0	0
NZ_LR134378.1	3p	-	35	178	334	347	182	1041	8	23	5	4	5	0	2	0	0	0	4	1	0	0	1	0	0	0	0	0	0
NZ_LR134378.1	3p	-	36	176	383	296	154	1009	4	16	2	5	3	1	3	1	0	0	3	1	0	0	0	0	0	0	0	0	0
NZ_LR134378.1	3p	-	37	166	316	318	176	976	5	22	7	2	2	0	3	1	1	0	3	2	0	0	0	0	0	0	0	1	0
NZ_LR134378.1	3p	-	38	143	309	331	157	940	11	14	4	6	0	0	2	0	0	0	4	0	0	0	0	0	0	0	0	0	0
NZ_LR134378.1	3p	-	39	160	293	290	159	902	5	20	3	9	0	0	5	0	0	1	0	2	1	0	0	0	0	0	0	0	0
NZ_LR134378.1	3p	-	40	156	288	259	166	869	6	20	2	3	1	0	2	1	1	0	2	0	0	0	0	0	0	0	0	0	0
NZ_LR134378.1	3p	-	41	157	279	273	133	842	3	20	5	1	2	1	3	0	0	1	2	0	0	0	1	0	0	0	0	0	0
NZ_LR134378.1	3p	-	42	116	285	284	131	816	6	15	2	2	1	0	6	3	1	0	2	1	0	0	0	0	0	0	0	0	0
NZ_LR134378.1	3p	-	43	159	229	272	116	776	6	12	3	1	0	0	0	1	0	0	2	0	0	0	0	0	0	0	0	0	0
NZ_LR134378.1	3p	-	44	119	240	254	121	734	2	15	1	2	2	1	4	0	0	0	2	0	0	0	0	0	0	0	0	0	0
NZ_LR134378.1	3p	-	45	121	241	209	119	690	3	23	5	3	1	0	1	0	0	0	1	0	0	0	0	0	0	0	0	0	0
NZ_LR134378.1	3p	-	46	116	213	227	102	658	8	27	1	1	2	0	1	0	0	1	2	0	0	0	0	0	0	0	0	0	0
NZ_LR134378.1	3p	-	47	105	214	200	106	625	4	18	3	1	0	0	2	2	0	1	1	0	0	0	0	0	0	0	1	0	0
NZ_LR134378.1	3p	-	48	94	208	195	99	596	2	17	4	3	0	1	0	0	0	0	1	0	0	0	0	0	0	0	0	0	0
NZ_LR134378.1	3p	-	49	107	190	192	83	572	5	16	2	1	0	0	0	0	0	0	0	1	0	0	0	0	0	0	0	0	0
NZ_LR134378.1	3p	-	50	105	150	198	94	547	1	12	5	1	0	0	0	0	0	0	1	2	0	0	0	0	0	0	0	0	0
NZ_LR134378.1	3p	-	51	79	175	187	78	519	2	18	0	2	0	0	0	2	0	0	0	0	0	0	0	0	0	0	0	0	0
NZ_LR134378.1	3p	-	52	88	159	158	86	491	0	7	1	2	0	1	1	1	1	0	0	1	0	0	0	0	0	0	0	0	0
NZ_LR134378.1	3p	-	53	98	142	143	87	470	3	11	0	1	0	0	0	0	2	0	1	0	0	0	0	0	0	0	0	0	0
NZ_LR134378.1	3p	-	54	77	143	167	75	462	1	18	0	1	0	0	0	1	0	0	2	0	0	0	0	1	0	0	0	0	0
NZ_LR134378.1	3p	-	55	77	139	140	90	446	3	13	1	1	0	0	0	0	2	0	2	0	0	0	0	0	0	0	0	0	0
NZ_LR134378.1	3p	-	56	66	138	151	67	422	2	10	0	1	0	0	1	0	0	0	0	2	0	0	0	0	0	0	0	0	0
NZ_LR134378.1	3p	-	57	58	138	136	78	410	6	6	2	2	1	0	0	1	0	0	0	2	0	0	0	0	0	0	0	0	0
NZ_LR134378.1	3p	-	58	71	121	124	79	395	2	4	0	1	0	1	1	1	0	1	1	1	0	0	0	0	0	0	0	0	0
NZ_LR134378.1	3p	-	59	83	115	118	65	381	1	5	0	0	2	0	0	0	1	0	1	0	0	0	0	0	0	0	0	0	0
NZ_LR134378.1	3p	-	60	57	128	121	62	368	3	11	2	1	0	0	0	0	1	0	2	0	0	0	0	0	0	0	0	0	0
NZ_LR134378.1	3p	-	61	54	102	129	68	353	1	6	0	1	0	0	0	1	1	0	1	0	0	0	0	0	0	0	0	0	0
NZ_LR134378.1	3p	-	62	60	125	98	52	335	1	13	0	1	0	0	2	0	1	0	1	1	0	0	0	0	0	0	0	0	0
NZ_LR134378.1	3p	-	63	58	100	107	61	326	3	6	2	3	1	0	0	0	0	0	1	0	0	0	0	0	0	0	0	0	0
NZ_LR134378.1	3p	-	64	67	100	93	58	318	2	4	1	3	0	0	1	1	0	0	0	0	0	0	0	0	0	0	0	0	0
NZ_LR134378.1	3p	-	65	59	93	105	49	306	4	12	0	1	0	0	0	0	0	1	0	0	0	0	0	0	0	0	0	0	0
NZ_LR134378.1	3p	-	66	51	97	98	45	291	0	10	2	0	0	0	0	0	0	0	1	0	0	0	0	0	0	0	0	0	0
NZ_LR134378.1	3p	-	67	48	83	87	60	278	1	6	2	1	0	0	0	0	0	0	0	1	0	0	0	0	0	0	0	0	0
NZ_LR134378.1	3p	-	68	50	87	74	53	264	1	6	0	0	0	0	1	0	0	0	0	1	0	0	0	0	0	0	0	0	0
NZ_LR134378.1	3p	-	69	29	93	86	41	249	2	6	1	0	0	1	2	0	1	0	1	1	0	0	0	0	0	0	0	0	0
NZ_LR134378.1	3p	-	70	35	75	84	48	242	2	12	0	2	0	0	1	0	1	0	0	1	0	0	0	0	0	0	0	0	0
NZ_LR134378.1	5p	+	1	222	447	387	265	1321	11	168	10	8	2	4	4	1	3	2	8	7	0	0	0	0	0	0	0	0	0
NZ_LR134378.1	5p	+	2	234	407	448	232	1321	5	74	8	4	0	1	2	1	4	0	6	4	0	0	0	0	0	0	0	0	0
NZ_LR134378.1	5p	+	3	233	431	445	212	1321	3	61	14	8	0	2	6	0	1	2	8	3	0	0	0	0	0	0	0	0	0
NZ_LR134378.1	5p	+	4	242	447	413	219	1321	5	54	4	6	4	1	4	1	0	1	6	0	1	0	0	0	0	0	0	0	0
NZ_LR134378.1	5p	+	5	259	432	400	229	1320	5	40	8	10	0	2	4	1	2	1	7	1	0	0	0	0	0	1	0	0	0
NZ_LR134378.1	5p	+	6	231	416	450	224	1321	4	35	1	7	1	0	7	0	0	2	4	2	0	1	0	0	0	0	0	0	0
NZ_LR134378.1	5p	+	7	209	412	469	231	1321	7	24	3	4	1	0	3	2	1	0	3	2	0	0	0	0	0	0	0	0	0
NZ_LR134378.1	5p	+	8	228	429	447	217	1321	7	25	6	6	2	0	2	1	1	0	2	2	0	0	0	0	0	0	0	0	0
NZ_LR134378.1	5p	+	9	209	430	450	231	1320	4	14	3	8	2	1	4	0	1	0	4	2	0	1	0	0	1	0	0	0	0
NZ_LR134378.1	5p	+	10	217	439	449	215	1320	4	24	5	6	0	0	13	1	0	1	4	0	0	0	0	0	0	0	1	0	0
NZ_LR134378.1	5p	+	11	238	427	436	219	1320	9	18	4	4	3	1	5	0	1	1	4	0	0	0	0	0	0	0	0	1	0
NZ_LR134378.1	5p	+	12	233	419	460	209	1321	7	15	5	6	2	0	5	1	0	0	5	3	0	0	0	0	0	0	0	0	0
NZ_LR134378.1	5p	+	13	231	469	407	214	1321	9	14	4	1	2	0	4	0	1	0	4	2	0	0	0	0	0	0	0	0	0
NZ_LR134378.1	5p	+	14	216	453	416	236	1321	4	17	5	5	1	0	5	1	1	1	2	3	0	1	0	0	0	0	0	0	0
NZ_LR134378.1	5p	+	15	226	453	458	183	1320	6	9	6	2	1	1	5	3	0	0	9	5	0	0	0	0	0	1	0	0	0
NZ_LR134378.1	5p	+	16	229	430	451	211	1321	8	14	7	7	1	1	0	2	0	1	2	4	0	0	0	0	0	0	0	0	0
NZ_LR134378.1	5p	+	17	225	449	449	198	1321	6	12	12	8	1	0	3	1	1	1	2	1	0	0	1	0	0	0	0	0	0
NZ_LR134378.1	5p	+	18	195	447	441	238	1321	6	20	5	4	0	2	1	1	1	0	4	0	0	0	0	0	0	0	0	0	0
NZ_LR134378.1	5p	+	19	213	438	447	223	1321	7	7	4	8	1	0	5	1	1	2	3	0	0	0	0	0	0	0	0	0	0
NZ_LR134378.1	5p	+	20	217	437	432	234	1320	9	9	6	8	2	1	3	2	0	2	2	1	0	0	0	0	1	0	0	0	0
NZ_LR134378.1	5p	+	21	207	452	426	236	1321	8	9	6	6	2	0	4	5	2	3	3	1	0	0	0	0	0	0	0	0	0
NZ_LR134378.1	5p	+	22	219	443	423	236	1321	7	6	5	4	4	0	0	4	0	0	10	2	0	0	0	0	0	0	0	0	0
NZ_LR134378.1	5p	+	23	235	425	444	217	1321	9	8	9	10	1	0	5	1	0	3	3	3	0	0	0	0	0	0	0	0	0
NZ_LR134378.1	5p	+	24	225	449	418	229	1321	8	10	4	7	2	1	9	1	1	1	1	2	0	0	0	0	0	0	0	0	0
NZ_LR134378.1	5p	+	25	236	441	436	208	1321	12	15	5	7	3	1	2	3	0	1	2	5	0	0	0	0	0	0	0	0	0
NZ_LR134378.1	5p	+	26	197	480	416	227	1320	3	13	4	8	0	1	6	1	2	1	3	1	0	0	0	0	0	0	0	1	0
NZ_LR134378.1	5p	+	27	228	440	419	234	1321	13	11	10	8	2	0	6	0	0	0	4	2	0	0	0	0	0	0	0	0	0
NZ_LR134378.1	5p	+	28	233	440	424	224	1321	10	7	6	5	2	2	4	2	3	2	3	0	0	0	0	0	0	0	0	0	0
NZ_LR134378.1	5p	+	29	238	429	425	229	1321	18	8	2	9	0	0	7	4	3	0	7	4	0	0	0	0	0	0	0	0	0
NZ_LR134378.1	5p	+	30	236	454	404	227	1321	16	11	4	5	2	1	4	5	2	1	7	1	0	0	0	0	0	0	0	0	0
NZ_LR134378.1	5p	+	31	209	437	433	200	1279	19	10	2	8	1	0	1	2	1	0	7	3	0	0	0	0	0	0	0	0	0
NZ_LR134378.1	5p	+	32	215	400	413	206	1234	25	5	3	4	1	0	4	3	0	1	3	1	0	0	0	0	0	0	0	0	0
NZ_LR134378.1	5p	+	33	219	411	382	182	1194	15	4	7	6	0	0	5	2	1	0	3	0	0	0	0	0	0	0	0	0	0
NZ_LR134378.1	5p	+	34	220	352	381	193	1146	26	9	4	6	3	0	3	4	2	0	5	0	0	0	0	0	0	0	0	0	0
NZ_LR134378.1	5p	+	35	185	384	339	204	1112	20	7	9	5	1	0	4	1	3	1	3	0	0	0	0	0	0	0	0	0	0
NZ_LR134378.1	5p	+	36	182	344	369	173	1068	22	8	4	6	1	0	2	0	0	0	1	0	0	0	0	0	0	0	0	0	0
NZ_LR134378.1	5p	+	37	182	357	318	172	1029	26	3	3	3	0	0	2	2	1	0	2	1	0	0	0	0	0	0	0	0	0
NZ_LR134378.1	5p	+	38	191	304	313	184	992	16	4	4	7	1	0	1	0	0	0	4	1	0	0	0	0	0	0	0	0	0
NZ_LR134378.1	5p	+	39	168	295	339	158	960	15	7	2	7	2	0	4	2	0	0	4	1	0	0	0	0	0	0	0	0	0
NZ_LR134378.1	5p	+	40	166	302	278	184	930	19	4	0	3	1	1	1	0	0	0	1	1	0	0	0	1	0	0	0	0	0
NZ_LR134378.1	5p	+	41	138	322	290	151	901	18	5	3	1	0	0	4	0	0	0	1	2	0	0	0	0	0	0	0	0	0
NZ_LR134378.1	5p	+	42	146	285	275	157	863	16	5	1	9	2	0	2	0	0	2	3	0	0	0	0	0	0	0	0	0	0
NZ_LR134378.1	5p	+	43	141	276	259	150	826	15	1	1	5	1	0	1	2	2	0	2	1	0	0	0	0	0	0	0	0	0
NZ_LR134378.1	5p	+	44	140	241	276	130	787	17	5	3	4	0	1	1	1	1	0	2	1	0	0	0	0	0	0	1	0	0
NZ_LR134378.1	5p	+	45	139	253	224	133	749	16	8	0	3	0	0	3	2	0	1	0	1	0	0	0	0	0	1	0	0	0
NZ_LR134378.1	5p	+	46	139	219	237	131	726	15	3	5	2	0	0	1	0	0	1	1	1	0	0	0	0	0	0	0	0	0
NZ_LR134378.1	5p	+	47	110	221	246	113	690	14	0	1	5	0	0	0	1	0	1	1	1	0	0	0	0	0	0	0	0	0
NZ_LR134378.1	5p	+	48	93	222	236	108	659	24	4	3	4	0	0	1	1	0	0	0	1	0	0	0	0	0	0	0	0	0
NZ_LR134378.1	5p	+	49	104	202	208	111	625	19	3	1	5	1	0	1	0	0	0	0	1	0	0	0	0	0	0	0	0	0
NZ_LR134378.1	5p	+	50	101	217	194	94	606	19	6	0	4	0	0	0	0	0	1	1	3	0	0	0	1	0	0	0	0	0
NZ_LR134378.1	5p	+	51	91	189	194	104	578	11	1	1	1	0	0	1	0	0	0	2	0	0	0	0	0	0	0	0	0	0
NZ_LR134378.1	5p	+	52	110	173	178	95	556	14	5	2	2	0	0	1	0	0	0	2	0	0	0	0	0	0	0	0	0	0
NZ_LR134378.1	5p	+	53	102	167	176	87	532	10	4	2	5	0	1	1	0	0	0	2	0	0	0	0	0	0	0	0	1	0
NZ_LR134378.1	5p	+	54	85	179	161	87	512	18	5	0	1	0	1	1	0	2	0	0	1	0	0	0	0	0	0	0	0	0
NZ_LR134378.1	5p	+	55	85	163	167	78	493	13	1	1	3	0	0	0	0	0	0	0	0	0	0	0	0	0	0	0	0	0
NZ_LR134378.1	5p	+	56	92	172	148	62	474	12	1	1	2	1	0	1	0	0	0	1	0	0	0	0	0	0	0	0	0	0
NZ_LR134378.1	5p	+	57	95	133	153	73	454	17	3	2	0	0	0	0	0	0	1	2	2	0	0	0	0	0	0	0	0	0
NZ_LR134378.1	5p	+	58	80	130	157	62	429	13	3	1	1	0	0	0	0	0	0	0	0	0	0	0	0	0	0	0	0	0
NZ_LR134378.1	5p	+	59	62	148	129	64	403	14	5	2	1	1	0	0	0	0	0	0	1	0	0	0	0	0	0	0	0	0
NZ_LR134378.1	5p	+	60	61	147	114	62	384	13	5	0	0	0	0	0	0	0	0	0	0	0	0	0	0	0	0	0	0	0
NZ_LR134378.1	5p	+	61	68	122	110	66	366	12	4	0	0	0	0	0	0	0	0	0	1	0	0	0	0	0	0	0	0	0
NZ_LR134378.1	5p	+	62	55	111	110	73	349	11	3	0	3	1	0	0	1	0	0	0	0	0	0	1	0	0	0	0	0	0
NZ_LR134378.1	5p	+	63	52	94	129	55	330	10	1	1	0	0	0	1	0	1	0	0	0	0	0	0	0	0	0	0	0	0
NZ_LR134378.1	5p	+	64	63	104	98	54	319	10	3	0	2	0	0	0	0	1	0	0	2	0	0	0	0	0	0	0	0	0
NZ_LR134378.1	5p	+	65	48	88	105	63	304	8	2	2	1	0	0	1	0	0	0	0	0	0	0	0	0	0	0	0	0	0
NZ_LR134378.1	5p	+	66	50	95	101	42	288	10	2	1	0	1	0	0	0	0	0	0	0	0	0	0	0	0	0	0	0	0
NZ_LR134378.1	5p	+	67	44	99	80	51	274	5	4	3	1	0	1	1	0	0	0	1	0	0	0	0	0	0	0	0	0	0
NZ_LR134378.1	5p	+	68	45	87	85	42	259	11	2	0	1	0	0	2	0	0	0	1	0	0	0	0	0	0	0	0	0	0
NZ_LR134378.1	5p	+	69	42	79	90	33	244	9	0	3	0	0	0	1	0	0	0	0	0	0	0	0	0	0	0	0	0	0
NZ_LR134378.1	5p	+	70	37	87	58	47	229	8	1	1	2	0	0	0	0	0	0	0	0	0	0	0	0	0	0	0	0	0
NZ_LR134378.1	5p	-	1	203	423	341	282	1249	4	156	6	3	1	1	4	0	1	2	3	1	0	0	0	0	0	0	0	0	0
NZ_LR134378.1	5p	-	2	215	390	383	261	1249	5	88	4	4	0	2	5	0	2	2	9	4	0	0	0	0	0	0	0	0	0
NZ_LR134378.1	5p	-	3	217	403	435	194	1249	3	49	2	8	2	0	11	4	0	0	7	3	0	0	0	0	0	0	0	0	0
NZ_LR134378.1	5p	-	4	233	392	383	241	1249	8	52	8	9	4	1	3	0	1	1	7	2	0	0	0	0	0	0	0	0	0
NZ_LR134378.1	5p	-	5	226	391	409	223	1249	7	50	8	4	0	0	3	3	4	0	8	2	0	0	0	0	0	0	0	0	0
NZ_LR134378.1	5p	-	6	219	385	436	209	1249	3	41	6	2	3	1	7	1	0	0	4	0	0	0	1	0	0	0	0	0	0
NZ_LR134378.1	5p	-	7	218	407	406	218	1249	8	28	3	3	1	1	5	1	0	0	4	0	0	0	1	0	0	0	0	0	0
NZ_LR134378.1	5p	-	8	212	431	396	210	1249	14	21	4	4	0	1	6	3	0	1	5	2	0	0	0	0	0	0	0	0	0
NZ_LR134378.1	5p	-	9	206	385	446	211	1248	7	18	8	8	1	0	4	0	2	0	7	3	0	0	0	0	0	0	0	1	0
NZ_LR134378.1	5p	-	10	199	414	424	212	1249	9	14	5	5	0	0	3	2	1	1	3	1	1	0	0	0	0	0	0	0	0
NZ_LR134378.1	5p	-	11	183	413	459	193	1248	9	18	7	6	1	0	4	0	0	0	3	1	0	0	0	0	0	0	0	1	0
NZ_LR134378.1	5p	-	12	200	421	422	206	1249	7	10	8	2	2	0	4	3	0	0	6	1	0	0	0	0	0	0	0	0	0
NZ_LR134378.1	5p	-	13	207	411	420	210	1248	6	19	4	4	2	1	1	0	0	2	3	2	0	0	0	0	0	0	0	1	0
NZ_LR134378.1	5p	-	14	207	395	430	217	1249	7	15	6	5	3	0	4	2	3	0	4	1	0	0	0	1	0	0	0	0	0
NZ_LR134378.1	5p	-	15	210	418	437	183	1248	8	19	4	3	3	3	3	4	1	0	6	1	0	0	0	0	1	0	0	0	0
NZ_LR134378.1	5p	-	16	211	420	411	207	1249	7	15	11	6	0	0	3	1	2	0	8	2	0	0	0	0	0	0	0	0	0
NZ_LR134378.1	5p	-	17	202	414	416	217	1249	7	9	4	6	0	1	4	0	0	2	6	3	0	0	0	0	0	0	0	0	0
NZ_LR134378.1	5p	-	18	206	416	421	205	1248	5	15	6	2	3	1	4	1	0	0	2	0	0	0	0	0	0	0	1	0	0
NZ_LR134378.1	5p	-	19	197	428	407	217	1249	4	10	2	5	1	0	3	2	3	0	1	2	0	0	0	0	0	0	0	0	0
NZ_LR134378.1	5p	-	20	182	458	407	202	1249	8	14	4	4	2	3	4	1	2	0	9	0	0	0	0	0	0	0	0	0	0
NZ_LR134378.1	5p	-	21	195	444	436	174	1249	11	10	3	4	1	0	7	2	2	0	4	2	0	0	0	0	0	0	0	0	0
NZ_LR134378.1	5p	-	22	242	406	391	210	1249	9	9	3	5	1	0	6	1	1	0	3	2	1	0	0	0	0	0	0	0	0
NZ_LR134378.1	5p	-	23	208	418	446	177	1249	9	13	5	2	1	2	5	1	1	4	3	0	0	0	0	0	0	0	0	0	0
NZ_LR134378.1	5p	-	24	206	444	394	205	1249	11	9	5	5	0	1	9	0	0	0	3	1	0	0	0	0	0	0	0	0	0
NZ_LR134378.1	5p	-	25	200	445	410	194	1249	8	10	3	5	2	1	4	2	0	1	2	1	0	0	0	0	0	0	0	0	0
NZ_LR134378.1	5p	-	26	188	400	440	221	1249	5	9	2	8	3	0	7	3	2	0	9	2	0	0	0	0	0	0	0	0	0
NZ_LR134378.1	5p	-	27	222	438	407	182	1249	8	13	8	4	1	2	7	3	1	0	7	4	1	0	0	0	0	0	0	0	0
NZ_LR134378.1	5p	-	28	204	431	397	217	1249	9	9	7	7	0	4	1	5	1	1	3	1	0	0	0	0	0	0	0	0	0
NZ_LR134378.1	5p	-	29	207	420	422	200	1249	21	10	7	5	1	3	6	1	0	0	5	1	0	0	0	1	0	0	0	0	0
NZ_LR134378.1	5p	-	30	203	406	427	213	1249	19	12	8	1	0	1	6	2	3	0	8	4	3	0	0	0	0	0	0	0	0
NZ_LR134378.1	5p	-	31	231	357	420	200	1208	24	5	3	3	1	1	2	5	1	2	3	2	0	0	0	0	0	0	0	0	0
NZ_LR134378.1	5p	-	32	192	392	381	195	1160	23	7	5	5	0	3	4	1	2	0	10	1	1	0	0	0	0	0	0	0	0
NZ_LR134378.1	5p	-	33	180	366	373	201	1120	18	10	6	4	3	1	6	1	0	2	10	2	0	0	0	0	0	0	0	0	0
NZ_LR134378.1	5p	-	34	205	369	350	160	1084	17	9	5	3	3	1	2	1	0	1	4	2	0	0	0	0	0	0	1	0	0
NZ_LR134378.1	5p	-	35	165	343	359	174	1041	21	6	5	10	0	0	0	0	0	0	6	1	0	0	0	0	0	0	0	0	0
NZ_LR134378.1	5p	-	36	162	334	346	167	1009	20	6	1	7	0	0	4	3	0	0	4	0	0	0	0	0	0	0	0	0	0
NZ_LR134378.1	5p	-	37	179	311	317	169	976	27	8	3	6	1	0	2	1	0	0	2	1	0	0	0	0	1	0	0	0	0
NZ_LR134378.1	5p	-	38	166	320	301	152	939	12	3	2	4	0	1	1	2	0	1	3	0	0	0	0	0	0	0	0	1	0
NZ_LR134378.1	5p	-	39	156	299	280	167	902	14	5	5	4	0	0	2	0	1	0	2	0	0	0	0	0	0	0	0	0	0
NZ_LR134378.1	5p	-	40	134	291	297	147	869	19	3	4	3	0	0	1	1	0	0	1	0	0	0	0	0	0	0	0	0	0
NZ_LR134378.1	5p	-	41	157	276	261	148	842	23	6	1	7	0	1	3	0	0	0	2	0	0	0	0	0	0	0	0	0	0
NZ_LR134378.1	5p	-	42	134	277	263	142	816	17	9	0	7	0	2	1	1	0	0	2	1	0	0	0	0	0	0	0	0	0
NZ_LR134378.1	5p	-	43	120	261	262	133	776	13	3	1	3	0	0	1	1	0	0	2	0	0	0	0	0	0	0	0	0	0
NZ_LR134378.1	5p	-	44	132	255	243	104	734	19	6	2	4	0	0	0	2	0	1	3	2	0	0	0	0	0	0	0	0	0
NZ_LR134378.1	5p	-	45	117	205	259	109	690	19	3	1	2	1	0	5	1	0	0	1	1	0	0	0	0	0	0	0	0	0
NZ_LR134378.1	5p	-	46	113	217	215	113	658	21	4	0	1	1	0	2	1	0	0	3	0	0	0	0	0	0	0	0	0	0
NZ_LR134378.1	5p	-	47	93	206	213	114	626	19	5	5	1	1	0	4	0	0	1	1	0	0	0	0	0	0	0	0	0	0
NZ_LR134378.1	5p	-	48	109	193	214	80	596	17	4	1	1	0	0	3	2	0	0	0	1	0	0	0	0	0	0	0	0	0
NZ_LR134378.1	5p	-	49	119	195	155	103	572	13	7	3	4	1	0	0	0	0	0	4	0	1	0	0	0	0	0	0	0	0
NZ_LR134378.1	5p	-	50	82	185	175	105	547	13	1	1	2	0	0	0	2	0	0	1	0	0	0	0	0	0	0	0	0	0
NZ_LR134378.1	5p	-	51	82	186	160	91	519	21	3	0	2	0	0	0	0	0	0	0	0	0	0	0	0	0	0	0	0	0
NZ_LR134378.1	5p	-	52	80	171	157	83	491	14	5	3	2	0	0	1	2	0	1	2	0	0	0	0	0	0	0	0	0	0
NZ_LR134378.1	5p	-	53	80	155	143	92	470	8	1	0	1	0	0	0	0	1	1	1	2	0	0	0	0	0	0	0	0	0
NZ_LR134378.1	5p	-	54	76	139	163	84	462	13	3	1	0	0	0	1	1	0	1	1	1	0	0	0	0	0	0	0	0	0
NZ_LR134378.1	5p	-	55	78	150	144	74	446	12	3	1	1	0	0	0	0	2	1	2	1	0	0	0	0	0	0	0	0	0
NZ_LR134378.1	5p	-	56	75	136	130	81	422	17	1	2	3	1	0	3	1	1	0	1	1	0	0	0	0	0	0	0	0	0
NZ_LR134378.1	5p	-	57	70	110	151	79	410	13	1	0	1	0	1	0	0	0	0	1	2	0	0	0	0	0	0	0	0	0
NZ_LR134378.1	5p	-	58	69	143	100	83	395	5	2	1	1	0	0	0	0	0	1	0	0	0	0	0	0	0	0	0	0	0
NZ_LR134378.1	5p	-	59	58	109	148	66	381	9	4	2	1	0	0	2	1	1	1	0	0	0	0	0	0	0	0	0	0	0
NZ_LR134378.1	5p	-	60	62	117	128	61	368	11	3	3	1	1	0	1	0	0	0	1	1	0	0	0	0	0	0	0	0	0
NZ_LR134378.1	5p	-	61	73	111	108	61	353	6	3	0	0	1	0	1	0	1	0	0	0	0	0	0	0	0	0	0	0	0
NZ_LR134378.1	5p	-	62	57	115	111	52	335	7	1	1	0	0	1	0	0	0	0	1	1	0	0	0	0	0	0	0	0	0
NZ_LR134378.1	5p	-	63	57	107	101	61	326	14	4	1	1	0	0	0	0	0	0	0	0	0	0	0	0	0	0	0	0	0
NZ_LR134378.1	5p	-	64	60	95	102	61	318	5	1	2	2	0	0	1	0	0	0	2	0	0	0	0	0	0	0	0	0	0
NZ_LR134378.1	5p	-	65	56	99	94	57	306	9	3	0	1	1	0	1	1	0	0	0	0	0	0	0	0	0	0	0	0	0
NZ_LR134378.1	5p	-	66	56	78	103	54	291	7	2	0	2	0	0	2	0	0	0	1	0	0	0	0	0	0	0	0	0	0
NZ_LR134378.1	5p	-	67	52	90	75	61	278	7	1	1	0	0	0	1	0	0	0	0	0	0	0	0	0	0	0	0	0	0
NZ_LR134378.1	5p	-	68	45	76	85	58	264	7	3	0	1	0	0	0	1	0	0	0	2	0	0	0	0	0	0	0	0	0
NZ_LR134378.1	5p	-	69	42	68	91	48	249	4	2	1	1	2	0	0	0	0	0	0	0	0	0	0	0	0	0	0	0	0
NZ_LR134378.1	5p	-	70	29	96	72	45	242	9	1	0	2	0	0	1	0	0	0	0	0	0	0	0	0	0	0	0	0	0
