# table produced by mapDamage version 2.2.3
# using mapped file /mnt/archgen/microbiome_calculus/library_ds_vs_ss/04-analysis/normalize_kraken/mapping/flexilinea_sp001717545/mapDamage2_dsLibs/input/VLD001.A0101.SG1.1_5M.mapped_f_sp001717545_q25l30_rmdup.bam and /mnt/archgen/microbiome_calculus/library_ds_vs_ss/04-analysis/normalize_kraken/mapping/flexilinea_sp001717545/input/GCA_001717545.1_ASM171754v1_genomic.fna as reference file
# Chr: reference from sam/bam header, End: from which termini of DNA sequences, Std: strand of reads
Chr	End	Std	Pos	A	C	G	T	Total	G>A	C>T	A>G	T>C	A>C	A>T	C>G	C>A	T>G	T>A	G>C	G>T	A>-	T>-	C>-	G>-	->A	->T	->C	->G	S
CP017039.1	3p	+	1	6762	5393	8146	6046	26347	2042	92	61	90	6	8	44	65	25	25	13	23	0	0	0	0	0	0	0	0	0
CP017039.1	3p	+	2	6957	6899	6632	5859	26347	928	119	60	80	20	14	54	79	15	22	21	46	0	0	0	0	0	0	0	0	0
CP017039.1	3p	+	3	6083	7061	7140	6063	26347	539	98	67	91	19	16	42	41	12	14	31	25	0	0	0	0	0	0	0	0	0
CP017039.1	3p	+	4	6335	6426	7341	6245	26347	411	79	76	63	11	13	23	44	18	12	17	31	0	0	0	0	0	0	0	0	0
CP017039.1	3p	+	5	6181	6991	7473	5701	26346	342	97	79	60	17	8	28	70	17	14	27	36	0	0	0	0	0	0	0	1	0
CP017039.1	3p	+	6	5853	7282	7354	5857	26346	313	87	79	75	17	11	34	71	20	13	24	39	0	0	0	0	0	0	0	1	0
CP017039.1	3p	+	7	6116	7092	7220	5915	26343	260	79	62	71	11	11	23	55	13	13	15	41	0	0	0	1	1	1	2	0	0
CP017039.1	3p	+	8	6096	7060	7686	5503	26345	266	104	91	67	14	8	34	51	15	14	26	40	0	1	0	1	0	1	1	0	0
CP017039.1	3p	+	9	5910	7205	7469	5762	26346	224	114	87	75	13	14	39	54	15	16	19	53	0	0	1	0	1	0	0	0	0
CP017039.1	3p	+	10	5990	7043	7499	5814	26346	211	79	68	67	24	17	25	55	18	17	16	56	2	0	1	1	1	0	0	0	0
CP017039.1	3p	+	11	5781	7412	7622	5530	26345	202	83	87	78	19	14	33	63	21	13	26	35	0	0	1	1	0	1	1	0	0
CP017039.1	3p	+	12	5584	7583	7502	5675	26344	198	110	71	87	13	12	35	51	13	9	31	48	0	0	1	1	1	0	1	1	0
CP017039.1	3p	+	13	5831	7309	7470	5735	26345	171	91	64	71	18	13	27	42	10	13	22	37	2	0	1	0	1	0	1	0	0
CP017039.1	3p	+	14	5588	7573	7725	5459	26345	176	92	66	82	14	8	21	51	14	7	26	40	2	1	0	1	0	2	0	0	0
CP017039.1	3p	+	15	5495	7592	7601	5658	26346	185	96	74	76	13	8	37	45	20	13	26	49	1	1	1	1	1	0	0	0	0
CP017039.1	3p	+	16	5827	7346	7527	5645	26345	177	79	67	83	10	12	21	46	7	15	30	44	0	1	0	0	1	0	0	1	0
CP017039.1	3p	+	17	5579	7594	7598	5572	26343	158	114	82	79	14	7	19	43	16	12	22	50	0	1	0	1	2	2	0	0	0
CP017039.1	3p	+	18	5508	7760	7409	5666	26343	172	109	65	85	17	9	25	54	18	10	20	52	1	0	2	2	1	2	1	0	0
CP017039.1	3p	+	19	5888	7274	7530	5654	26346	149	100	63	64	9	13	29	43	10	11	22	46	0	1	0	1	1	0	0	0	0
CP017039.1	3p	+	20	5721	7516	7698	5411	26346	129	117	46	61	11	8	31	48	22	11	23	54	1	1	1	0	0	0	0	1	0
CP017039.1	3p	+	21	5526	7789	7446	5582	26343	156	130	76	82	16	10	26	44	13	14	30	38	1	2	1	0	3	0	1	0	0
CP017039.1	3p	+	22	5823	7248	7520	5753	26344	134	119	74	59	16	4	16	50	13	13	19	40	1	0	4	1	0	2	1	0	0
CP017039.1	3p	+	23	5706	7482	7594	5561	26343	150	140	92	79	19	16	22	53	11	7	25	46	0	1	0	2	3	0	0	1	0
CP017039.1	3p	+	24	5614	7817	7328	5585	26344	150	190	69	78	16	10	19	64	15	10	27	51	0	1	0	2	1	0	2	0	0
CP017039.1	3p	+	25	5820	7512	7268	5744	26344	126	163	66	72	12	6	26	44	12	14	19	32	1	1	1	5	0	0	3	0	0
CP017039.1	3p	+	26	5658	7402	7640	5643	26343	143	182	74	78	17	7	16	47	21	15	20	38	0	1	2	2	2	1	0	1	0
CP017039.1	3p	+	27	5821	7612	7258	5655	26346	108	182	68	81	8	15	16	45	21	7	21	37	0	2	1	0	0	0	1	0	0
CP017039.1	3p	+	28	5949	7355	7157	5883	26344	122	185	72	74	12	8	18	44	21	7	12	46	1	1	1	0	1	1	0	1	0
CP017039.1	3p	+	29	5793	7314	7414	5822	26343	123	232	85	83	16	13	17	39	16	6	17	50	0	1	1	1	1	1	0	2	0
CP017039.1	3p	+	30	5858	7544	7010	5932	26344	147	323	65	92	20	13	21	49	16	7	33	54	3	1	1	1	1	0	0	2	0
CP017039.1	3p	+	31	5795	6999	6779	5696	25269	98	284	73	73	15	7	16	48	14	13	24	60	4	1	4	1	0	2	2	0	0
CP017039.1	3p	+	32	5339	6835	6706	5343	24223	120	291	60	85	11	11	18	39	9	8	25	54	1	0	1	2	0	0	1	3	0
CP017039.1	3p	+	33	5087	6642	6133	5300	23162	110	299	54	58	13	5	17	37	18	18	23	34	1	2	2	0	0	1	0	0	0
CP017039.1	3p	+	34	5088	6082	5890	5065	22125	103	278	56	51	11	15	21	26	11	6	25	37	0	3	0	0	2	2	0	1	0
CP017039.1	3p	+	35	4789	5945	5731	4619	21084	86	317	46	63	10	10	17	32	6	5	17	46	0	1	1	0	0	1	0	0	0
CP017039.1	3p	+	36	4480	5678	5218	4664	20040	81	274	50	59	17	12	13	31	19	5	15	32	0	1	1	2	0	1	1	0	0
CP017039.1	3p	+	37	4393	5125	5044	4471	19033	80	245	44	50	8	10	8	30	9	3	13	32	1	0	0	1	2	2	1	0	0
CP017039.1	3p	+	38	4074	5006	4900	4123	18103	83	238	42	55	8	14	11	26	13	9	25	45	0	0	1	0	0	1	1	0	0
CP017039.1	3p	+	39	3806	4991	4448	3966	17211	87	266	34	43	10	12	14	28	9	6	9	25	0	1	0	2	0	0	1	0	0
CP017039.1	3p	+	40	3823	4522	4242	3798	16385	77	240	33	34	7	6	11	19	10	5	6	27	0	2	0	1	1	0	0	1	0
CP017039.1	3p	+	41	3622	4402	4144	3455	15623	76	223	40	34	11	5	12	20	9	4	9	31	1	2	1	1	0	1	1	0	0
CP017039.1	3p	+	42	3369	4246	3778	3448	14841	59	225	37	35	8	6	12	16	8	6	14	22	0	1	3	0	0	1	1	0	0
CP017039.1	3p	+	43	3326	3786	3493	3358	13963	68	191	37	33	7	1	4	16	4	7	18	19	0	2	0	1	0	2	0	0	0
CP017039.1	3p	+	44	3085	3653	3461	3003	13202	55	197	32	26	6	12	6	14	5	3	8	25	0	1	1	1	1	0	0	1	0
CP017039.1	3p	+	45	2827	3524	3247	2846	12444	46	203	41	28	6	2	9	21	4	9	12	6	0	2	0	0	1	0	0	0	0
CP017039.1	3p	+	46	2730	3184	2998	2832	11744	46	173	30	23	5	3	7	15	9	4	10	25	0	0	0	0	0	0	2	1	0
CP017039.1	3p	+	47	2532	3048	2959	2511	11050	42	176	19	33	4	5	4	12	5	5	6	27	1	0	1	0	2	0	0	0	0
CP017039.1	3p	+	48	2353	3009	2667	2359	10388	33	157	26	18	11	3	8	11	6	3	8	17	0	0	0	2	0	1	1	0	0
CP017039.1	3p	+	49	2363	2589	2474	2404	9830	27	140	17	16	2	3	4	8	3	2	6	19	0	0	1	0	0	0	1	0	0
CP017039.1	3p	+	50	2188	2580	2354	2121	9243	28	156	25	23	3	7	5	16	1	5	8	21	2	1	1	0	1	0	0	1	0
CP017039.1	3p	+	51	2124	2385	2218	1998	8725	30	119	35	26	3	1	6	7	7	3	5	11	0	1	0	0	0	0	0	0	0
CP017039.1	3p	+	52	1898	2246	2077	1939	8160	19	109	12	17	4	4	2	9	2	5	3	12	0	0	1	1	1	0	0	0	0
CP017039.1	3p	+	53	1697	2137	2093	1761	7688	37	114	17	22	4	2	4	6	2	1	5	13	0	0	1	0	1	0	0	0	0
CP017039.1	3p	+	54	1689	2135	1768	1642	7234	28	125	18	15	5	7	2	8	6	3	5	10	0	0	1	0	1	1	0	0	0
CP017039.1	3p	+	55	1566	1806	1812	1640	6824	24	114	13	16	3	3	3	7	4	3	5	16	0	0	0	0	1	2	0	0	0
CP017039.1	3p	+	56	1503	1764	1630	1497	6394	23	108	14	20	3	6	3	6	1	3	4	11	1	0	0	1	0	0	1	0	0
CP017039.1	3p	+	57	1412	1711	1518	1408	6049	18	97	8	17	2	4	2	5	0	2	2	10	0	0	2	0	0	0	0	0	0
CP017039.1	3p	+	58	1357	1484	1475	1369	5685	20	90	12	15	0	3	5	5	3	2	4	6	0	2	0	1	1	0	0	0	0
CP017039.1	3p	+	59	1323	1437	1386	1222	5368	17	74	11	14	0	4	3	6	6	1	11	4	0	0	0	0	0	0	0	0	0
CP017039.1	3p	+	60	1203	1417	1277	1155	5052	21	88	15	11	1	1	1	11	4	0	3	9	0	1	0	0	0	0	0	0	0
CP017039.1	3p	+	61	1107	1288	1234	1126	4755	16	73	10	10	3	4	1	6	2	0	3	13	0	0	0	0	0	0	1	0	0
CP017039.1	3p	+	62	1076	1253	1138	1008	4475	12	72	9	6	0	2	1	3	3	0	5	8	0	0	0	1	0	1	0	0	0
CP017039.1	3p	+	63	971	1199	1062	1008	4240	11	65	11	6	3	1	2	7	1	1	3	6	0	0	0	0	0	1	0	0	0
CP017039.1	3p	+	64	937	1164	988	923	4012	7	69	12	9	1	1	0	5	2	2	1	8	0	0	0	1	0	0	0	0	0
CP017039.1	3p	+	65	875	1082	944	855	3756	12	57	10	6	2	3	2	3	3	2	2	5	0	0	0	1	0	0	0	0	0
CP017039.1	3p	+	66	841	977	880	823	3521	11	59	10	8	1	1	0	2	4	0	2	6	0	0	0	0	0	0	1	0	0
CP017039.1	3p	+	67	776	854	865	784	3279	10	40	6	8	0	0	3	1	1	1	3	1	0	1	1	0	0	0	1	0	0
CP017039.1	3p	+	68	738	889	815	645	3087	10	61	2	4	6	2	1	6	0	2	3	3	0	0	0	1	0	0	0	0	0
CP017039.1	3p	+	69	687	841	759	638	2925	9	36	10	1	0	3	2	2	0	1	7	6	0	0	0	0	1	0	0	0	0
CP017039.1	3p	+	70	692	765	681	612	2750	5	46	5	11	0	1	1	4	0	0	1	2	0	0	0	0	0	0	0	0	0
CP017039.1	3p	-	1	6625	5318	8359	6088	26390	2131	58	68	84	17	16	62	82	22	21	27	32	0	0	0	0	0	0	0	0	0
CP017039.1	3p	-	2	7087	6591	6834	5878	26390	925	81	74	91	19	20	40	48	16	23	18	33	0	0	0	0	0	0	0	0	0
CP017039.1	3p	-	3	5980	7064	7178	6167	26389	545	95	72	82	17	15	36	49	25	11	29	33	0	0	0	0	0	0	1	0	0
CP017039.1	3p	-	4	6292	6435	7341	6320	26388	441	83	77	58	7	12	25	39	15	14	21	35	0	0	0	0	1	0	0	1	0
CP017039.1	3p	-	5	6135	6829	7554	5871	26389	365	93	77	75	21	6	29	61	22	15	20	44	0	0	0	1	0	0	1	0	0
CP017039.1	3p	-	6	6001	7098	7471	5819	26389	320	98	83	80	19	9	27	55	22	10	24	37	0	0	0	0	0	0	0	1	0
CP017039.1	3p	-	7	6057	6978	7336	6017	26388	256	86	65	63	15	14	24	57	10	9	10	35	0	0	1	0	0	0	0	2	0
CP017039.1	3p	-	8	5989	6954	7758	5685	26386	252	95	66	67	21	15	27	55	18	10	23	39	2	3	0	0	1	2	0	1	0
CP017039.1	3p	-	9	5919	7309	7502	5658	26388	195	129	86	88	18	14	38	60	20	12	24	48	5	1	0	2	0	1	0	1	0
CP017039.1	3p	-	10	5963	7043	7478	5903	26387	187	79	64	69	22	11	26	47	16	9	16	41	2	2	1	0	0	1	1	1	0
CP017039.1	3p	-	11	5846	7014	7916	5609	26385	204	102	89	53	13	10	30	48	20	15	29	40	1	1	0	0	1	0	3	1	0
CP017039.1	3p	-	12	5661	7420	7584	5722	26387	218	104	46	74	23	4	27	55	11	10	38	49	1	2	0	1	1	2	0	0	0
CP017039.1	3p	-	13	5875	7352	7514	5645	26386	178	93	74	64	5	11	26	49	16	8	21	32	0	0	1	0	1	1	1	1	0
CP017039.1	3p	-	14	5708	7303	7855	5523	26389	193	92	82	70	14	14	34	41	20	16	13	45	1	0	0	0	0	0	1	0	0
CP017039.1	3p	-	15	5533	7672	7631	5553	26389	175	131	86	76	22	15	27	68	14	11	17	55	3	2	1	1	0	1	0	0	0
CP017039.1	3p	-	16	5777	7254	7581	5777	26389	165	91	57	82	24	13	32	48	15	7	28	53	0	0	0	2	0	1	0	0	0
CP017039.1	3p	-	17	5696	7414	7724	5554	26388	176	90	78	82	13	8	30	48	26	11	19	43	1	0	0	2	0	1	0	1	0
CP017039.1	3p	-	18	5639	7405	7600	5743	26387	168	121	82	70	27	16	35	46	13	15	21	33	0	0	0	0	1	0	2	0	0
CP017039.1	3p	-	19	5874	7129	7572	5810	26385	167	112	60	67	15	13	18	51	15	8	28	52	1	0	0	0	1	2	1	1	0
CP017039.1	3p	-	20	5694	7336	7775	5584	26389	148	110	80	82	14	8	23	49	10	10	22	44	1	0	1	0	1	0	0	0	0
CP017039.1	3p	-	21	5439	7720	7618	5611	26388	160	150	63	71	17	8	35	49	23	12	30	46	0	0	0	1	0	1	1	0	0
CP017039.1	3p	-	22	5772	7308	7502	5805	26387	137	130	61	66	10	12	30	42	15	13	19	40	0	0	3	1	1	1	0	1	0
CP017039.1	3p	-	23	5750	7457	7678	5502	26387	161	148	76	62	25	21	21	47	15	11	25	41	0	1	0	0	1	0	0	2	0
CP017039.1	3p	-	24	5511	7500	7602	5774	26387	143	151	84	89	18	15	23	53	11	14	31	41	0	1	3	1	1	0	1	1	0
CP017039.1	3p	-	25	5720	7234	7521	5913	26388	132	163	64	65	16	8	23	40	13	10	24	52	2	0	0	1	0	0	2	0	0
CP017039.1	3p	-	26	5741	7423	7558	5666	26388	135	198	82	87	11	18	20	57	21	11	17	60	3	0	0	0	1	0	1	0	0
CP017039.1	3p	-	27	5548	7598	7410	5828	26384	138	195	76	82	17	14	16	38	13	9	22	50	0	0	0	0	0	3	2	1	0
CP017039.1	3p	-	28	6000	7168	7337	5878	26383	129	176	73	69	17	17	22	45	14	11	28	49	0	1	1	0	2	3	2	0	0
CP017039.1	3p	-	29	5943	7284	7516	5646	26389	153	230	95	79	12	20	23	45	12	14	27	51	1	2	1	0	1	0	0	0	0
CP017039.1	3p	-	30	5663	7616	7202	5905	26386	104	319	78	73	15	10	28	35	26	24	18	62	0	2	1	0	1	3	0	0	0
CP017039.1	3p	-	31	5689	7120	6824	5668	25301	92	320	64	55	12	8	14	51	23	14	19	34	2	0	1	1	1	1	1	0	0
CP017039.1	3p	-	32	5361	6696	6746	5413	24216	134	306	56	71	20	11	21	40	16	6	22	47	2	0	0	0	0	1	0	0	0
CP017039.1	3p	-	33	5072	6564	6186	5315	23137	96	261	72	62	14	15	15	39	8	13	32	56	0	0	0	1	2	0	1	0	0
CP017039.1	3p	-	34	5058	5992	5875	5200	22125	97	267	51	42	12	7	16	34	10	7	24	49	3	0	0	2	0	0	0	0	0
CP017039.1	3p	-	35	4713	5866	5728	4751	21058	78	238	56	55	16	12	17	33	11	16	19	39	0	0	1	1	0	1	0	0	0
CP017039.1	3p	-	36	4398	5573	5422	4676	20069	79	263	45	51	8	12	20	26	12	9	18	31	0	1	2	1	0	0	0	1	0
CP017039.1	3p	-	37	4361	5135	5104	4483	19083	77	243	39	46	5	4	17	29	11	10	14	37	2	2	0	0	2	2	1	0	0
CP017039.1	3p	-	38	4066	4977	5061	4055	18159	88	221	49	35	8	10	11	21	9	9	13	25	1	0	1	1	1	2	1	0	0
CP017039.1	3p	-	39	3958	4911	4533	3874	17276	50	224	48	50	12	7	20	27	6	9	18	38	1	1	0	3	1	1	0	0	0
CP017039.1	3p	-	40	3825	4384	4313	3908	16430	59	185	35	40	10	7	16	28	11	6	17	24	1	0	1	0	1	1	1	0	0
CP017039.1	3p	-	41	3506	4233	4277	3597	15613	68	238	32	36	7	7	9	22	5	7	6	30	2	0	0	0	0	1	1	0	0
CP017039.1	3p	-	42	3370	4037	3867	3567	14841	67	234	38	34	10	17	11	24	11	5	15	25	1	0	0	0	0	0	0	0	0
CP017039.1	3p	-	43	3319	3673	3669	3307	13968	40	206	31	33	13	3	4	16	5	5	7	24	1	1	0	0	0	0	0	1	0
CP017039.1	3p	-	44	3033	3563	3577	3047	13220	59	182	26	35	12	4	6	17	6	4	13	25	1	0	2	0	0	0	1	1	0
CP017039.1	3p	-	45	2761	3548	3273	2858	12440	51	193	29	31	7	9	3	12	4	3	14	23	2	1	2	0	0	1	0	0	0
CP017039.1	3p	-	46	2725	3226	3010	2767	11728	36	162	25	22	5	6	2	11	9	6	6	16	0	1	0	1	1	0	0	0	0
CP017039.1	3p	-	47	2529	2991	2996	2532	11048	51	164	36	19	6	5	3	13	6	8	9	18	0	1	0	2	0	2	0	0	0
CP017039.1	3p	-	48	2338	2856	2695	2526	10415	25	145	28	27	6	11	4	13	7	4	4	12	0	1	0	1	0	0	0	0	0
CP017039.1	3p	-	49	2342	2671	2533	2285	9831	36	155	29	24	3	6	6	14	5	3	4	14	0	0	0	0	1	0	0	0	0
CP017039.1	3p	-	50	2217	2491	2461	2129	9298	29	142	12	11	3	5	7	15	4	3	5	11	0	1	0	0	0	0	0	1	0
CP017039.1	3p	-	51	1963	2423	2304	2038	8728	30	145	14	25	4	2	3	10	3	3	2	22	0	2	0	0	0	0	0	0	0
CP017039.1	3p	-	52	1906	2208	2133	1944	8191	28	135	14	15	2	4	1	11	2	2	6	14	0	0	0	0	0	0	0	0	0
CP017039.1	3p	-	53	1689	2096	2149	1736	7670	23	122	18	13	2	1	3	8	8	2	5	12	0	1	0	0	0	0	0	0	0
CP017039.1	3p	-	54	1626	2058	1817	1693	7194	28	130	8	14	5	2	6	9	1	2	5	16	0	0	0	0	0	0	0	0	0
CP017039.1	3p	-	55	1579	1832	1724	1628	6763	20	91	13	16	2	3	2	8	3	5	6	10	0	0	0	0	0	0	1	0	0
CP017039.1	3p	-	56	1436	1714	1708	1513	6371	24	102	13	9	0	3	3	3	2	0	8	7	0	0	0	0	0	0	0	0	0
CP017039.1	3p	-	57	1356	1637	1566	1456	6015	22	99	13	12	3	3	2	3	1	1	3	8	0	0	0	1	1	0	0	0	0
CP017039.1	3p	-	58	1348	1537	1425	1328	5638	17	86	13	9	2	1	2	1	1	0	3	12	0	0	0	0	0	0	0	0	0
CP017039.1	3p	-	59	1244	1390	1366	1291	5291	17	70	8	13	1	2	2	7	3	2	2	5	0	0	0	0	0	0	0	0	0
CP017039.1	3p	-	60	1152	1313	1313	1209	4987	18	73	10	17	2	0	1	8	4	2	3	12	0	0	0	0	0	0	0	0	0
CP017039.1	3p	-	61	1126	1212	1208	1136	4682	14	67	16	9	1	6	1	7	1	0	3	10	0	0	0	0	0	0	1	0	0
CP017039.1	3p	-	62	1018	1164	1193	1020	4395	18	47	11	13	6	0	3	3	3	0	5	9	0	0	0	0	0	0	0	0	0
CP017039.1	3p	-	63	920	1181	1082	980	4163	14	48	15	4	2	2	3	3	3	1	1	8	0	0	0	0	0	0	0	0	0
CP017039.1	3p	-	64	926	1022	1037	943	3928	21	65	10	6	0	5	3	3	2	2	2	9	0	0	0	0	0	0	0	0	0
CP017039.1	3p	-	65	845	1003	966	864	3678	10	41	13	11	3	0	1	2	2	1	2	5	0	0	1	0	0	0	2	0	0
CP017039.1	3p	-	66	787	987	888	797	3459	7	59	11	10	1	3	2	4	1	0	0	3	0	0	0	1	0	0	0	0	0
CP017039.1	3p	-	67	774	798	832	823	3227	8	37	11	8	0	0	2	4	1	2	2	7	0	2	0	0	0	0	0	0	0
CP017039.1	3p	-	68	713	811	774	738	3036	10	45	3	7	0	0	3	2	1	3	4	7	0	0	0	0	0	0	0	0	0
CP017039.1	3p	-	69	640	799	717	701	2857	6	46	9	4	1	1	0	7	0	3	4	7	0	1	0	0	0	0	0	0	0
CP017039.1	3p	-	70	608	699	722	653	2682	11	48	7	4	0	3	2	1	2	3	2	4	0	0	0	0	0	0	0	0	0
CP017039.1	5p	+	1	5800	8451	5019	7077	26347	94	2135	59	67	31	21	19	31	8	12	46	84	0	0	0	0	0	0	0	0	0
CP017039.1	5p	+	2	6369	7112	6409	6456	26346	99	858	92	67	14	19	22	26	21	14	38	46	0	2	0	2	0	1	0	0	0
CP017039.1	5p	+	3	6431	7059	7205	5649	26344	111	479	71	85	14	13	25	31	13	16	32	42	0	0	4	2	1	1	0	1	0
CP017039.1	5p	+	4	6586	7240	6332	6187	26345	89	398	62	75	14	20	17	24	16	15	22	52	0	0	1	1	2	0	0	0	0
CP017039.1	5p	+	5	6167	7406	6685	6087	26345	107	380	72	65	15	16	32	35	18	13	17	66	1	1	2	0	0	0	1	1	0
CP017039.1	5p	+	6	5881	7201	7366	5895	26343	94	326	76	76	12	9	17	36	21	13	29	67	1	1	2	2	0	1	3	0	0
CP017039.1	5p	+	7	6155	7226	6949	6016	26346	92	273	69	67	18	8	14	37	18	14	29	46	3	4	0	0	0	1	0	0	0
CP017039.1	5p	+	8	5684	7577	7043	6040	26344	75	249	75	91	13	10	18	46	23	11	28	55	3	1	0	1	1	2	0	0	0
CP017039.1	5p	+	9	5811	7426	7353	5749	26339	108	225	66	83	14	15	10	46	16	10	26	56	1	3	0	0	2	4	1	1	0
CP017039.1	5p	+	10	5891	7435	7033	5984	26343	93	216	56	84	14	17	13	43	17	8	30	39	0	1	1	1	1	1	0	2	0
CP017039.1	5p	+	11	5646	7777	7176	5746	26345	89	222	82	85	15	7	28	44	17	9	26	46	1	1	1	0	0	0	2	0	0
CP017039.1	5p	+	12	5720	7426	7618	5579	26343	91	190	69	71	12	7	30	52	20	10	38	50	0	2	1	1	1	1	1	1	0
CP017039.1	5p	+	13	5865	7347	7315	5815	26342	95	199	57	66	6	9	22	42	6	14	23	47	0	1	0	0	2	1	1	1	0
CP017039.1	5p	+	14	5595	7680	7314	5755	26344	127	199	68	93	8	10	20	43	20	6	28	40	1	1	1	1	0	0	2	1	0
CP017039.1	5p	+	15	5783	7523	7563	5476	26345	104	172	95	84	20	5	27	49	14	9	32	51	0	0	1	1	1	1	0	0	0
CP017039.1	5p	+	16	5869	7459	7281	5732	26341	115	188	66	79	13	8	23	36	14	12	27	54	0	3	0	2	2	3	0	1	0
CP017039.1	5p	+	17	5514	7812	7400	5614	26340	114	172	62	79	11	11	23	49	15	16	22	52	1	1	0	0	0	1	5	1	0
CP017039.1	5p	+	18	5682	7617	7626	5419	26344	108	169	81	76	11	11	17	52	18	10	17	48	0	2	1	0	2	1	0	0	0
CP017039.1	5p	+	19	5832	7362	7399	5751	26344	102	166	73	63	13	9	23	43	13	12	23	43	0	1	1	0	1	1	1	0	0
CP017039.1	5p	+	20	5562	7793	7417	5572	26344	122	153	84	87	12	12	30	39	13	8	31	44	0	3	1	0	1	1	1	0	0
CP017039.1	5p	+	21	5618	7653	7631	5440	26342	122	151	74	76	23	9	26	57	12	13	34	36	2	0	1	2	0	3	0	2	0
CP017039.1	5p	+	22	5747	7453	7480	5662	26342	135	136	69	69	12	11	30	38	13	2	26	37	0	3	1	0	2	1	1	1	0
CP017039.1	5p	+	23	5452	7782	7427	5684	26345	151	161	63	78	8	12	22	41	15	10	29	54	0	0	1	0	0	1	1	0	0
CP017039.1	5p	+	24	5687	7415	7682	5559	26343	171	130	78	87	17	15	27	56	19	13	26	57	1	1	0	2	2	0	1	1	0
CP017039.1	5p	+	25	5985	7286	7321	5754	26346	149	120	51	58	14	5	24	32	17	11	11	40	0	1	1	1	0	0	0	1	0
CP017039.1	5p	+	26	5710	7721	7232	5682	26345	179	135	71	82	15	13	28	56	19	9	24	38	0	0	2	2	2	0	0	0	0
CP017039.1	5p	+	27	5761	7295	7640	5649	26345	170	135	66	78	17	21	20	52	19	10	37	41	1	2	0	1	1	0	1	0	0
CP017039.1	5p	+	28	6028	7193	7242	5880	26343	170	131	64	61	21	9	18	30	18	10	18	32	1	0	0	2	2	1	1	0	0
CP017039.1	5p	+	29	5666	7425	7322	5930	26343	222	128	83	67	11	10	39	49	15	14	23	66	0	2	4	2	2	0	1	1	0
CP017039.1	5p	+	30	5871	7144	7542	5789	26346	314	133	62	86	18	7	27	57	14	10	28	38	1	3	0	2	1	0	0	0	0
CP017039.1	5p	+	31	5761	6822	7005	5685	25273	298	107	51	67	14	7	25	52	13	11	17	36	0	2	1	1	0	0	0	0	0
CP017039.1	5p	+	32	5351	6763	6754	5356	24224	289	118	72	71	14	15	27	55	14	13	10	43	0	0	1	3	0	0	1	2	0
CP017039.1	5p	+	33	5287	6173	6716	4985	23161	321	121	74	54	16	5	24	49	16	12	19	34	0	2	0	2	1	0	1	0	0
CP017039.1	5p	+	34	5226	5859	6032	5013	22130	264	98	61	54	14	8	18	38	7	10	15	34	0	0	2	0	0	0	0	0	0
CP017039.1	5p	+	35	4740	5959	5712	4672	21083	257	103	56	60	7	9	18	47	12	10	11	34	0	0	1	1	0	0	2	0	0
CP017039.1	5p	+	36	4634	5327	5720	4360	20041	266	103	49	59	13	6	22	38	12	11	10	34	0	0	1	0	0	0	0	1	0
CP017039.1	5p	+	37	4475	4972	5277	4314	19038	245	84	50	46	13	7	16	28	15	8	9	25	2	0	0	0	0	0	0	0	0
CP017039.1	5p	+	38	4131	5012	4997	3964	18104	249	92	50	37	11	5	12	39	9	9	12	19	0	0	1	0	0	1	0	0	0
CP017039.1	5p	+	39	3951	4528	4906	3827	17212	245	86	52	45	9	6	17	36	4	9	14	22	0	0	0	0	0	0	0	0	0
CP017039.1	5p	+	40	3890	4335	4455	3706	16386	221	61	44	39	10	6	10	32	4	7	11	18	0	0	1	0	0	0	1	0	0
CP017039.1	5p	+	41	3497	4269	4285	3571	15622	215	71	30	44	9	5	10	26	12	7	5	21	0	0	3	0	1	1	1	0	0
CP017039.1	5p	+	42	3539	3804	4194	3306	14843	237	70	32	32	7	6	21	21	9	7	10	17	0	2	0	3	0	0	0	0	0
CP017039.1	5p	+	43	3270	3715	3761	3215	13961	187	58	18	26	14	8	13	25	5	7	6	29	0	0	1	1	2	2	0	0	0
CP017039.1	5p	+	44	2932	3604	3621	3044	13201	176	56	31	32	10	3	10	26	8	8	10	22	0	0	1	0	1	0	2	0	0
CP017039.1	5p	+	45	2914	3193	3583	2754	12444	182	42	40	37	8	6	12	33	9	7	6	11	0	0	2	1	0	1	0	0	0
CP017039.1	5p	+	46	2816	3092	3089	2748	11745	174	29	25	32	3	4	14	23	3	6	7	11	0	0	0	2	1	1	0	0	0
CP017039.1	5p	+	47	2477	2941	3102	2532	11052	183	34	30	29	6	2	7	25	5	3	5	10	0	0	2	2	0	0	0	0	0
CP017039.1	5p	+	48	2474	2716	2936	2264	10390	143	32	34	19	3	7	6	17	4	5	8	16	0	2	1	0	0	0	0	0	0
CP017039.1	5p	+	49	2324	2529	2638	2339	9830	137	40	19	19	6	5	5	16	5	6	2	12	0	1	0	0	0	1	0	0	0
CP017039.1	5p	+	50	2175	2526	2474	2070	9245	147	36	18	17	5	3	10	16	5	4	6	8	1	0	1	0	0	0	0	0	0
CP017039.1	5p	+	51	2026	2352	2438	1908	8724	156	30	25	23	1	4	6	13	4	6	5	6	0	0	0	0	1	0	0	0	0
CP017039.1	5p	+	52	2033	2109	2146	1873	8161	110	29	15	21	3	0	7	17	3	3	2	10	0	0	0	0	0	0	0	0	0
CP017039.1	5p	+	53	1795	2002	2100	1792	7689	105	25	19	19	3	2	8	16	3	1	5	11	1	0	0	1	0	0	0	0	0
CP017039.1	5p	+	54	1720	1938	1991	1586	7235	97	26	19	21	3	2	8	13	5	4	5	8	0	0	0	0	0	0	0	1	0
CP017039.1	5p	+	55	1623	1827	1857	1520	6827	103	21	14	11	2	2	4	14	1	3	0	8	1	0	0	0	0	0	0	0	0
CP017039.1	5p	+	56	1476	1732	1792	1395	6395	110	22	8	14	0	2	6	14	3	1	1	5	0	0	0	1	0	0	0	0	0
CP017039.1	5p	+	57	1500	1566	1643	1339	6048	98	14	15	13	3	3	1	13	3	1	3	3	1	0	1	1	0	1	0	0	0
CP017039.1	5p	+	58	1348	1522	1500	1316	5686	71	22	8	8	2	0	5	7	2	2	2	5	0	0	0	0	0	0	0	0	0
CP017039.1	5p	+	59	1226	1430	1532	1179	5367	84	14	11	13	3	6	5	3	3	2	3	7	0	0	0	0	0	1	0	0	0
CP017039.1	5p	+	60	1183	1365	1433	1070	5051	85	16	18	11	1	4	3	8	3	2	1	4	0	0	0	0	0	0	0	1	0
CP017039.1	5p	+	61	1155	1211	1240	1149	4755	67	14	13	11	2	2	2	11	1	1	0	7	0	0	0	0	0	1	0	0	0
CP017039.1	5p	+	62	1049	1187	1221	1019	4476	89	10	11	11	1	1	2	9	2	2	1	4	0	0	0	0	0	0	0	0	0
CP017039.1	5p	+	63	972	1101	1223	945	4241	78	15	9	11	0	4	5	8	3	1	1	7	0	0	0	0	0	0	0	0	0
CP017039.1	5p	+	64	974	1044	1039	955	4012	61	6	7	12	0	2	4	4	1	2	3	0	0	0	0	0	0	0	0	0	0
CP017039.1	5p	+	65	883	1028	1001	844	3756	56	13	11	5	1	2	2	5	1	2	1	3	0	0	1	0	0	0	0	0	0
CP017039.1	5p	+	66	894	898	950	780	3522	54	7	12	9	4	2	3	6	2	1	2	4	1	0	0	0	0	0	0	0	0
CP017039.1	5p	+	67	811	849	873	746	3279	55	14	8	11	3	2	2	7	2	0	0	2	0	0	0	0	0	1	0	0	0
CP017039.1	5p	+	68	734	794	833	726	3087	42	16	6	11	1	0	1	4	3	3	0	2	0	0	0	0	0	0	0	0	0
CP017039.1	5p	+	69	667	763	829	667	2926	52	9	4	4	1	0	0	6	1	0	3	5	1	1	0	1	0	0	0	0	0
CP017039.1	5p	+	70	663	686	728	672	2749	39	8	4	6	0	3	1	4	2	1	0	6	0	0	1	1	1	0	0	0	0
CP017039.1	5p	-	1	5785	8240	5110	7255	26390	82	2039	74	60	22	32	13	45	14	15	34	83	0	0	0	0	0	0	0	0	1
CP017039.1	5p	-	2	6268	7005	6597	6520	26390	94	912	78	64	21	19	28	31	14	18	34	59	2	0	0	0	0	0	0	0	0
CP017039.1	5p	-	3	6456	7118	7145	5671	26390	105	475	90	74	14	23	31	24	20	13	33	40	1	0	1	0	0	0	0	0	0
CP017039.1	5p	-	4	6565	7002	6518	6305	26390	77	381	65	75	13	14	14	38	11	11	25	48	2	0	0	0	0	0	0	0	0
CP017039.1	5p	-	5	6066	7288	6787	6241	26382	88	331	69	61	12	13	19	46	14	12	27	76	1	2	1	1	1	2	5	0	0
CP017039.1	5p	-	6	5866	7304	7290	5926	26386	91	304	83	76	14	16	25	54	14	22	32	68	0	0	1	2	1	2	0	1	0
CP017039.1	5p	-	7	6012	7174	7099	6103	26388	88	243	68	77	11	10	17	39	15	19	39	58	1	1	0	1	0	1	1	0	0
CP017039.1	5p	-	8	5629	7526	7250	5981	26386	92	251	62	80	21	9	29	36	19	14	36	49	0	1	1	1	1	0	2	1	0
CP017039.1	5p	-	9	5690	7282	7558	5858	26388	93	200	78	65	19	16	24	44	15	17	31	59	1	2	0	0	0	2	0	0	0
CP017039.1	5p	-	10	5847	7369	7211	5956	26383	93	215	64	70	13	11	20	47	14	8	17	44	0	2	1	0	3	1	1	2	0
CP017039.1	5p	-	11	5541	7717	7351	5779	26388	92	188	77	71	19	16	26	48	17	11	26	54	1	1	0	3	1	1	0	0	0
CP017039.1	5p	-	12	5701	7406	7745	5533	26385	111	220	69	78	17	6	27	50	13	8	27	50	0	1	1	1	1	3	1	0	0
CP017039.1	5p	-	13	5958	7172	7324	5933	26387	94	174	59	66	12	10	17	36	12	9	17	49	0	0	1	1	1	1	0	1	0
CP017039.1	5p	-	14	5602	7391	7481	5915	26389	97	189	73	68	18	11	22	35	13	21	28	49	0	0	2	0	0	0	0	1	0
CP017039.1	5p	-	15	5678	7463	7648	5597	26386	105	213	82	90	20	23	24	42	11	7	26	45	3	2	0	0	2	1	1	0	0
CP017039.1	5p	-	16	5754	7355	7423	5854	26386	91	169	69	76	14	7	27	34	16	11	20	45	1	0	1	2	0	3	1	0	0
CP017039.1	5p	-	17	5599	7528	7643	5618	26388	120	181	79	72	21	27	29	39	21	11	28	41	0	2	0	2	1	1	0	0	0
CP017039.1	5p	-	18	5642	7484	7788	5473	26387	109	167	86	76	12	13	33	46	16	9	28	57	0	0	1	0	0	0	3	0	0
CP017039.1	5p	-	19	5779	7292	7503	5812	26386	103	135	68	74	10	7	15	40	16	10	20	44	0	1	0	0	0	0	3	1	0
CP017039.1	5p	-	20	5515	7627	7415	5828	26385	100	158	72	76	18	13	23	48	24	5	28	49	0	0	3	0	2	0	2	1	0
CP017039.1	5p	-	21	5597	7365	7887	5538	26387	129	138	65	76	15	11	26	51	19	16	23	46	0	0	1	0	0	0	2	1	0
CP017039.1	5p	-	22	5689	7284	7530	5884	26387	127	138	59	61	18	10	20	27	14	12	19	48	0	1	0	1	0	0	3	0	0
CP017039.1	5p	-	23	5639	7519	7540	5691	26389	158	137	96	69	16	10	19	52	13	8	20	34	3	0	0	0	0	1	0	0	0
CP017039.1	5p	-	24	5681	7412	7777	5517	26387	147	151	73	80	16	13	25	47	23	12	25	40	2	0	0	1	0	1	0	2	0
CP017039.1	5p	-	25	5932	7179	7415	5860	26386	163	133	68	65	19	17	21	42	17	7	18	25	1	1	0	1	0	0	2	2	0
CP017039.1	5p	-	26	5681	7420	7504	5783	26388	196	138	63	85	13	12	25	52	18	7	32	37	1	2	1	0	1	1	0	0	0
CP017039.1	5p	-	27	5807	7211	7697	5673	26388	184	151	75	83	19	10	30	48	9	18	23	41	0	1	0	1	0	1	0	1	0
CP017039.1	5p	-	28	6015	6957	7595	5818	26385	203	123	61	67	15	8	19	39	13	9	21	41	0	0	0	0	2	1	0	2	0
CP017039.1	5p	-	29	5789	7429	7412	5758	26388	248	127	73	76	19	18	24	40	12	10	17	48	2	1	0	1	0	0	1	1	0
CP017039.1	5p	-	30	5914	7019	7741	5713	26387	338	116	83	67	12	10	28	44	21	15	23	57	1	1	0	0	0	2	0	1	0
CP017039.1	5p	-	31	5809	6683	7031	5780	25303	286	102	66	52	21	8	19	47	12	15	16	43	0	0	0	0	1	0	0	0	0
CP017039.1	5p	-	32	5363	6610	6833	5410	24216	300	102	64	78	17	12	27	45	15	14	20	43	2	2	1	0	0	1	0	0	0
CP017039.1	5p	-	33	5285	6184	6667	5004	23140	325	107	71	57	14	10	24	41	11	10	18	33	1	0	0	1	0	0	0	0	0
CP017039.1	5p	-	34	5125	5755	6184	5058	22122	298	90	50	57	14	8	32	48	15	9	20	41	0	0	0	0	0	2	1	0	0
CP017039.1	5p	-	35	4606	5746	5905	4801	21058	283	104	54	59	8	6	18	32	12	13	16	33	2	0	0	1	0	1	0	0	0
CP017039.1	5p	-	36	4526	5345	5716	4483	20070	274	87	58	58	19	16	33	34	12	10	10	31	0	1	0	0	0	0	0	0	0
CP017039.1	5p	-	37	4458	5041	5199	4385	19083	246	63	38	52	9	6	16	44	12	7	17	32	3	0	1	0	1	2	1	1	0
CP017039.1	5p	-	38	4044	4848	5113	4157	18162	231	78	46	48	10	4	12	25	10	11	3	23	1	1	1	1	1	0	0	0	0
CP017039.1	5p	-	39	3988	4544	5008	3738	17278	244	86	34	47	15	5	14	30	14	5	11	30	0	2	1	1	0	0	0	0	0
CP017039.1	5p	-	40	3822	4372	4417	3821	16432	224	54	40	38	12	7	15	30	14	10	4	18	0	0	0	1	0	0	1	0	0
CP017039.1	5p	-	41	3494	4270	4390	3460	15614	244	53	39	40	8	5	8	36	9	4	9	17	1	2	0	0	1	0	0	0	0
CP017039.1	5p	-	42	3486	3778	4284	3292	14840	226	56	52	33	6	7	15	26	7	2	12	25	0	2	2	1	1	0	0	0	0
CP017039.1	5p	-	43	3286	3607	3838	3238	13969	211	43	36	25	9	9	10	31	4	10	9	17	1	1	0	0	0	0	0	0	0
CP017039.1	5p	-	44	3033	3509	3759	2920	13221	220	54	38	36	10	1	11	28	5	9	12	15	0	1	0	0	0	1	0	0	0
CP017039.1	5p	-	45	2903	3257	3536	2741	12437	209	49	25	31	8	5	13	21	7	2	6	16	0	0	0	0	2	2	0	0	0
CP017039.1	5p	-	46	2764	3050	3220	2694	11728	173	48	24	19	8	3	6	24	6	5	9	12	0	1	0	1	0	1	0	0	0
CP017039.1	5p	-	47	2566	2805	3121	2557	11049	172	53	39	26	7	4	11	20	5	4	7	17	0	1	1	1	0	1	0	0	0
CP017039.1	5p	-	48	2452	2732	2956	2275	10415	164	42	29	27	3	5	13	16	7	3	3	13	0	0	1	1	0	0	0	0	0
CP017039.1	5p	-	49	2312	2533	2647	2339	9831	135	36	21	26	4	6	11	23	8	5	4	15	0	0	0	0	1	0	0	0	0
CP017039.1	5p	-	50	2137	2461	2581	2119	9298	157	36	18	20	5	6	8	21	7	3	5	16	0	0	0	0	0	0	0	1	0
CP017039.1	5p	-	51	2076	2267	2479	1904	8726	132	39	23	16	1	0	7	14	2	2	4	10	0	0	1	0	1	0	0	1	0
CP017039.1	5p	-	52	1961	2118	2155	1956	8190	113	29	18	16	2	1	8	17	2	6	6	11	1	0	1	0	0	1	0	0	0
CP017039.1	5p	-	53	1808	1989	2045	1828	7670	109	33	20	16	2	6	7	24	8	3	4	8	0	0	0	0	0	0	0	0	0
CP017039.1	5p	-	54	1655	1801	2091	1647	7194	118	33	16	12	2	4	4	13	4	2	2	9	1	0	0	0	0	0	0	0	0
CP017039.1	5p	-	55	1626	1715	1837	1586	6764	82	28	13	19	7	1	4	14	4	3	5	9	0	0	0	0	0	0	0	0	0
CP017039.1	5p	-	56	1455	1702	1780	1434	6371	96	24	11	14	3	4	7	11	4	6	4	7	1	1	0	0	0	0	0	0	0
CP017039.1	5p	-	57	1448	1563	1649	1356	6016	106	18	14	11	4	5	7	7	1	2	2	11	0	0	0	0	0	0	0	0	0
CP017039.1	5p	-	58	1353	1454	1525	1306	5638	83	20	11	14	3	4	5	7	6	1	4	6	1	0	0	0	0	0	0	0	0
CP017039.1	5p	-	59	1178	1429	1505	1179	5291	84	21	5	10	2	2	7	7	3	0	5	3	0	0	1	0	0	0	0	0	0
CP017039.1	5p	-	60	1231	1226	1379	1151	4987	70	17	8	13	6	0	3	7	6	3	3	5	0	0	0	0	0	0	0	0	0
CP017039.1	5p	-	61	1104	1205	1223	1151	4683	65	19	8	9	1	0	2	5	3	2	3	6	0	0	0	0	0	0	0	0	0
CP017039.1	5p	-	62	993	1170	1192	1040	4395	69	19	12	9	3	1	5	10	3	4	2	7	1	0	0	1	0	0	0	0	0
CP017039.1	5p	-	63	1003	1090	1182	888	4163	57	10	9	6	2	2	2	7	2	0	0	6	0	0	1	1	0	0	0	0	0
CP017039.1	5p	-	64	1028	993	1034	873	3928	55	18	11	3	2	1	3	6	2	2	2	4	2	0	0	0	0	0	0	0	0
CP017039.1	5p	-	65	854	929	1038	859	3680	49	7	13	7	3	2	4	9	2	4	1	4	0	0	0	0	0	0	0	0	0
CP017039.1	5p	-	66	820	924	940	775	3459	52	9	9	10	3	0	2	13	4	3	3	5	0	0	0	0	0	0	0	0	0
CP017039.1	5p	-	67	800	794	903	730	3227	58	7	5	6	1	2	1	6	1	0	0	1	1	0	0	0	0	0	0	0	0
CP017039.1	5p	-	68	685	790	863	697	3035	57	11	7	7	2	0	5	3	3	0	4	4	1	0	0	0	0	0	1	0	0
CP017039.1	5p	-	69	650	726	847	634	2857	50	10	3	7	1	2	3	10	2	1	1	0	0	0	0	0	0	0	0	0	0
CP017039.1	5p	-	70	656	661	711	654	2682	49	9	8	8	0	2	5	6	0	1	2	3	0	0	0	0	0	0	0	0	0
