# table produced by mapDamage version 2.2.3
# using mapped file /mnt/archgen/microbiome_calculus/library_ds_vs_ss/04-analysis/normalize_kraken/mapping/lautropia_mirabilis/out/CDM020.A0101.SG1.1_5M.mapped_l_mirabilis_q25l30_rmdup.bam and /mnt/archgen/microbiome_calculus/library_ds_vs_ss/04-analysis/normalize_kraken/mapping/lautropia_mirabilis/input/GCF_900637555.1_51726_E01_genomic.fna as reference file
# Chr: reference from sam/bam header, End: from which termini of DNA sequences, Std: strand of reads
Chr	End	Std	Pos	A	C	G	T	Total	G>A	C>T	A>G	T>C	A>C	A>T	C>G	C>A	T>G	T>A	G>C	G>T	A>-	T>-	C>-	G>-	->A	->T	->C	->G	S
NZ_LR134378.1	3p	+	1	6261	9795	10935	5102	32093	3743	148	83	115	29	9	45	67	25	21	51	34	0	0	0	0	0	0	0	0	1
NZ_LR134378.1	3p	+	2	5963	11157	9782	5191	32093	2438	144	90	139	28	12	49	61	22	15	62	45	0	0	0	0	0	0	0	0	0
NZ_LR134378.1	3p	+	3	5383	11012	10149	5549	32093	1863	160	85	126	33	9	55	55	18	13	57	26	0	0	0	0	0	0	0	0	0
NZ_LR134378.1	3p	+	4	5896	9965	10684	5548	32093	1559	116	99	99	14	11	44	48	13	11	65	23	0	0	0	0	0	0	0	0	0
NZ_LR134378.1	3p	+	5	5587	10490	10809	5207	32093	1430	130	112	129	20	13	49	50	12	17	48	30	0	0	0	0	0	0	0	0	0
NZ_LR134378.1	3p	+	6	5410	10795	10371	5517	32093	1151	141	106	118	22	16	46	35	28	7	40	35	0	0	0	1	0	0	0	0	0
NZ_LR134378.1	3p	+	7	5719	10502	10336	5535	32092	955	136	99	108	23	10	42	34	19	13	46	31	0	1	1	1	1	0	0	0	0
NZ_LR134378.1	3p	+	8	5584	10535	10733	5239	32091	833	153	105	132	22	13	71	50	22	16	36	17	1	1	2	1	0	1	1	0	0
NZ_LR134378.1	3p	+	9	5397	10677	10515	5503	32092	730	206	114	102	20	11	55	21	25	11	53	35	1	1	0	1	0	1	0	0	0
NZ_LR134378.1	3p	+	10	5628	10387	10622	5452	32089	656	153	99	102	21	9	40	25	18	10	47	27	0	1	1	0	2	1	1	0	0
NZ_LR134378.1	3p	+	11	5486	10522	10907	5177	32092	634	179	127	121	21	13	52	33	22	15	42	26	1	0	2	0	0	1	0	0	0
NZ_LR134378.1	3p	+	12	5353	10762	10574	5401	32090	520	177	116	114	15	5	56	40	23	9	49	29	0	1	0	0	0	1	1	1	0
NZ_LR134378.1	3p	+	13	5575	10523	10405	5590	32093	468	170	93	113	17	7	51	26	27	9	38	32	0	2	0	2	0	0	0	0	0
NZ_LR134378.1	3p	+	14	5339	10765	10778	5208	32090	436	158	114	119	16	4	54	26	16	15	42	31	0	1	0	0	1	1	0	1	0
NZ_LR134378.1	3p	+	15	5324	10807	10670	5291	32092	436	174	113	123	14	5	48	26	24	7	43	22	1	2	1	3	0	0	1	0	0
NZ_LR134378.1	3p	+	16	5571	10477	10591	5448	32087	375	155	92	107	20	8	37	26	19	10	33	28	0	0	0	0	2	1	2	1	0
NZ_LR134378.1	3p	+	17	5254	10785	10954	5092	32085	401	155	120	116	18	9	57	40	22	10	53	33	1	1	1	0	2	2	2	2	0
NZ_LR134378.1	3p	+	18	5339	10806	10574	5370	32089	338	200	96	122	16	9	38	32	21	9	37	23	0	1	0	1	0	0	2	2	0
NZ_LR134378.1	3p	+	19	5494	10528	10618	5450	32090	322	175	95	98	18	13	42	30	27	14	39	22	0	1	0	0	0	1	1	1	0
NZ_LR134378.1	3p	+	20	5265	10780	10949	5097	32091	322	177	122	136	22	10	44	36	16	11	43	26	2	0	0	2	0	0	2	0	0
NZ_LR134378.1	3p	+	21	5328	10719	10679	5364	32090	309	226	96	127	15	17	36	36	13	14	47	32	0	0	0	1	0	0	2	1	0
NZ_LR134378.1	3p	+	22	5485	10509	10671	5426	32091	299	216	95	120	19	8	52	28	17	8	52	26	0	0	4	0	0	0	0	2	0
NZ_LR134378.1	3p	+	23	5167	10876	10894	5154	32091	335	241	90	110	17	11	35	32	17	9	36	35	0	0	2	0	1	1	0	0	0
NZ_LR134378.1	3p	+	24	5217	10672	10740	5461	32090	273	262	108	124	26	13	55	21	24	11	55	30	1	1	0	2	0	1	2	0	0
NZ_LR134378.1	3p	+	25	5568	10307	10726	5491	32092	279	268	106	102	21	8	41	32	18	14	34	37	3	0	0	2	0	0	0	1	0
NZ_LR134378.1	3p	+	26	5218	10719	10974	5174	32085	273	321	114	126	18	8	48	23	20	9	47	29	0	0	2	2	0	4	3	1	0
NZ_LR134378.1	3p	+	27	5190	10767	10671	5461	32089	247	349	105	124	21	15	45	28	25	9	37	32	0	1	0	3	1	0	0	3	0
NZ_LR134378.1	3p	+	28	5488	10355	10690	5556	32089	254	373	108	115	20	12	36	24	25	11	45	23	0	0	0	0	1	0	3	0	0
NZ_LR134378.1	3p	+	29	5374	10745	10936	5038	32093	281	497	124	121	27	10	50	30	21	12	54	34	1	1	0	3	0	0	0	0	0
NZ_LR134378.1	3p	+	30	5269	10717	10640	5463	32089	236	554	117	125	12	4	59	27	10	11	52	23	0	0	1	3	1	0	2	1	0
NZ_LR134378.1	3p	+	31	5496	10261	10203	5430	31390	228	527	109	103	28	10	50	24	21	10	50	22	2	0	0	1	0	1	2	0	0
NZ_LR134378.1	3p	+	32	5105	10117	10425	4975	30622	258	561	110	111	15	12	40	23	11	10	43	33	1	1	0	1	1	1	2	0	0
NZ_LR134378.1	3p	+	33	4962	9997	9975	4930	29864	237	553	90	88	15	4	55	23	14	4	38	26	1	1	0	0	0	0	1	1	0
NZ_LR134378.1	3p	+	34	5009	9490	9663	4925	29087	210	521	96	103	10	12	44	28	12	7	36	27	0	0	1	2	0	1	1	1	0
NZ_LR134378.1	3p	+	35	4591	9403	9765	4568	28327	193	577	85	111	19	13	45	25	19	6	43	30	0	2	2	0	0	0	1	2	0
NZ_LR134378.1	3p	+	36	4507	9058	9191	4743	27499	192	521	82	105	13	8	37	28	15	13	41	19	0	1	2	0	0	1	1	1	0
NZ_LR134378.1	3p	+	37	4651	8616	8685	4698	26650	178	575	87	90	13	7	38	28	22	9	33	25	0	1	1	1	0	0	1	0	0
NZ_LR134378.1	3p	+	38	4317	8714	8578	4234	25843	195	557	104	64	11	6	29	24	17	9	33	23	0	0	1	1	0	1	0	1	0
NZ_LR134378.1	3p	+	39	4137	8350	8169	4323	24979	160	616	82	74	11	4	37	21	18	6	35	30	0	0	1	3	4	1	0	1	0
NZ_LR134378.1	3p	+	40	4289	7747	8012	4190	24238	165	593	89	76	14	9	38	24	12	8	21	23	0	1	2	0	0	1	0	3	0
NZ_LR134378.1	3p	+	41	4006	7823	7809	3855	23493	169	618	82	76	8	10	40	17	12	8	36	28	0	1	2	0	0	0	1	0	0
NZ_LR134378.1	3p	+	42	3892	7683	7354	3844	22773	142	591	78	66	13	11	26	24	7	12	26	22	0	0	1	1	0	0	0	0	0
NZ_LR134378.1	3p	+	43	3786	7063	7152	3892	21893	131	526	83	71	10	5	24	16	12	10	25	27	1	0	0	1	1	0	0	0	0
NZ_LR134378.1	3p	+	44	3423	6880	7197	3472	20972	157	540	67	89	13	11	23	20	17	8	25	20	0	0	0	1	0	0	0	0	0
NZ_LR134378.1	3p	+	45	3457	6677	6585	3436	20155	137	528	69	75	12	11	37	13	14	7	30	16	3	0	0	0	1	1	0	1	0
NZ_LR134378.1	3p	+	46	3428	6262	6269	3389	19348	123	519	77	76	11	4	26	24	11	10	17	21	0	0	0	1	1	0	0	0	0
NZ_LR134378.1	3p	+	47	3113	6248	6062	3091	18514	95	504	54	69	9	6	24	12	10	7	30	28	0	0	0	0	0	0	0	1	0
NZ_LR134378.1	3p	+	48	2902	5894	5908	3031	17735	118	453	65	62	13	6	16	17	10	9	23	20	0	0	0	1	1	1	0	0	0
NZ_LR134378.1	3p	+	49	2956	5494	5410	3135	16995	116	424	40	56	9	6	21	26	9	3	23	17	0	1	0	0	0	0	0	1	0
NZ_LR134378.1	3p	+	50	2680	5436	5399	2726	16241	96	435	76	53	1	7	19	15	11	4	29	14	1	1	0	0	0	0	0	0	0
NZ_LR134378.1	3p	+	51	2585	5150	5113	2702	15550	109	437	38	57	11	10	16	13	6	7	18	8	0	1	0	0	0	0	0	0	0
NZ_LR134378.1	3p	+	52	2648	4720	4932	2592	14892	95	348	56	48	5	7	18	9	7	4	17	18	0	0	1	1	0	0	0	0	0
NZ_LR134378.1	3p	+	53	2472	4683	4713	2426	14294	87	384	56	44	5	2	17	12	6	4	17	11	0	0	0	3	1	0	0	0	0
NZ_LR134378.1	3p	+	54	2347	4555	4428	2417	13747	77	353	44	45	12	5	28	8	7	7	17	12	0	0	1	1	0	0	0	0	0
NZ_LR134378.1	3p	+	55	2334	4234	4274	2285	13127	68	344	44	40	8	4	8	11	3	4	16	9	1	0	0	1	0	0	1	0	0
NZ_LR134378.1	3p	+	56	2159	4188	4163	2080	12590	74	350	45	34	7	3	15	10	4	4	15	9	0	0	0	0	0	1	0	1	0
NZ_LR134378.1	3p	+	57	2077	4069	3866	2073	12085	67	318	52	57	3	1	15	12	9	1	13	13	0	0	0	0	0	0	0	0	0
NZ_LR134378.1	3p	+	58	2067	3658	3812	2073	11610	56	287	44	35	9	5	13	11	3	3	15	6	0	0	0	0	0	0	0	1	0
NZ_LR134378.1	3p	+	59	1880	3700	3692	1888	11160	75	255	47	34	4	4	14	13	4	4	11	11	0	0	0	0	0	0	0	0	0
NZ_LR134378.1	3p	+	60	1871	3493	3537	1840	10741	52	280	38	48	5	3	12	15	7	2	14	9	0	0	1	0	0	0	0	0	0
NZ_LR134378.1	3p	+	61	1823	3342	3359	1786	10310	48	263	34	31	5	6	7	12	3	5	13	8	0	0	0	0	0	0	0	0	0
NZ_LR134378.1	3p	+	62	1625	3313	3306	1678	9922	72	286	38	24	4	6	14	11	4	8	10	14	0	0	0	0	1	1	0	0	0
NZ_LR134378.1	3p	+	63	1679	3154	3047	1662	9542	47	247	35	25	5	3	11	11	2	3	11	7	0	0	0	0	0	0	0	1	0
NZ_LR134378.1	3p	+	64	1543	3046	3027	1577	9193	53	256	24	17	7	3	5	12	4	3	6	8	0	0	0	1	1	0	0	0	0
NZ_LR134378.1	3p	+	65	1516	2874	2864	1548	8802	48	246	28	29	5	1	6	12	7	1	18	12	0	0	0	0	0	0	0	1	0
NZ_LR134378.1	3p	+	66	1391	2851	2738	1443	8423	44	243	16	32	3	0	15	11	4	1	10	7	0	0	0	0	1	0	0	0	0
NZ_LR134378.1	3p	+	67	1475	2639	2513	1400	8027	41	232	33	22	5	3	8	4	5	2	6	4	0	0	0	0	1	0	0	0	0
NZ_LR134378.1	3p	+	68	1247	2581	2556	1313	7697	41	214	28	31	4	3	10	5	6	2	12	10	0	0	0	0	0	0	0	0	0
NZ_LR134378.1	3p	+	69	1239	2452	2373	1286	7350	47	206	17	10	4	4	13	3	4	5	9	8	0	0	0	1	1	0	1	0	0
NZ_LR134378.1	3p	+	70	1289	2256	2193	1265	7003	37	214	28	20	2	1	8	5	6	3	8	2	0	1	0	0	0	1	0	0	0
NZ_LR134378.1	3p	-	1	6380	9813	10726	5002	31921	3675	130	86	106	18	12	53	51	19	26	48	17	0	0	0	0	0	0	0	0	0
NZ_LR134378.1	3p	-	2	5890	11050	9764	5217	31921	2462	128	86	132	37	16	51	53	25	22	68	30	0	0	0	0	0	0	0	0	0
NZ_LR134378.1	3p	-	3	5193	11264	9931	5532	31920	1787	148	79	119	23	12	59	49	20	15	53	29	0	0	0	0	0	1	0	0	0
NZ_LR134378.1	3p	-	4	5806	9932	10591	5591	31920	1635	117	100	100	30	9	47	39	22	19	40	41	0	0	0	0	1	0	0	0	0
NZ_LR134378.1	3p	-	5	5356	10564	10711	5286	31917	1365	146	93	112	11	8	42	33	15	12	52	18	0	0	0	0	0	1	1	2	0
NZ_LR134378.1	3p	-	6	5419	10729	10276	5493	31917	1137	153	96	131	20	12	53	39	15	13	54	33	0	1	0	2	2	0	2	0	0
NZ_LR134378.1	3p	-	7	5622	10449	10280	5566	31917	973	136	109	113	31	11	52	36	20	19	49	31	0	0	0	2	3	0	0	1	0
NZ_LR134378.1	3p	-	8	5302	10551	10711	5356	31920	873	176	122	110	24	9	49	27	23	13	48	32	0	2	0	2	0	0	1	0	0
NZ_LR134378.1	3p	-	9	5442	10450	10581	5447	31920	748	165	103	118	23	15	40	26	21	9	50	35	0	1	0	2	1	0	0	0	0
NZ_LR134378.1	3p	-	10	5641	10318	10559	5402	31920	585	148	101	103	21	11	40	31	26	10	48	25	0	1	0	3	0	0	1	0	0
NZ_LR134378.1	3p	-	11	5278	10757	10811	5075	31921	552	157	103	131	20	10	46	20	22	11	35	34	1	2	0	2	0	0	0	0	0
NZ_LR134378.1	3p	-	12	5153	10806	10622	5339	31920	570	172	109	125	24	3	44	33	14	8	47	26	0	0	0	0	0	0	1	0	0
NZ_LR134378.1	3p	-	13	5442	10449	10606	5423	31920	498	146	112	104	16	9	46	29	19	9	45	27	1	1	1	0	0	1	0	0	0
NZ_LR134378.1	3p	-	14	5350	10517	10873	5178	31918	439	162	121	111	26	12	59	37	22	16	50	28	1	2	1	0	1	0	1	1	0
NZ_LR134378.1	3p	-	15	5310	10789	10455	5365	31919	437	171	131	112	17	9	50	28	20	6	60	30	2	0	0	0	0	0	0	2	0
NZ_LR134378.1	3p	-	16	5444	10459	10642	5372	31917	385	180	103	108	23	17	46	20	17	12	39	31	1	0	0	0	1	1	1	1	0
NZ_LR134378.1	3p	-	17	5256	10831	10780	5052	31919	369	168	133	106	29	13	58	31	20	14	58	27	1	0	3	1	1	0	0	1	0
NZ_LR134378.1	3p	-	18	5201	10797	10650	5271	31919	350	211	102	115	22	7	41	29	17	12	65	23	0	1	1	0	0	0	1	1	0
NZ_LR134378.1	3p	-	19	5336	10464	10676	5443	31919	325	176	100	105	23	11	45	26	19	9	32	30	0	2	0	0	1	0	0	1	0
NZ_LR134378.1	3p	-	20	5280	10651	10841	5146	31918	305	216	118	115	23	12	47	25	21	5	52	34	0	0	0	0	1	0	1	1	0
NZ_LR134378.1	3p	-	21	5232	10793	10705	5188	31918	315	233	97	111	18	9	52	31	14	12	51	31	0	0	3	3	1	1	0	1	0
NZ_LR134378.1	3p	-	22	5423	10491	10641	5365	31920	312	219	102	116	16	7	35	35	23	10	39	27	0	0	1	2	0	0	1	0	0
NZ_LR134378.1	3p	-	23	5124	10767	10897	5133	31921	305	253	131	116	16	14	49	34	20	7	60	31	1	0	0	0	0	0	0	0	0
NZ_LR134378.1	3p	-	24	5197	10758	10575	5389	31919	283	266	111	87	23	12	51	16	20	14	40	25	0	0	1	3	0	0	1	1	0
NZ_LR134378.1	3p	-	25	5436	10456	10648	5376	31916	299	273	107	101	17	7	52	33	22	12	42	23	0	0	2	2	1	1	1	2	0
NZ_LR134378.1	3p	-	26	5138	10728	10844	5206	31916	315	323	115	117	16	8	41	24	28	16	42	19	0	0	1	1	3	1	0	1	0
NZ_LR134378.1	3p	-	27	5196	10847	10584	5292	31919	239	343	96	109	13	13	49	28	19	5	49	26	0	1	1	2	0	1	1	0	0
NZ_LR134378.1	3p	-	28	5574	10575	10431	5337	31917	258	357	99	103	16	10	37	21	22	12	47	23	0	0	2	1	0	1	1	2	0
NZ_LR134378.1	3p	-	29	5313	10755	10838	5014	31920	267	444	120	117	23	10	54	27	15	8	60	21	1	0	1	1	0	0	0	1	0
NZ_LR134378.1	3p	-	30	5284	10507	10782	5346	31919	245	502	116	107	20	10	42	32	18	12	55	41	1	0	0	1	0	0	1	1	0
NZ_LR134378.1	3p	-	31	5441	10179	10240	5381	31241	231	535	94	99	18	16	44	26	17	9	43	18	0	0	1	1	0	0	1	0	0
NZ_LR134378.1	3p	-	32	4913	10248	10481	4874	30516	246	547	98	92	19	13	50	22	19	9	60	30	1	1	0	0	0	1	0	3	0
NZ_LR134378.1	3p	-	33	4996	10022	9825	4916	29759	240	586	119	115	21	14	53	40	17	12	45	24	0	0	1	2	1	1	0	1	0
NZ_LR134378.1	3p	-	34	5038	9507	9442	4964	28951	212	549	107	94	18	14	50	27	20	12	30	20	1	0	1	0	1	0	0	0	0
NZ_LR134378.1	3p	-	35	4663	9299	9490	4680	28132	178	597	117	100	19	9	38	29	10	7	44	30	0	1	1	2	2	1	0	1	0
NZ_LR134378.1	3p	-	36	4559	9063	9003	4732	27357	169	594	98	78	27	7	41	20	14	6	48	26	1	0	0	0	0	0	0	0	0
NZ_LR134378.1	3p	-	37	4525	8800	8653	4578	26556	173	561	79	72	16	12	28	26	18	8	28	22	0	0	0	1	0	1	0	0	0
NZ_LR134378.1	3p	-	38	4359	8375	8695	4331	25760	181	576	99	87	20	8	36	27	7	5	42	25	0	1	0	0	0	2	0	0	0
NZ_LR134378.1	3p	-	39	4085	8352	8167	4323	24927	192	554	103	83	12	7	39	16	11	6	35	22	0	0	1	1	1	1	0	0	0
NZ_LR134378.1	3p	-	40	4146	7883	7961	4134	24124	175	547	70	57	10	11	25	21	16	5	30	20	0	1	1	0	0	1	1	1	0
NZ_LR134378.1	3p	-	41	3921	7780	7825	3863	23389	184	601	92	80	19	9	37	21	17	13	31	18	0	0	0	1	0	2	0	1	0
NZ_LR134378.1	3p	-	42	3693	7585	7407	3957	22642	149	578	75	76	15	9	24	23	17	3	27	22	0	0	0	2	1	0	0	0	0
NZ_LR134378.1	3p	-	43	3711	7153	7155	3725	21744	141	584	67	60	10	5	25	16	10	10	19	24	0	0	1	0	0	2	0	1	0
NZ_LR134378.1	3p	-	44	3448	6927	7012	3474	20861	138	572	75	76	20	10	28	13	11	5	35	16	1	0	0	0	0	0	0	1	0
NZ_LR134378.1	3p	-	45	3296	6674	6610	3467	20047	137	528	75	62	5	12	31	19	17	7	33	16	0	0	1	1	1	0	0	1	0
NZ_LR134378.1	3p	-	46	3367	6310	6222	3300	19199	131	522	79	56	12	7	18	15	9	5	26	10	1	0	0	0	0	2	0	0	0
NZ_LR134378.1	3p	-	47	2968	6093	6195	3115	18371	117	455	63	68	11	3	24	13	12	2	32	22	0	1	0	1	1	0	0	1	0
NZ_LR134378.1	3p	-	48	2902	5709	5824	3127	17562	108	467	66	61	16	8	19	16	7	9	23	13	0	2	1	0	0	0	0	0	0
NZ_LR134378.1	3p	-	49	2927	5526	5374	2966	16793	116	407	45	51	8	10	25	16	13	5	17	17	1	0	0	0	0	1	0	1	0
NZ_LR134378.1	3p	-	50	2664	5380	5383	2668	16095	106	424	57	59	13	9	17	13	8	3	23	14	0	0	1	0	1	1	1	1	0
NZ_LR134378.1	3p	-	51	2547	5041	5175	2658	15421	107	380	52	38	9	3	17	15	6	7	27	10	1	0	0	0	0	2	0	0	0
NZ_LR134378.1	3p	-	52	2635	4802	4752	2605	14794	76	397	56	37	9	6	24	10	3	3	18	12	1	0	0	0	0	0	0	0	0
NZ_LR134378.1	3p	-	53	2365	4745	4679	2368	14157	81	382	53	42	5	6	19	8	11	3	18	11	0	0	1	1	0	1	0	0	0
NZ_LR134378.1	3p	-	54	2267	4496	4410	2387	13560	79	361	45	40	5	4	15	12	10	1	19	12	0	0	0	0	0	1	0	0	0
NZ_LR134378.1	3p	-	55	2284	4236	4240	2247	13007	89	295	49	32	2	6	19	16	5	3	21	11	0	0	0	1	0	0	0	0	0
NZ_LR134378.1	3p	-	56	2090	4098	4186	2118	12492	79	335	46	34	7	5	12	16	10	8	21	10	0	0	0	0	0	1	0	0	0
NZ_LR134378.1	3p	-	57	2131	4093	3768	2034	12026	64	361	42	36	7	4	13	10	4	2	17	9	0	0	1	1	0	0	0	0	0
NZ_LR134378.1	3p	-	58	1900	3818	3740	2072	11530	56	298	36	28	7	4	16	8	6	4	20	11	0	0	0	0	0	0	0	0	0
NZ_LR134378.1	3p	-	59	1825	3643	3743	1863	11074	81	288	38	32	4	2	10	4	8	2	16	9	0	0	0	0	0	0	0	1	0
NZ_LR134378.1	3p	-	60	1815	3521	3426	1878	10640	50	299	37	31	5	2	12	7	6	2	7	7	0	0	1	1	1	0	0	0	0
NZ_LR134378.1	3p	-	61	1834	3381	3307	1725	10247	48	292	44	32	4	2	14	6	6	2	11	12	1	2	0	2	0	0	0	0	0
NZ_LR134378.1	3p	-	62	1722	3217	3248	1699	9886	56	267	36	30	4	5	19	7	2	2	14	13	0	1	0	2	0	0	0	1	0
NZ_LR134378.1	3p	-	63	1591	3178	3146	1603	9518	50	265	29	30	3	3	15	4	7	0	11	9	0	0	2	1	0	0	0	0	0
NZ_LR134378.1	3p	-	64	1591	3004	3036	1573	9204	56	270	25	34	7	2	12	11	3	1	6	4	1	1	0	0	0	0	0	0	0
NZ_LR134378.1	3p	-	65	1495	2931	2875	1475	8776	62	246	28	20	9	1	11	10	5	1	9	11	0	0	0	2	0	0	0	1	0
NZ_LR134378.1	3p	-	66	1440	2702	2750	1506	8398	42	235	26	28	3	1	10	12	3	2	10	8	0	1	2	0	0	1	0	0	0
NZ_LR134378.1	3p	-	67	1419	2589	2594	1394	7996	33	213	39	30	5	3	8	9	4	3	8	11	1	0	0	0	0	0	1	1	0
NZ_LR134378.1	3p	-	68	1247	2459	2569	1363	7638	46	221	35	30	4	1	11	6	1	4	17	7	0	1	0	0	0	0	0	0	0
NZ_LR134378.1	3p	-	69	1262	2360	2354	1265	7241	41	206	22	24	5	3	8	5	4	1	2	6	0	0	0	0	0	0	0	0	0
NZ_LR134378.1	3p	-	70	1155	2298	2266	1183	6902	43	215	25	20	3	3	10	6	6	2	10	9	0	0	1	0	0	0	0	0	0
NZ_LR134378.1	5p	+	1	5046	11217	9216	6614	32093	112	3997	100	105	14	28	62	35	16	11	55	72	0	0	0	0	0	0	0	0	1
NZ_LR134378.1	5p	+	2	5794	9949	10775	5573	32091	134	2244	133	97	17	13	60	36	24	12	57	57	0	0	0	1	0	0	1	1	1
NZ_LR134378.1	5p	+	3	5831	10091	11158	5013	32093	127	1626	140	96	18	14	61	28	20	16	52	41	0	2	0	2	0	0	0	0	0
NZ_LR134378.1	5p	+	4	5857	10636	9960	5636	32089	138	1606	122	104	20	19	39	24	14	14	37	45	1	0	2	3	1	0	0	3	0
NZ_LR134378.1	5p	+	5	5608	10643	10294	5543	32088	131	1369	133	112	20	12	52	37	16	14	48	35	2	0	2	0	0	0	3	2	0
NZ_LR134378.1	5p	+	6	5463	10330	10856	5441	32090	147	1123	112	103	21	14	43	26	23	8	41	37	1	2	3	0	1	0	1	1	0
NZ_LR134378.1	5p	+	7	5590	10428	10617	5456	32091	167	982	115	105	15	6	42	38	23	11	36	38	0	2	0	0	0	1	1	0	0
NZ_LR134378.1	5p	+	8	5393	10627	10719	5351	32090	166	789	116	93	24	14	47	24	14	16	48	29	0	0	0	1	0	1	2	0	0
NZ_LR134378.1	5p	+	9	5383	10531	10705	5472	32091	171	702	116	116	15	10	39	33	20	17	47	28	0	0	1	1	1	1	0	0	0
NZ_LR134378.1	5p	+	10	5535	10655	10329	5571	32090	162	636	131	107	19	2	39	26	20	9	45	15	1	0	0	0	0	1	1	1	0
NZ_LR134378.1	5p	+	11	5139	10726	10762	5463	32090	190	620	124	133	17	9	49	27	27	10	41	23	0	0	0	0	0	1	1	1	0
NZ_LR134378.1	5p	+	12	5311	10414	10943	5422	32090	214	498	111	94	17	8	49	36	22	8	54	29	1	0	0	2	0	1	1	1	0
NZ_LR134378.1	5p	+	13	5396	10574	10492	5627	32089	187	479	120	118	18	8	36	29	15	9	44	24	0	0	1	0	0	2	2	0	0
NZ_LR134378.1	5p	+	14	5239	10800	10706	5344	32089	165	454	111	107	15	9	54	37	28	16	44	25	0	1	0	0	0	1	1	2	0
NZ_LR134378.1	5p	+	15	5223	10755	10871	5242	32091	204	399	92	120	19	10	49	27	13	12	41	25	0	1	1	1	0	0	1	1	0
NZ_LR134378.1	5p	+	16	5500	10673	10480	5437	32090	175	332	112	116	17	11	33	21	15	17	57	20	0	0	0	2	1	1	0	1	0
NZ_LR134378.1	5p	+	17	5341	10726	10876	5145	32088	195	349	131	117	18	9	52	22	14	10	32	26	1	1	0	0	1	1	2	1	0
NZ_LR134378.1	5p	+	18	5304	10669	10876	5240	32089	200	336	112	109	18	11	60	20	31	9	42	26	0	0	1	0	1	0	2	1	0
NZ_LR134378.1	5p	+	19	5464	10616	10514	5496	32090	202	301	113	105	12	16	44	21	17	11	42	22	0	0	0	4	2	1	0	0	0
NZ_LR134378.1	5p	+	20	5179	10956	10767	5190	32092	244	299	99	111	24	13	43	32	28	8	45	27	1	1	1	0	0	1	0	0	0
NZ_LR134378.1	5p	+	21	5327	10838	10743	5180	32088	232	301	115	108	18	5	59	31	19	8	45	21	1	0	0	2	2	0	2	1	0
NZ_LR134378.1	5p	+	22	5346	10509	10724	5509	32088	245	293	101	102	17	10	40	31	11	11	45	22	0	1	1	1	2	1	1	1	0
NZ_LR134378.1	5p	+	23	5243	10730	10840	5277	32090	294	276	117	116	30	9	48	34	26	8	38	24	0	2	1	1	1	1	1	0	0
NZ_LR134378.1	5p	+	24	5336	10578	10802	5374	32090	253	264	109	118	23	11	47	34	20	11	43	29	0	0	0	0	0	0	2	1	0
NZ_LR134378.1	5p	+	25	5527	10604	10535	5425	32091	296	245	126	117	12	12	40	32	20	9	35	31	0	0	0	3	1	1	0	0	0
NZ_LR134378.1	5p	+	26	5260	10845	10741	5245	32091	349	241	98	138	19	7	44	36	23	12	66	24	0	0	0	0	2	0	0	0	0
NZ_LR134378.1	5p	+	27	5442	10681	10943	5024	32090	352	228	127	125	20	8	62	31	18	14	55	38	1	2	0	2	0	1	0	2	0
NZ_LR134378.1	5p	+	28	5358	10571	10563	5600	32092	401	238	112	140	24	5	52	42	18	12	54	31	1	0	1	2	0	0	1	0	0
NZ_LR134378.1	5p	+	29	5124	10907	10696	5363	32090	473	245	121	107	16	8	56	26	18	9	45	39	3	0	2	1	0	2	0	1	0
NZ_LR134378.1	5p	+	30	5458	10569	10858	5207	32092	565	238	98	114	24	11	44	35	19	13	39	37	0	1	1	1	0	0	1	0	0
NZ_LR134378.1	5p	+	31	5373	10281	10348	5387	31389	549	208	96	115	17	7	45	40	20	14	51	18	0	0	0	3	1	2	1	0	0
NZ_LR134378.1	5p	+	32	5221	10153	10150	5100	30624	615	201	93	110	18	11	46	33	22	5	40	23	0	0	1	2	0	1	1	0	0
NZ_LR134378.1	5p	+	33	5200	9858	9965	4842	29865	607	187	102	94	16	13	40	26	19	7	28	20	0	1	1	0	0	0	0	1	0
NZ_LR134378.1	5p	+	34	5021	9687	9326	5055	29089	589	209	88	88	21	7	34	29	15	13	37	30	1	0	0	0	0	0	0	1	0
NZ_LR134378.1	5p	+	35	4702	9508	9463	4656	28329	637	194	82	106	16	16	41	34	18	6	47	21	1	1	0	0	0	0	0	1	0
NZ_LR134378.1	5p	+	36	4755	9007	9260	4479	27501	648	166	81	98	19	3	39	35	10	13	33	25	1	0	1	1	0	0	0	1	0
NZ_LR134378.1	5p	+	37	4645	8804	8649	4552	26650	581	181	80	86	13	12	32	31	20	10	26	31	0	0	0	1	0	0	0	1	0
NZ_LR134378.1	5p	+	38	4353	8640	8489	4362	25844	569	171	81	94	7	8	34	33	9	14	30	24	0	2	0	0	0	0	0	1	0
NZ_LR134378.1	5p	+	39	4317	8061	8412	4195	24985	562	158	75	85	11	5	39	25	16	11	34	28	0	0	0	4	0	0	0	0	0
NZ_LR134378.1	5p	+	40	4199	7975	7840	4227	24241	572	156	59	79	14	8	36	29	11	6	31	23	0	0	0	0	0	0	0	1	0
NZ_LR134378.1	5p	+	41	3953	7918	7633	3989	23493	602	123	75	90	10	2	36	25	17	7	24	13	1	1	1	0	0	0	1	0	0
NZ_LR134378.1	5p	+	42	3965	7534	7535	3738	22772	594	171	83	80	13	6	33	29	15	13	34	30	0	1	1	0	0	1	0	0	0
NZ_LR134378.1	5p	+	43	3788	7117	7169	3819	21893	567	136	64	69	11	5	21	23	12	5	29	18	0	0	2	1	0	0	0	1	0
NZ_LR134378.1	5p	+	44	3530	7014	6897	3530	20971	558	131	58	82	6	6	29	17	9	11	29	20	0	0	0	2	1	0	0	0	0
NZ_LR134378.1	5p	+	45	3557	6582	6618	3399	20156	526	123	75	73	13	9	22	20	13	6	25	10	0	0	0	0	1	1	0	0	0
NZ_LR134378.1	5p	+	46	3376	6290	6361	3322	19349	490	98	59	56	14	3	21	12	10	3	18	20	0	0	1	0	0	0	0	0	0
NZ_LR134378.1	5p	+	47	3273	6142	5957	3141	18513	487	114	51	67	12	7	28	27	9	5	23	19	0	0	2	1	1	0	1	0	0
NZ_LR134378.1	5p	+	48	3152	5730	5971	2882	17735	521	107	51	60	6	6	17	24	12	8	20	10	0	0	1	0	0	1	1	0	0
NZ_LR134378.1	5p	+	49	2956	5492	5630	2918	16996	484	105	51	56	10	7	22	15	8	6	24	13	0	0	1	1	0	0	0	0	0
NZ_LR134378.1	5p	+	50	2799	5452	5396	2593	16240	421	104	50	66	8	5	24	11	12	4	21	12	0	0	1	3	0	0	0	1	0
NZ_LR134378.1	5p	+	51	2712	5087	5093	2657	15549	407	83	55	63	4	5	25	11	10	5	23	10	0	0	0	1	1	0	0	0	0
NZ_LR134378.1	5p	+	52	2653	4870	4789	2578	14890	378	89	35	49	14	4	13	9	10	4	15	12	0	0	2	0	1	1	0	0	0
NZ_LR134378.1	5p	+	53	2393	4755	4821	2326	14295	379	85	48	54	6	7	19	21	6	12	11	15	0	0	0	0	0	0	0	0	0
NZ_LR134378.1	5p	+	54	2465	4389	4549	2343	13746	403	76	36	52	8	5	20	15	3	4	15	19	0	0	0	0	0	0	1	0	0
NZ_LR134378.1	5p	+	55	2250	4315	4261	2301	13127	362	69	38	52	9	1	14	16	7	1	16	11	0	0	2	0	0	0	0	1	0
NZ_LR134378.1	5p	+	56	2124	4212	4118	2138	12592	339	61	30	52	7	5	21	14	3	2	14	5	0	0	0	1	0	0	0	0	0
NZ_LR134378.1	5p	+	57	2141	4000	3917	2025	12083	345	61	40	37	8	3	17	9	7	8	18	10	1	3	0	0	0	0	1	1	0
NZ_LR134378.1	5p	+	58	2035	3742	3738	2095	11610	305	73	33	39	11	5	12	12	2	4	16	7	1	0	0	0	0	0	1	0	0
NZ_LR134378.1	5p	+	59	1942	3691	3680	1845	11158	310	62	39	34	9	2	6	14	7	3	16	10	0	1	1	0	1	0	0	1	0
NZ_LR134378.1	5p	+	60	1827	3546	3576	1791	10740	307	63	31	36	8	3	11	10	7	3	13	7	0	0	0	0	1	0	0	0	0
NZ_LR134378.1	5p	+	61	1845	3369	3304	1791	10309	278	65	33	29	4	4	14	15	6	3	14	5	0	2	0	0	0	0	1	0	0
NZ_LR134378.1	5p	+	62	1725	3273	3308	1618	9924	291	71	32	34	4	2	12	15	4	3	10	3	1	0	0	1	0	0	0	0	0
NZ_LR134378.1	5p	+	63	1674	3079	3167	1622	9542	263	56	30	38	4	1	14	7	1	4	9	5	0	0	1	0	0	1	0	0	0
NZ_LR134378.1	5p	+	64	1668	2974	2996	1554	9192	247	53	22	34	8	3	9	7	6	4	18	2	0	0	0	0	2	0	0	0	0
NZ_LR134378.1	5p	+	65	1441	2899	2927	1536	8803	248	46	31	27	11	3	10	9	7	1	10	7	0	0	0	0	0	0	0	0	0
NZ_LR134378.1	5p	+	66	1466	2770	2778	1409	8423	254	45	32	40	5	5	9	10	7	3	13	6	0	0	0	1	0	1	0	0	0
NZ_LR134378.1	5p	+	67	1416	2681	2542	1389	8028	234	55	24	29	2	2	12	6	3	3	5	8	1	0	0	0	0	0	0	0	0
NZ_LR134378.1	5p	+	68	1328	2541	2525	1303	7697	218	43	17	28	8	1	15	9	5	6	9	8	0	0	0	0	0	0	0	0	0
NZ_LR134378.1	5p	+	69	1323	2386	2425	1218	7352	207	50	21	24	8	4	12	10	3	2	5	4	0	0	1	0	0	0	0	0	0
NZ_LR134378.1	5p	+	70	1201	2256	2304	1243	7004	202	41	17	23	4	0	12	7	6	3	12	8	0	1	0	0	0	0	0	0	0
NZ_LR134378.1	5p	-	1	5077	11087	9255	6502	31921	107	4094	108	89	17	25	55	43	19	7	60	69	0	0	0	0	0	0	0	0	0
NZ_LR134378.1	5p	-	2	5629	10100	10660	5532	31921	132	2253	116	95	19	16	52	33	29	13	78	60	0	1	0	1	0	0	0	0	0
NZ_LR134378.1	5p	-	3	5823	9919	11046	5133	31921	149	1573	156	102	17	9	43	31	27	12	57	43	0	0	2	0	0	0	0	0	0
NZ_LR134378.1	5p	-	4	5777	10576	10004	5562	31919	116	1517	103	100	21	15	46	45	14	14	46	36	2	2	0	1	0	1	1	0	0
NZ_LR134378.1	5p	-	5	5497	10591	10280	5547	31915	150	1369	114	97	21	16	46	45	14	10	49	30	0	0	3	2	0	2	1	3	0
NZ_LR134378.1	5p	-	6	5339	10348	10775	5452	31914	152	1120	126	95	24	16	63	24	23	11	45	32	2	0	0	1	1	3	1	1	0
NZ_LR134378.1	5p	-	7	5383	10445	10681	5409	31918	167	908	108	100	19	12	44	20	12	9	49	39	0	0	1	0	0	2	1	0	0
NZ_LR134378.1	5p	-	8	5226	10674	10588	5428	31916	191	843	109	108	26	15	48	28	21	9	57	28	0	0	3	6	0	2	0	3	0
NZ_LR134378.1	5p	-	9	5342	10504	10694	5378	31918	197	726	110	110	18	11	43	27	20	11	47	33	1	2	0	4	1	2	0	0	0
NZ_LR134378.1	5p	-	10	5421	10682	10295	5522	31920	162	618	112	97	21	13	39	26	12	13	40	27	1	2	0	1	0	1	0	0	0
NZ_LR134378.1	5p	-	11	5155	10780	10608	5375	31918	210	538	113	97	14	15	41	30	26	6	55	32	1	0	0	1	0	2	0	1	0
NZ_LR134378.1	5p	-	12	5398	10383	10835	5304	31920	211	550	128	115	16	15	34	35	25	10	44	23	2	0	0	3	0	0	1	0	0
NZ_LR134378.1	5p	-	13	5424	10541	10529	5424	31918	201	466	101	92	15	14	41	19	18	10	38	25	2	0	0	1	1	1	0	1	0
NZ_LR134378.1	5p	-	14	5257	10857	10503	5301	31918	187	472	139	102	21	8	55	33	20	13	60	29	1	0	2	1	0	2	0	1	0
NZ_LR134378.1	5p	-	15	5257	10754	10723	5185	31919	197	405	116	112	24	12	53	31	22	10	43	15	1	0	2	0	1	1	0	0	0
NZ_LR134378.1	5p	-	16	5338	10578	10629	5373	31918	187	355	119	92	19	8	46	23	12	5	49	31	2	0	1	1	1	1	0	1	0
NZ_LR134378.1	5p	-	17	5180	10743	10809	5187	31919	228	358	122	123	19	7	36	22	19	6	53	21	1	0	0	0	0	1	0	1	0
NZ_LR134378.1	5p	-	18	5247	10716	10753	5201	31917	200	343	109	105	24	8	46	28	16	10	51	27	1	0	1	0	1	0	0	3	0
NZ_LR134378.1	5p	-	19	5292	10591	10597	5436	31916	207	380	104	104	22	9	39	42	18	16	38	23	0	0	0	0	2	0	2	1	0
NZ_LR134378.1	5p	-	20	5152	10895	10624	5249	31920	240	323	110	107	18	15	43	20	24	13	50	27	0	1	0	1	0	0	0	1	0
NZ_LR134378.1	5p	-	21	5225	10533	10888	5273	31919	257	307	117	120	10	7	44	25	11	11	47	13	0	0	0	3	1	1	0	0	0
NZ_LR134378.1	5p	-	22	5378	10534	10648	5361	31921	260	265	122	105	19	13	32	28	23	9	53	24	0	2	3	1	0	0	0	0	0
NZ_LR134378.1	5p	-	23	5213	10793	10625	5290	31921	265	268	115	91	15	10	54	27	14	6	56	27	0	0	2	0	0	0	0	0	0
NZ_LR134378.1	5p	-	24	5295	10745	10660	5215	31915	259	263	114	104	27	4	49	29	23	5	47	25	0	1	3	0	1	0	4	1	0
NZ_LR134378.1	5p	-	25	5293	10447	10676	5500	31916	319	253	117	117	22	11	45	25	21	4	51	29	0	2	2	1	1	1	0	3	0
NZ_LR134378.1	5p	-	26	5192	10785	10821	5118	31916	363	254	110	122	21	16	50	24	21	15	49	25	1	1	1	1	1	0	1	3	0
NZ_LR134378.1	5p	-	27	5312	10653	10825	5128	31918	361	244	113	120	23	8	48	32	19	12	45	25	0	0	0	1	0	0	0	3	0
NZ_LR134378.1	5p	-	28	5363	10645	10523	5386	31917	400	211	108	119	26	10	56	33	24	10	52	24	1	0	1	0	1	1	1	1	0
NZ_LR134378.1	5p	-	29	5267	10660	10653	5341	31921	497	201	113	124	19	11	44	34	18	7	49	25	0	0	0	0	0	0	0	0	0
NZ_LR134378.1	5p	-	30	5390	10656	10614	5260	31920	554	232	107	127	21	15	35	33	26	10	46	27	0	2	3	0	0	1	0	0	0
NZ_LR134378.1	5p	-	31	5293	10503	10130	5316	31242	554	187	120	98	21	9	40	31	19	18	37	23	0	2	0	0	0	0	0	0	0
NZ_LR134378.1	5p	-	32	5012	10318	10063	5124	30517	545	229	118	103	20	14	46	30	14	10	42	22	1	0	1	1	1	0	1	1	0
NZ_LR134378.1	5p	-	33	5105	9653	10114	4890	29762	640	214	102	117	31	7	50	26	18	13	39	24	1	1	0	0	0	0	0	0	0
NZ_LR134378.1	5p	-	34	5042	9515	9482	4912	28951	606	177	93	76	12	7	39	24	15	11	43	23	0	0	0	1	0	1	0	0	0
NZ_LR134378.1	5p	-	35	4606	9424	9430	4673	28133	620	206	81	105	13	7	37	23	15	5	38	19	0	1	0	1	0	0	1	2	0
NZ_LR134378.1	5p	-	36	4795	8869	9171	4520	27355	627	169	89	95	13	8	38	27	15	16	45	27	0	0	0	0	1	1	0	0	0
NZ_LR134378.1	5p	-	37	4443	8760	8767	4587	26557	571	171	81	85	15	12	40	27	10	9	34	27	1	1	0	0	0	0	0	0	0
NZ_LR134378.1	5p	-	38	4300	8591	8573	4297	25761	585	173	79	87	20	4	44	30	13	9	35	21	0	0	0	2	0	0	0	1	0
NZ_LR134378.1	5p	-	39	4348	8142	8346	4092	24928	600	160	88	80	14	4	40	27	17	11	33	17	0	0	0	2	0	0	1	0	0
NZ_LR134378.1	5p	-	40	4164	8074	7705	4182	24125	547	165	66	82	19	10	34	27	14	9	27	19	1	0	0	0	1	1	0	0	0
NZ_LR134378.1	5p	-	41	3925	7858	7788	3820	23391	585	143	95	75	18	4	39	18	13	7	40	20	0	0	0	0	1	0	0	0	0
NZ_LR134378.1	5p	-	42	3884	7425	7641	3692	22642	635	152	66	94	18	7	30	26	10	8	40	20	0	2	0	2	0	0	0	1	0
NZ_LR134378.1	5p	-	43	3769	7095	7184	3698	21746	591	132	66	78	11	9	24	17	10	6	24	14	0	0	0	2	1	0	0	0	0
NZ_LR134378.1	5p	-	44	3504	6958	6818	3580	20860	565	143	76	82	14	11	31	14	10	13	26	22	0	0	0	1	1	1	0	0	0
NZ_LR134378.1	5p	-	45	3527	6569	6659	3293	20048	557	131	70	59	10	4	29	17	14	5	35	19	0	0	0	1	0	0	0	1	0
NZ_LR134378.1	5p	-	46	3302	6339	6253	3306	19200	532	124	53	63	14	6	30	17	8	9	19	23	0	0	0	0	0	0	1	0	0
NZ_LR134378.1	5p	-	47	3100	6112	6035	3125	18372	503	87	54	68	11	7	23	20	9	10	25	14	0	0	1	2	1	0	0	0	0
NZ_LR134378.1	5p	-	48	3004	5794	5923	2840	17561	486	103	58	53	8	4	19	22	12	3	20	16	1	0	0	0	0	0	0	1	0
NZ_LR134378.1	5p	-	49	2971	5632	5361	2830	16794	426	92	48	52	11	5	26	20	7	6	16	8	0	0	0	0	0	1	0	0	0
NZ_LR134378.1	5p	-	50	2785	5291	5253	2770	16099	406	99	56	54	14	6	21	7	7	4	23	17	0	1	0	0	0	0	0	0	0
NZ_LR134378.1	5p	-	51	2642	5073	5126	2580	15421	412	76	54	44	7	1	18	12	7	6	17	10	0	1	1	2	1	1	0	0	0
NZ_LR134378.1	5p	-	52	2482	4999	4709	2601	14791	370	75	46	53	8	3	20	18	6	5	19	10	0	0	0	0	1	1	0	1	0
NZ_LR134378.1	5p	-	53	2365	4712	4747	2334	14158	387	82	39	44	13	4	16	11	6	3	14	8	0	0	1	1	0	0	0	0	0
NZ_LR134378.1	5p	-	54	2322	4442	4573	2224	13561	382	72	40	43	12	1	23	13	8	7	21	10	0	0	0	0	0	0	0	0	0
NZ_LR134378.1	5p	-	55	2338	4317	4137	2214	13006	293	70	43	46	17	3	17	16	8	10	17	7	0	0	0	0	0	0	0	1	0
NZ_LR134378.1	5p	-	56	2142	4155	4097	2098	12492	340	60	34	43	11	5	20	12	11	2	16	18	1	0	0	0	1	0	0	0	0
NZ_LR134378.1	5p	-	57	2139	3910	3985	1991	12025	294	63	48	32	7	2	23	9	12	10	12	12	0	0	0	0	0	0	1	0	0
NZ_LR134378.1	5p	-	58	1998	3814	3718	1999	11529	286	71	35	40	8	6	13	7	9	6	12	5	1	0	0	1	1	0	0	0	0
NZ_LR134378.1	5p	-	59	1901	3562	3693	1919	11075	259	45	26	34	7	2	11	5	6	2	14	11	0	1	1	0	0	0	0	0	0
NZ_LR134378.1	5p	-	60	1840	3489	3535	1776	10640	301	59	47	44	7	2	18	6	9	4	20	12	0	0	0	0	1	0	0	0	0
NZ_LR134378.1	5p	-	61	1802	3339	3354	1751	10246	268	55	23	32	7	5	9	13	4	1	11	9	0	0	1	1	0	0	1	0	0
NZ_LR134378.1	5p	-	62	1676	3294	3254	1662	9886	278	66	35	35	8	2	16	7	5	5	11	11	0	0	0	0	0	1	0	0	0
NZ_LR134378.1	5p	-	63	1626	3087	3169	1636	9518	294	56	26	28	7	5	7	9	5	3	17	3	0	0	0	0	0	0	0	0	0
NZ_LR134378.1	5p	-	64	1518	3006	3046	1634	9204	280	63	26	39	1	5	10	8	2	6	15	5	0	0	0	1	0	0	0	0	0
NZ_LR134378.1	5p	-	65	1449	2939	2917	1472	8777	253	48	30	31	4	1	15	17	7	4	10	7	0	0	0	0	0	0	0	0	0
NZ_LR134378.1	5p	-	66	1404	2702	2892	1401	8399	261	43	19	33	4	2	6	8	3	4	11	3	0	0	0	2	0	0	0	0	0
NZ_LR134378.1	5p	-	67	1356	2686	2578	1378	7998	239	44	22	33	9	5	7	7	4	3	13	11	1	0	0	0	0	0	0	0	0
NZ_LR134378.1	5p	-	68	1302	2523	2546	1267	7638	250	53	26	33	3	2	14	9	5	2	11	7	0	0	0	0	0	0	0	0	0
NZ_LR134378.1	5p	-	69	1300	2337	2360	1243	7240	205	32	22	13	2	1	8	8	6	2	11	6	0	0	0	0	0	1	0	0	0
NZ_LR134378.1	5p	-	70	1208	2298	2226	1168	6900	199	41	17	27	4	1	16	6	3	2	10	5	0	0	1	0	1	0	0	1	0
