# table produced by mapDamage version 2.2.3
# using mapped file /mnt/archgen/microbiome_calculus/library_ds_vs_ss/04-analysis/normalize_kraken/mapping/flexilinea_sp001717545/mapDamage2_ssLibs/input/CDM019.A0102.SG1.4_5M.mapped_f_sp001717545_q25l30_rmdup.bam and /mnt/archgen/microbiome_calculus/library_ds_vs_ss/04-analysis/normalize_kraken/mapping/flexilinea_sp001717545/input/GCA_001717545.1_ASM171754v1_genomic.fna as reference file
# Chr: reference from sam/bam header, End: from which termini of DNA sequences, Std: strand of reads
Chr	End	Std	Pos	A	C	G	T	Total	G>A	C>T	A>G	T>C	A>C	A>T	C>G	C>A	T>G	T>A	G>C	G>T	A>-	T>-	C>-	G>-	->A	->T	->C	->G	S
CP017039.1	3p	+	1	15298	23417	15164	12120	65999	191	3241	140	137	29	30	31	32	34	22	34	34	0	0	0	0	0	0	0	0	0
CP017039.1	3p	+	2	19106	18168	17151	11573	65998	219	1364	121	113	30	32	21	35	31	16	32	28	0	0	0	0	0	0	0	0	0
CP017039.1	3p	+	3	16386	16770	19002	13839	65997	218	1132	136	115	28	17	28	28	42	15	22	55	0	0	0	0	0	1	0	0	0
CP017039.1	3p	+	4	16667	18147	16885	14298	65997	176	948	136	125	20	14	24	21	23	15	21	32	0	0	0	0	0	0	0	1	0
CP017039.1	3p	+	5	17129	16404	17200	15266	65999	164	715	132	98	24	20	21	23	19	31	21	39	0	0	0	0	0	0	0	0	0
CP017039.1	3p	+	6	16382	17279	17463	14872	65996	178	715	115	129	26	16	28	24	39	14	32	35	0	0	0	0	1	1	0	1	0
CP017039.1	3p	+	7	15655	18000	16690	15645	65990	168	651	121	127	19	22	24	21	18	16	27	27	0	1	2	0	2	2	0	4	0
CP017039.1	3p	+	8	16129	16955	16755	16155	65994	159	559	107	119	15	13	21	24	17	14	22	34	1	1	0	1	2	1	0	1	0
CP017039.1	3p	+	9	15556	17416	17322	15700	65994	163	591	138	141	17	10	31	25	20	17	23	30	0	1	1	4	0	1	4	0	0
CP017039.1	3p	+	10	15445	17915	16554	16080	65994	162	504	118	126	20	20	21	23	20	17	26	25	1	1	1	2	2	1	1	1	0
CP017039.1	3p	+	11	15988	17303	16629	16072	65992	136	494	110	125	18	10	26	24	21	21	26	32	2	1	2	2	1	4	1	1	0
CP017039.1	3p	+	12	15581	17519	17521	15374	65995	202	517	134	139	18	16	23	23	24	19	23	41	2	2	5	4	0	3	0	1	0
CP017039.1	3p	+	13	15558	18066	16698	15673	65995	171	508	123	126	29	17	13	21	21	14	38	27	3	0	6	4	2	1	1	0	0
CP017039.1	3p	+	14	15980	17183	17110	15722	65995	163	455	113	101	14	7	19	25	25	15	25	26	2	3	1	5	2	0	1	1	0
CP017039.1	3p	+	15	15723	17444	17945	14879	65991	188	519	141	119	22	19	26	31	18	21	29	32	0	1	4	5	4	2	1	1	0
CP017039.1	3p	+	16	15154	18259	17129	15447	65989	156	556	117	140	23	23	17	24	17	22	18	35	7	0	0	5	4	4	0	0	0
CP017039.1	3p	+	17	15722	17410	17074	15788	65994	169	511	104	106	28	15	10	28	15	7	21	32	3	0	2	2	2	2	1	0	0
CP017039.1	3p	+	18	15651	17503	17511	15328	65993	188	526	122	125	20	18	15	23	22	18	28	25	1	0	3	0	4	2	0	0	0
CP017039.1	3p	+	19	15096	18036	17411	15449	65992	158	522	123	120	13	16	24	18	20	17	25	28	2	5	1	2	2	2	2	1	0
CP017039.1	3p	+	20	15640	17415	17047	15891	65993	139	466	111	108	18	18	26	19	21	18	19	37	1	0	1	3	1	4	1	0	0
CP017039.1	3p	+	21	15494	17669	17771	15059	65993	162	526	132	150	19	16	19	23	19	24	10	30	2	0	1	0	4	1	0	1	0
CP017039.1	3p	+	22	15251	18250	16869	15625	65995	138	528	117	105	18	20	15	21	26	20	25	23	1	3	3	6	1	2	0	1	0
CP017039.1	3p	+	23	15881	17477	16989	15650	65997	147	482	119	111	17	12	14	30	22	10	26	28	1	3	3	2	0	2	0	0	0
CP017039.1	3p	+	24	15629	17573	17776	15017	65995	163	515	133	118	22	16	23	25	18	12	19	28	4	2	1	2	1	1	1	1	0
CP017039.1	3p	+	25	15469	18117	17208	15197	65991	157	574	127	129	19	19	26	26	17	9	16	26	1	2	1	0	2	3	3	0	0
CP017039.1	3p	+	26	15806	17610	17040	15539	65995	151	510	125	99	16	14	16	29	18	12	16	27	1	4	2	1	1	1	2	0	0
CP017039.1	3p	+	27	15439	17943	17606	15005	65993	166	562	135	116	24	19	19	30	27	21	26	21	1	4	2	0	0	1	2	3	0
CP017039.1	3p	+	28	15273	18343	17019	15359	65994	174	596	129	122	21	14	19	22	27	17	22	19	5	0	3	3	4	1	0	0	0
CP017039.1	3p	+	29	15976	17241	17162	15613	65992	170	538	131	119	18	22	14	19	20	17	15	23	3	0	0	1	2	2	1	2	0
CP017039.1	3p	+	30	15429	17903	17628	15036	65996	177	653	132	120	16	12	21	21	16	16	25	33	1	1	2	0	1	2	0	0	0
CP017039.1	3p	+	31	14934	17870	16686	15201	64691	140	636	117	129	27	15	18	22	23	16	29	30	2	1	0	1	1	1	0	0	0
CP017039.1	3p	+	32	15229	16895	16048	15104	63276	147	622	108	95	26	16	21	22	14	16	13	29	2	2	1	3	4	1	1	1	0
CP017039.1	3p	+	33	14718	16771	16332	14076	61897	154	629	109	119	21	15	17	21	22	8	21	33	3	3	1	1	1	1	0	1	0
CP017039.1	3p	+	34	14214	16522	15604	14307	60647	130	579	86	121	15	9	25	19	22	16	15	30	0	5	1	3	2	2	1	0	0
CP017039.1	3p	+	35	14493	15613	15123	14085	59314	121	596	114	110	24	12	20	27	20	10	19	19	2	1	1	3	1	2	0	1	0
CP017039.1	3p	+	36	13963	15547	15380	13128	58018	150	590	106	116	26	8	16	20	20	12	12	27	2	0	1	2	1	1	2	0	0
CP017039.1	3p	+	37	13332	15669	14435	13304	56740	152	642	112	97	29	9	19	15	15	14	15	18	1	1	1	3	0	1	1	2	0
CP017039.1	3p	+	38	13577	14651	14050	13211	55489	146	552	97	77	18	11	14	29	18	11	11	19	2	0	3	1	2	0	1	1	0
CP017039.1	3p	+	39	12977	14468	14363	12498	54306	153	548	92	103	14	14	10	17	27	19	14	21	3	3	0	2	2	1	1	0	0
CP017039.1	3p	+	40	12555	14501	13462	12503	53021	146	579	106	106	23	11	11	20	14	11	16	33	2	1	2	4	3	5	1	2	0
CP017039.1	3p	+	41	12646	13632	13018	12473	51769	137	515	92	79	19	8	7	15	18	16	10	17	3	0	1	1	1	2	0	2	0
CP017039.1	3p	+	42	11999	13476	13441	11614	50530	136	517	80	110	19	15	14	23	17	15	24	28	3	0	3	0	0	0	0	0	0
CP017039.1	3p	+	43	11643	13506	12463	11691	49303	137	543	99	76	11	10	15	13	12	15	14	19	7	5	0	1	1	1	0	0	0
CP017039.1	3p	+	44	11886	12624	12066	11497	48073	112	467	78	63	14	12	9	21	14	15	16	18	6	0	1	2	2	0	1	2	0
CP017039.1	3p	+	45	11145	12428	12403	10883	46859	137	508	71	76	11	18	13	14	18	10	10	20	1	2	2	1	3	4	0	0	0
CP017039.1	3p	+	46	10851	12497	11684	10696	45728	116	475	91	70	19	11	10	19	5	13	14	20	1	1	0	2	0	2	1	2	0
CP017039.1	3p	+	47	10895	11816	11176	10732	44619	109	457	83	70	13	8	10	19	11	12	11	14	1	0	0	0	3	0	1	0	0
CP017039.1	3p	+	48	10380	11624	11390	10159	43553	126	469	85	68	10	7	12	16	11	17	7	24	3	3	0	1	1	1	1	1	0
CP017039.1	3p	+	49	9999	11687	10691	10057	42434	98	467	74	65	18	7	11	25	7	8	9	18	3	1	0	0	2	1	0	1	0
CP017039.1	3p	+	50	10171	10925	10343	9949	41388	94	445	89	60	9	8	8	7	9	13	19	17	1	0	1	1	2	2	0	3	0
CP017039.1	3p	+	51	9655	10828	10614	9265	40362	113	401	52	76	14	7	8	19	12	12	7	15	1	0	0	0	0	2	0	2	0
CP017039.1	3p	+	52	9187	10827	10077	9296	39387	113	385	55	66	13	4	7	14	12	11	9	18	1	1	1	1	0	0	1	0	0
CP017039.1	3p	+	53	9176	10081	9745	9380	38382	99	342	48	68	8	12	7	15	5	10	7	14	3	1	0	1	1	0	0	0	0
CP017039.1	3p	+	54	8894	10121	9587	8816	37418	110	392	68	53	9	9	10	15	15	11	7	10	1	1	0	5	0	0	1	0	0
CP017039.1	3p	+	55	8693	9886	9272	8685	36536	102	353	54	61	9	8	13	11	12	12	8	13	1	0	1	0	3	0	1	1	0
CP017039.1	3p	+	56	8707	9309	8886	8733	35635	93	327	46	60	11	10	7	9	11	9	11	17	1	0	0	1	2	0	0	1	0
CP017039.1	3p	+	57	8517	9178	9114	7995	34804	83	339	61	62	17	3	8	13	5	2	9	13	1	0	1	1	2	2	1	0	0
CP017039.1	3p	+	58	8062	9234	8626	8115	34037	99	343	55	55	10	7	8	14	8	10	10	18	2	1	0	1	0	1	0	3	0
CP017039.1	3p	+	59	8020	8619	8566	7988	33193	88	306	69	53	9	5	9	15	9	10	5	13	0	2	1	0	0	0	1	1	0
CP017039.1	3p	+	60	7897	8581	8446	7510	32434	97	313	46	48	5	8	3	11	12	5	11	11	1	1	0	3	0	1	1	0	0
CP017039.1	3p	+	61	7519	8694	7920	7528	31661	103	287	51	64	4	8	3	10	8	12	11	12	3	2	0	2	0	3	1	0	0
CP017039.1	3p	+	62	7718	7983	7874	7371	30946	91	271	52	49	14	7	9	9	16	8	14	9	3	0	3	0	0	1	2	0	0
CP017039.1	3p	+	63	7259	8085	7901	7022	30267	95	274	52	46	12	5	13	17	10	5	8	11	1	0	1	3	2	1	3	2	0
CP017039.1	3p	+	64	7116	8015	7422	7070	29623	80	252	46	36	8	6	4	10	7	9	3	13	0	1	1	2	1	2	1	1	0
CP017039.1	3p	+	65	7297	7491	7274	6879	28941	58	262	41	47	9	2	11	11	5	6	9	5	1	2	3	2	0	1	0	2	0
CP017039.1	3p	+	66	7008	7469	7227	6596	28300	101	274	48	52	7	6	11	6	12	10	5	11	0	0	0	2	0	0	1	0	0
CP017039.1	3p	+	67	6655	7422	6940	6689	27706	86	234	54	52	16	7	6	6	9	7	14	5	0	2	2	1	0	1	0	2	0
CP017039.1	3p	+	68	6652	7070	6854	6514	27090	78	259	39	43	9	5	2	8	7	14	6	11	1	1	1	2	0	0	0	0	0
CP017039.1	3p	+	69	6467	6987	6970	6084	26508	70	227	48	41	5	6	8	5	5	11	6	11	1	3	0	1	2	2	2	2	0
CP017039.1	3p	+	70	6322	7089	6446	6106	25963	81	245	41	55	8	7	6	7	8	9	7	5	0	2	1	1	1	1	1	0	0
CP017039.1	3p	-	1	15138	23203	15590	12315	66246	168	3222	138	167	33	25	44	35	20	22	32	32	0	0	0	0	0	0	0	0	0
CP017039.1	3p	-	2	18771	18140	17500	11834	66245	205	1440	121	116	31	22	24	35	18	16	28	29	0	0	0	0	0	0	0	0	0
CP017039.1	3p	-	3	16537	16574	19018	14113	66242	203	1120	167	120	24	24	28	41	25	18	21	42	0	0	0	0	1	0	2	1	0
CP017039.1	3p	-	4	16485	18019	17060	14677	66241	180	855	126	136	18	17	21	28	29	22	30	35	0	0	0	0	3	0	0	2	0
CP017039.1	3p	-	5	16914	16577	17538	15209	66238	153	763	130	100	24	12	26	23	20	15	23	26	0	1	1	0	1	2	2	3	0
CP017039.1	3p	-	6	15906	17225	17988	15122	66241	163	711	143	137	21	12	29	32	32	24	24	32	2	0	1	2	1	2	0	2	0
CP017039.1	3p	-	7	15606	17728	16930	15977	66241	183	632	126	122	32	29	22	27	19	17	18	31	1	1	1	1	2	2	1	0	0
CP017039.1	3p	-	8	15958	16837	16839	16603	66237	179	569	106	98	25	17	18	26	20	13	24	30	2	2	4	2	4	3	0	2	0
CP017039.1	3p	-	9	15667	17116	17657	15803	66243	172	536	134	136	29	15	17	27	19	13	27	42	1	2	2	4	0	3	0	0	0
CP017039.1	3p	-	10	15211	17921	16938	16173	66243	168	518	121	123	26	17	23	31	20	19	31	26	2	3	1	2	1	2	0	0	0
CP017039.1	3p	-	11	15741	17203	16958	16343	66245	161	511	100	101	17	7	18	22	23	16	17	36	2	3	5	1	0	0	1	0	0
CP017039.1	3p	-	12	15587	17354	17716	15586	66243	191	499	115	130	12	21	13	23	14	17	30	35	4	0	6	4	1	0	1	1	0
CP017039.1	3p	-	13	15442	17725	17255	15819	66241	151	508	109	111	20	21	16	22	21	15	17	35	4	5	2	4	1	2	1	1	0
CP017039.1	3p	-	14	15842	17389	17103	15907	66241	167	470	116	112	27	14	19	20	24	14	19	29	1	2	3	5	2	2	1	0	0
CP017039.1	3p	-	15	15394	17324	18265	15258	66241	174	478	110	126	25	19	20	26	20	13	17	42	1	5	3	1	0	5	0	0	0
CP017039.1	3p	-	16	15164	18136	17480	15459	66239	148	503	128	129	21	16	19	17	26	21	29	28	1	3	1	3	2	2	1	1	0
CP017039.1	3p	-	17	15651	17444	17029	16115	66239	144	466	110	107	23	17	16	24	8	14	18	26	2	1	0	5	2	3	0	2	0
CP017039.1	3p	-	18	15346	17438	18078	15377	66239	163	516	116	126	16	15	25	30	16	17	26	31	4	3	4	2	3	3	0	1	0
CP017039.1	3p	-	19	15187	17939	17401	15712	66239	184	534	119	117	16	17	22	19	18	17	20	28	7	1	0	1	4	1	1	0	0
CP017039.1	3p	-	20	15707	17259	17504	15771	66241	161	445	120	132	26	12	21	42	17	17	21	27	0	2	1	2	1	3	0	1	0
CP017039.1	3p	-	21	15194	17846	17840	15358	66238	180	505	123	146	19	10	21	27	23	15	21	33	3	2	1	3	2	5	0	0	0
CP017039.1	3p	-	22	15005	17925	17302	16008	66240	148	523	119	140	22	16	21	22	19	17	22	34	1	4	1	3	1	2	3	0	0
CP017039.1	3p	-	23	15876	17352	17119	15893	66240	153	492	119	103	21	16	20	24	24	16	14	25	3	5	2	1	3	0	1	2	0
CP017039.1	3p	-	24	15415	17528	18062	15235	66240	161	540	121	147	19	18	14	25	17	10	25	31	4	6	1	2	2	3	0	1	0
CP017039.1	3p	-	25	15469	17959	17382	15426	66236	171	575	105	123	17	16	30	28	15	13	17	30	4	4	1	1	2	4	1	1	0
CP017039.1	3p	-	26	15713	17225	17418	15885	66241	158	524	122	125	20	21	18	26	21	15	16	23	0	4	1	2	0	3	0	2	0
CP017039.1	3p	-	27	15517	17401	18129	15194	66241	169	513	129	126	22	21	17	27	21	15	20	25	2	3	0	4	1	2	1	1	0
CP017039.1	3p	-	28	15328	18103	17475	15336	66242	161	539	125	116	24	17	26	22	25	12	20	37	0	1	5	5	2	0	1	0	0
CP017039.1	3p	-	29	15765	17311	17209	15955	66240	137	557	123	115	15	16	17	25	19	21	17	33	1	5	1	1	2	2	1	1	0
CP017039.1	3p	-	30	15577	17474	17778	15414	66243	144	658	146	135	26	22	16	31	23	18	16	20	1	3	1	2	2	0	1	0	0
CP017039.1	3p	-	31	14768	17874	16902	15391	64935	151	642	128	121	17	17	18	26	20	14	22	37	2	3	2	2	1	5	0	2	0
CP017039.1	3p	-	32	15132	16737	16373	15315	63557	134	615	114	113	13	13	21	29	27	13	21	22	2	3	1	2	2	2	0	1	0
CP017039.1	3p	-	33	14729	16392	16794	14302	62217	165	633	131	113	21	22	21	23	12	11	27	30	1	2	2	2	2	1	2	0	0
CP017039.1	3p	-	34	14274	16366	15805	14449	60894	159	600	110	113	22	15	13	19	19	14	14	23	3	1	0	1	4	2	2	1	0
CP017039.1	3p	-	35	14395	15463	15518	14235	59611	131	579	104	93	10	16	14	18	17	10	22	18	3	0	2	2	2	2	1	0	0
CP017039.1	3p	-	36	13743	15427	15789	13377	58336	158	588	106	120	19	19	26	23	16	15	17	26	2	1	3	1	2	1	2	1	0
CP017039.1	3p	-	37	13339	15491	14724	13449	57003	137	540	116	98	23	18	20	20	18	13	16	21	0	2	0	0	1	3	0	1	0
CP017039.1	3p	-	38	13311	14495	14380	13494	55680	132	538	103	84	11	16	13	17	16	10	23	26	1	3	2	0	3	1	1	0	0
CP017039.1	3p	-	39	12846	14290	14670	12578	54384	136	548	97	103	17	16	17	30	28	13	16	23	4	1	3	2	1	1	1	2	0
CP017039.1	3p	-	40	12177	14318	13993	12646	53134	159	498	96	98	15	9	14	24	17	13	20	33	1	2	1	1	2	1	0	0	0
CP017039.1	3p	-	41	12539	13457	13305	12537	51838	131	510	93	83	12	13	18	22	12	12	11	12	1	4	1	0	1	2	0	1	0
CP017039.1	3p	-	42	11960	13286	13399	11896	50541	138	503	87	98	10	9	11	16	21	12	17	26	3	2	2	0	0	5	0	0	0
CP017039.1	3p	-	43	11535	13259	12677	11818	49289	119	506	95	97	14	6	12	20	17	6	14	16	1	2	2	3	0	3	0	1	0
CP017039.1	3p	-	44	11677	12491	12230	11684	48082	110	506	72	77	14	8	8	23	21	13	13	18	0	2	0	1	1	1	0	1	0
CP017039.1	3p	-	45	11150	12194	12386	11115	46845	115	514	91	77	16	8	15	11	24	15	14	25	2	1	1	2	1	1	0	0	0
CP017039.1	3p	-	46	10651	12281	11767	10999	45698	120	478	81	73	13	8	5	30	14	16	12	18	3	2	2	0	1	2	0	0	0
CP017039.1	3p	-	47	10624	11657	11465	10846	44592	106	450	74	83	10	19	11	10	11	11	11	22	2	1	2	1	0	2	0	2	0
CP017039.1	3p	-	48	10344	11556	11386	10163	43449	124	460	87	81	17	7	12	15	8	11	13	18	0	2	2	1	1	2	1	0	0
CP017039.1	3p	-	49	9794	11456	10928	10247	42425	115	434	67	66	23	10	12	12	12	7	14	15	0	2	5	5	0	0	1	0	0
CP017039.1	3p	-	50	9983	10734	10702	9989	41408	108	386	71	64	18	10	11	21	8	6	16	10	1	1	0	1	2	0	0	0	0
CP017039.1	3p	-	51	9503	10807	10527	9471	40308	95	414	70	74	11	13	11	14	20	8	12	20	0	0	1	1	1	3	1	0	0
CP017039.1	3p	-	52	9205	10615	10052	9470	39342	124	430	69	64	17	7	8	13	14	8	15	16	3	1	0	1	1	2	1	4	0
CP017039.1	3p	-	53	9250	9881	9863	9396	38390	97	398	70	63	11	14	6	15	7	6	8	14	1	0	1	0	0	2	0	0	0
CP017039.1	3p	-	54	8937	9832	9773	8916	37458	104	353	60	71	10	9	8	14	13	10	11	12	0	0	0	0	1	1	0	0	0
CP017039.1	3p	-	55	8590	9842	9317	8789	36538	98	369	53	63	6	14	8	12	14	5	14	15	1	1	0	3	1	2	0	0	0
CP017039.1	3p	-	56	8537	9269	9167	8684	35657	80	323	46	65	14	7	6	7	11	4	8	15	1	2	4	1	1	1	1	1	0
CP017039.1	3p	-	57	8347	9126	9051	8281	34805	90	351	62	57	13	8	10	17	9	7	11	13	1	1	0	0	3	0	2	1	0
CP017039.1	3p	-	58	8117	9046	8729	8104	33996	93	319	60	54	12	10	5	9	8	5	12	12	1	1	0	2	2	1	2	2	0
CP017039.1	3p	-	59	8058	8606	8482	8084	33230	102	326	53	55	7	5	8	13	9	6	12	11	2	2	1	2	1	2	0	1	0
CP017039.1	3p	-	60	7720	8356	8554	7824	32454	103	298	56	63	4	4	6	11	9	8	9	13	0	2	1	0	2	1	1	1	0
CP017039.1	3p	-	61	7524	8349	8251	7597	31721	92	264	56	58	11	5	9	10	8	9	5	15	3	1	1	2	2	1	0	1	0
CP017039.1	3p	-	62	7527	7994	8035	7441	30997	95	282	45	49	12	4	5	10	17	10	10	13	0	3	2	2	1	1	0	1	0
CP017039.1	3p	-	63	7270	8018	7807	7155	30250	89	275	51	52	10	8	11	13	7	10	1	18	0	1	0	1	2	0	1	1	0
CP017039.1	3p	-	64	6970	7841	7592	7197	29600	77	260	52	43	12	8	4	7	8	11	6	7	1	1	5	0	1	0	0	0	0
CP017039.1	3p	-	65	6999	7431	7436	7043	28909	70	272	35	36	5	11	4	10	6	5	9	8	0	1	0	2	2	1	0	0	0
CP017039.1	3p	-	66	6729	7435	7365	6667	28196	89	221	53	35	14	5	8	11	10	5	8	13	1	0	0	1	1	0	1	0	0
CP017039.1	3p	-	67	6628	7325	7089	6527	27569	76	265	42	40	7	5	8	11	5	7	11	8	3	0	0	0	3	1	1	0	0
CP017039.1	3p	-	68	6617	6998	6830	6505	26950	74	263	36	33	10	8	8	15	7	7	9	10	2	0	1	1	0	0	1	1	0
CP017039.1	3p	-	69	6366	6840	6951	6166	26323	82	258	46	39	3	7	11	13	10	4	9	11	1	0	0	1	0	0	2	0	0
CP017039.1	3p	-	70	6036	6984	6537	6195	25752	97	235	45	42	7	7	8	6	7	6	5	5	1	0	1	0	0	1	1	0	0
CP017039.1	5p	+	1	14427	17789	11399	22384	65999	327	3500	124	131	28	37	15	36	21	46	24	74	0	0	0	0	0	0	0	0	1
CP017039.1	5p	+	2	17300	19671	13761	15266	65998	247	1783	110	149	36	33	32	43	23	46	24	30	1	0	3	0	0	0	1	0	1
CP017039.1	5p	+	3	16568	17449	18542	13439	65998	215	837	150	134	19	17	30	31	21	40	25	35	2	2	2	1	0	1	0	0	1
CP017039.1	5p	+	4	17338	17629	16497	14526	65990	214	935	128	109	20	17	22	28	21	20	17	24	2	0	2	2	3	1	2	2	1
CP017039.1	5p	+	5	15057	19037	17535	14366	65995	186	764	136	140	29	14	26	35	25	21	28	27	2	1	1	3	2	2	0	0	0
CP017039.1	5p	+	6	15346	17397	18165	15084	65992	176	669	122	105	21	19	25	31	27	18	21	36	1	2	3	2	2	1	4	0	0
CP017039.1	5p	+	7	15369	18599	17073	14951	65992	155	560	118	122	23	18	26	17	22	17	22	22	5	4	2	3	2	2	1	2	0
CP017039.1	5p	+	8	14988	17879	18632	14492	65991	179	502	156	148	25	12	18	24	23	24	23	32	3	1	3	3	1	1	3	3	0
CP017039.1	5p	+	9	16202	17305	17298	15190	65995	181	541	111	119	19	19	20	29	23	13	26	31	4	2	0	1	2	2	0	0	0
CP017039.1	5p	+	10	15439	17867	16563	16126	65995	135	445	100	115	28	21	15	25	16	23	31	21	4	2	1	2	1	1	0	2	0
CP017039.1	5p	+	11	14561	18965	17486	14979	65991	159	507	126	128	20	9	27	25	23	14	26	23	3	3	1	1	4	3	1	0	0
CP017039.1	5p	+	12	15488	17419	18369	14713	65989	141	430	133	119	18	7	22	26	23	8	27	30	2	1	3	1	4	1	3	2	0
CP017039.1	5p	+	13	15767	17630	17053	15538	65988	147	453	116	109	21	14	17	32	19	16	16	23	1	4	0	1	2	2	2	5	0
CP017039.1	5p	+	14	15148	18473	17566	14805	65992	170	465	143	133	25	16	19	26	22	15	28	26	3	1	5	1	2	0	4	1	0
CP017039.1	5p	+	15	15920	17546	17763	14762	65991	202	452	120	119	25	17	19	21	24	16	20	19	3	2	3	3	3	3	1	1	0
CP017039.1	5p	+	16	15689	17750	16902	15649	65990	181	439	116	121	7	9	17	37	20	23	22	31	3	4	1	3	3	6	0	0	0
CP017039.1	5p	+	17	15288	18179	17574	14954	65995	169	522	142	123	24	16	19	30	26	20	26	22	3	3	2	5	1	1	1	0	0
CP017039.1	5p	+	18	15641	17291	18112	14953	65997	169	456	134	120	15	16	23	18	22	17	23	25	4	4	1	2	0	2	0	0	0
CP017039.1	5p	+	19	15528	17678	16902	15889	65997	167	416	123	98	22	8	15	21	26	18	18	35	3	0	1	2	0	1	0	1	0
CP017039.1	5p	+	20	15065	18332	17507	15084	65988	192	528	135	125	22	14	25	26	23	23	32	23	4	2	3	5	1	3	3	2	0
CP017039.1	5p	+	21	15818	17348	17867	14960	65993	185	451	134	129	25	13	19	21	23	8	35	27	5	1	1	5	3	2	1	0	0
CP017039.1	5p	+	22	15735	17726	16694	15837	65992	152	443	113	121	19	15	12	19	28	11	18	17	0	2	1	2	4	0	1	2	0
CP017039.1	5p	+	23	14985	18285	17395	15328	65993	177	530	139	114	18	8	22	20	26	22	20	35	0	0	1	4	1	3	1	1	0
CP017039.1	5p	+	24	15723	17325	17677	15268	65993	157	503	121	126	22	14	24	20	19	10	13	25	0	3	0	2	3	2	0	1	0
CP017039.1	5p	+	25	15813	17360	16828	15997	65998	163	492	104	111	26	15	9	19	20	15	21	26	3	2	1	7	1	0	0	0	0
CP017039.1	5p	+	26	15204	18312	17333	15145	65994	162	504	105	144	17	17	21	14	19	14	18	27	3	1	1	4	1	1	1	2	0
CP017039.1	5p	+	27	16023	17406	17657	14910	65996	153	511	120	96	18	16	25	29	22	22	21	28	3	3	1	2	0	2	0	1	0
CP017039.1	5p	+	28	15851	17617	16741	15784	65993	172	561	120	92	21	8	12	21	22	18	14	20	5	1	2	3	2	1	1	2	0
CP017039.1	5p	+	29	15318	18219	17576	14880	65993	188	563	112	136	23	14	30	19	19	13	18	40	3	3	0	1	2	1	2	0	0
CP017039.1	5p	+	30	15984	17380	17700	14931	65995	167	585	120	111	20	18	23	32	23	17	20	23	5	4	1	1	1	2	1	0	0
CP017039.1	5p	+	31	15626	17485	16193	15382	64686	164	644	102	120	20	15	16	26	13	12	23	22	1	0	0	0	1	2	0	4	0
CP017039.1	5p	+	32	14644	17508	16785	14339	63276	163	605	108	138	22	17	21	27	17	16	19	25	2	1	0	0	3	4	0	0	0
CP017039.1	5p	+	33	15180	16129	16490	14095	61894	166	595	111	120	17	16	18	27	15	22	14	32	2	1	1	0	2	0	0	3	0
CP017039.1	5p	+	34	14778	16161	15139	14571	60649	142	583	100	90	15	14	13	21	22	13	12	28	3	0	0	2	0	2	1	0	0
CP017039.1	5p	+	35	13733	16382	15626	13575	59316	156	587	112	110	15	13	14	20	21	13	28	30	2	1	1	3	0	1	1	0	0
CP017039.1	5p	+	36	14316	15286	15219	13196	58017	113	581	116	98	23	12	18	14	21	16	17	22	1	0	0	1	1	1	2	1	0
CP017039.1	5p	+	37	13962	14917	14203	13658	56740	143	559	101	80	22	9	13	25	16	12	20	17	2	1	0	0	0	4	0	0	0
CP017039.1	5p	+	38	13015	15281	14587	12608	55491	156	589	98	121	15	13	18	22	18	17	22	24	1	3	2	2	0	2	0	0	0
CP017039.1	5p	+	39	13570	14237	14297	12202	54306	146	526	107	81	20	11	20	21	12	11	10	16	0	1	1	1	1	1	0	2	0
CP017039.1	5p	+	40	12849	13997	13180	13002	53028	127	535	92	93	18	13	15	23	18	9	11	22	1	0	3	3	1	2	0	1	0
CP017039.1	5p	+	41	12109	14328	13461	11875	51773	148	529	69	99	20	10	16	19	17	10	10	29	0	1	0	7	1	0	0	0	0
CP017039.1	5p	+	42	12544	13136	13366	11478	50524	111	518	90	81	22	8	10	14	14	8	12	22	1	0	3	4	1	3	0	2	0
CP017039.1	5p	+	43	12134	12968	12318	11879	49299	101	528	91	85	13	6	20	17	8	11	12	20	2	1	0	2	0	3	2	1	0
CP017039.1	5p	+	44	11397	13216	12554	10901	48068	142	508	107	78	12	3	15	16	12	13	18	20	2	2	0	1	8	1	0	0	0
CP017039.1	5p	+	45	11631	12329	12368	10530	46858	118	502	71	82	18	8	10	17	14	16	9	17	0	0	1	0	3	2	0	2	0
CP017039.1	5p	+	46	11301	12102	11402	10924	45729	98	431	65	78	16	8	12	14	13	11	11	12	1	1	1	1	3	0	1	0	0
CP017039.1	5p	+	47	10480	12329	11563	10247	44619	112	454	77	79	13	16	12	15	21	11	16	17	3	2	1	1	0	1	2	1	0
CP017039.1	5p	+	48	10859	11271	11456	9968	43554	115	412	103	59	13	15	12	20	12	11	13	18	0	2	3	2	1	0	2	0	0
CP017039.1	5p	+	49	10377	11095	10612	10353	42437	113	434	57	52	10	5	7	17	21	10	15	14	2	2	2	2	0	1	0	0	0
CP017039.1	5p	+	50	9786	11476	10669	9462	41393	105	440	84	59	8	5	12	19	11	6	10	20	2	1	2	0	0	2	0	0	0
CP017039.1	5p	+	51	9958	10552	10630	9222	40362	88	397	71	59	12	8	10	12	13	10	13	14	1	0	2	3	2	0	2	0	0
CP017039.1	5p	+	52	9764	10253	9860	9508	39385	83	358	63	50	8	7	15	16	15	12	6	21	0	3	2	0	1	1	1	0	0
CP017039.1	5p	+	53	9164	10526	9822	8869	38381	117	396	81	63	7	8	12	15	12	11	8	10	1	1	1	5	1	0	0	1	0
CP017039.1	5p	+	54	9259	9771	9720	8667	37417	89	373	61	71	9	10	7	14	13	8	11	13	0	2	2	0	0	1	1	0	0
CP017039.1	5p	+	55	8815	9724	9147	8854	36540	97	352	45	57	10	6	6	14	9	13	7	10	1	1	0	1	0	0	0	1	0
CP017039.1	5p	+	56	8392	9817	9248	8176	35633	86	401	56	62	9	3	10	9	8	17	16	21	2	1	1	0	3	0	0	2	0
CP017039.1	5p	+	57	8548	9044	9093	8123	34808	84	364	59	54	11	11	8	12	11	11	7	12	1	1	2	0	1	1	0	0	0
CP017039.1	5p	+	58	8441	8947	8404	8244	34036	96	345	35	57	5	3	9	13	7	12	11	12	0	1	0	0	2	3	0	0	0
CP017039.1	5p	+	59	7969	8962	8487	7776	33194	78	354	48	65	16	4	8	18	8	19	12	11	1	1	3	2	0	1	0	0	0
CP017039.1	5p	+	60	8046	8600	8364	7423	32433	101	323	46	49	15	5	5	7	14	8	3	17	0	0	1	0	1	0	2	0	0
CP017039.1	5p	+	61	7836	8391	7846	7587	31660	112	317	38	46	8	5	6	12	9	8	9	23	2	0	1	0	1	4	0	0	0
CP017039.1	5p	+	62	7279	8537	8063	7066	30945	87	294	68	50	12	3	10	12	10	6	13	14	1	0	0	1	1	2	0	1	0
CP017039.1	5p	+	63	7480	8058	7759	6977	30274	76	324	50	50	7	6	3	7	13	10	2	19	2	1	1	0	0	0	0	1	0
CP017039.1	5p	+	64	7277	7772	7423	7155	29627	88	305	41	42	5	8	6	12	17	4	15	12	1	1	2	1	1	0	0	0	0
CP017039.1	5p	+	65	6923	7880	7467	6674	28944	84	298	37	54	8	9	7	14	12	4	14	18	3	0	1	2	0	0	0	0	0
CP017039.1	5p	+	66	7046	7209	7409	6635	28299	94	266	56	48	8	3	15	11	10	9	10	13	0	0	2	2	0	0	0	2	0
CP017039.1	5p	+	67	6834	7285	6823	6764	27706	74	261	42	33	6	6	6	6	6	9	11	8	0	1	2	0	2	0	1	0	0
CP017039.1	5p	+	68	6461	7376	6931	6321	27089	90	296	53	52	12	5	4	7	8	10	2	10	1	1	0	1	0	0	1	0	0
CP017039.1	5p	+	69	6556	6923	6879	6156	26514	63	278	44	39	8	11	5	10	7	11	8	20	0	1	0	0	1	1	0	0	0
CP017039.1	5p	+	70	6369	6874	6413	6307	25963	62	231	42	46	4	7	8	10	4	6	9	7	0	0	1	1	1	1	1	0	0
CP017039.1	5p	-	1	14325	17499	11747	22675	66246	337	3387	120	114	32	42	23	41	23	66	27	61	0	0	0	0	0	0	0	0	3
CP017039.1	5p	-	2	17179	19390	13957	15719	66245	241	1785	127	157	31	17	19	52	24	57	22	33	4	3	1	1	0	1	0	0	2
CP017039.1	5p	-	3	16416	17189	18803	13837	66245	230	799	142	120	29	21	32	25	25	33	29	28	2	0	6	1	0	0	1	0	0
CP017039.1	5p	-	4	17214	17224	16968	14838	66244	201	930	137	104	24	18	23	23	25	26	26	28	0	1	0	1	2	0	0	0	0
CP017039.1	5p	-	5	15263	18622	17903	14453	66241	188	771	139	158	23	17	20	33	28	23	31	30	1	0	2	2	1	2	1	1	0
CP017039.1	5p	-	6	15473	16866	18451	15449	66239	168	646	135	126	22	17	25	28	25	14	27	35	2	1	1	1	1	0	3	0	0
CP017039.1	5p	-	7	15308	18563	17024	15343	66238	149	574	111	133	24	17	21	22	20	17	23	24	1	0	1	2	3	2	1	2	0
CP017039.1	5p	-	8	14763	17893	18879	14705	66240	174	541	144	145	27	13	26	31	27	16	19	38	1	1	1	3	0	0	3	3	0
CP017039.1	5p	-	9	16116	16999	17879	15246	66240	154	529	112	132	22	11	23	22	25	11	34	43	5	2	3	1	1	1	2	2	0
CP017039.1	5p	-	10	15305	17957	16938	16041	66241	149	446	103	118	13	16	23	19	22	14	20	27	4	0	2	1	4	0	1	0	0
CP017039.1	5p	-	11	14649	18468	17830	15288	66235	174	458	123	133	24	19	17	35	20	12	31	31	3	1	0	2	2	2	3	4	0
CP017039.1	5p	-	12	15485	17287	18452	15008	66232	166	431	132	111	14	22	20	17	21	7	25	21	2	3	1	0	6	5	2	1	0
CP017039.1	5p	-	13	15514	17378	17437	15908	66237	160	453	102	96	19	12	22	29	25	14	19	17	3	3	3	1	4	3	0	2	0
CP017039.1	5p	-	14	14730	18176	17964	15367	66237	161	492	136	141	24	15	15	29	25	20	20	33	3	4	1	2	4	2	1	2	0
CP017039.1	5p	-	15	15799	17649	17918	14874	66240	164	482	113	127	21	13	14	28	17	13	20	17	2	2	3	0	4	1	0	1	0
CP017039.1	5p	-	16	15760	17522	17233	15723	66238	148	443	117	115	18	12	13	20	19	9	20	37	0	2	3	3	5	1	1	1	0
CP017039.1	5p	-	17	14917	18221	17904	15201	66243	177	500	121	143	19	16	16	23	29	15	29	37	5	2	0	1	1	1	1	0	0
CP017039.1	5p	-	18	15884	17066	18329	14962	66241	171	470	136	135	23	20	21	14	17	13	15	21	3	4	2	3	2	3	0	0	0
CP017039.1	5p	-	19	15689	17532	17101	15921	66243	149	460	105	96	31	16	20	24	24	12	17	18	3	1	4	1	1	1	1	0	0
CP017039.1	5p	-	20	15146	18074	17711	15308	66239	159	503	140	126	25	17	27	22	20	16	30	31	1	4	0	4	1	2	1	3	0
CP017039.1	5p	-	21	15688	17164	18155	15233	66240	159	451	119	146	16	11	28	26	15	17	24	21	2	2	1	2	2	2	1	1	0
CP017039.1	5p	-	22	15701	17313	17027	16201	66242	149	469	130	115	28	16	14	27	26	13	18	28	1	3	2	2	2	1	0	1	0
CP017039.1	5p	-	23	15148	17979	17728	15387	66242	172	447	143	115	23	17	19	22	22	11	22	27	4	5	1	1	0	3	1	0	0
CP017039.1	5p	-	24	15746	17229	17917	15350	66242	173	471	116	111	14	27	14	28	17	10	21	27	2	1	5	4	1	0	3	0	0
CP017039.1	5p	-	25	15771	17476	16868	16122	66237	156	492	115	98	15	11	8	21	22	17	23	20	2	3	5	2	4	2	0	3	0
CP017039.1	5p	-	26	14984	18160	17756	15337	66237	161	520	136	136	21	18	27	22	22	15	25	30	2	4	0	4	1	3	2	2	0
CP017039.1	5p	-	27	15976	17243	17888	15135	66242	175	540	125	121	20	19	21	19	21	24	26	20	2	2	1	1	3	1	0	0	0
CP017039.1	5p	-	28	15691	17178	17125	16248	66242	148	525	101	91	19	17	21	24	17	19	19	28	2	2	3	3	2	1	1	0	0
CP017039.1	5p	-	29	15076	17933	17834	15401	66244	160	605	119	119	30	13	15	32	21	21	22	36	1	3	2	3	0	1	0	0	0
CP017039.1	5p	-	30	16043	17052	18009	15134	66238	165	587	113	106	23	13	22	29	16	14	32	30	2	3	1	2	2	3	1	1	0
CP017039.1	5p	-	31	15573	17123	16543	15699	64938	176	567	109	106	22	13	14	22	23	17	18	24	1	1	2	2	0	3	1	1	0
CP017039.1	5p	-	32	14635	17277	17047	14598	63557	162	604	122	135	16	16	15	32	27	20	27	36	1	1	0	1	2	3	0	0	0
CP017039.1	5p	-	33	15146	16119	16680	14273	62218	144	587	117	114	24	21	18	25	23	6	20	21	1	1	3	2	1	3	0	0	0
CP017039.1	5p	-	34	14686	15798	15690	14720	60894	140	581	95	100	17	10	16	21	18	10	13	29	1	2	0	3	0	4	1	3	0
CP017039.1	5p	-	35	13695	16299	15829	13786	59609	143	586	132	117	15	21	18	20	22	14	21	29	0	4	0	2	0	3	2	1	0
CP017039.1	5p	-	36	14037	15237	15659	13405	58338	150	530	119	105	19	18	16	26	15	9	18	23	3	1	0	1	2	1	0	2	0
CP017039.1	5p	-	37	13741	14979	14655	13632	57007	130	585	91	75	22	9	8	15	12	11	9	21	1	3	1	1	0	1	0	2	0
CP017039.1	5p	-	38	13086	15134	14703	12760	55683	142	573	109	122	15	11	18	29	14	17	12	29	0	2	0	2	0	1	2	1	0
CP017039.1	5p	-	39	13174	14143	14619	12445	54381	134	511	111	105	14	13	17	15	16	19	16	23	3	1	3	1	2	2	2	0	0
CP017039.1	5p	-	40	12863	13955	13642	12674	53134	143	521	86	90	6	8	12	21	15	7	18	13	1	1	1	2	0	1	0	0	0
CP017039.1	5p	-	41	11961	14218	13710	11948	51837	161	495	105	105	20	12	17	22	18	11	16	15	1	0	2	0	0	3	1	0	0
CP017039.1	5p	-	42	12216	13193	13478	11652	50539	128	471	109	78	17	15	16	16	12	12	17	29	1	1	1	5	1	1	3	2	0
CP017039.1	5p	-	43	11944	12878	12440	12024	49286	131	483	77	92	16	11	14	19	22	13	10	25	1	2	2	1	4	1	1	0	0
CP017039.1	5p	-	44	11158	13133	12631	11157	48079	153	516	88	97	18	13	21	23	15	18	14	29	1	1	4	3	2	1	1	2	0
CP017039.1	5p	-	45	11307	12187	12567	10781	46842	110	456	69	70	14	5	17	23	15	8	17	19	1	3	2	4	1	2	1	1	0
CP017039.1	5p	-	46	10953	12068	11510	11165	45696	98	432	77	71	17	14	12	19	12	13	8	12	1	1	0	3	2	2	1	0	0
CP017039.1	5p	-	47	10309	12129	11745	10413	44596	125	492	79	71	14	11	15	19	18	10	14	18	1	3	1	1	0	1	0	0	0
CP017039.1	5p	-	48	10589	11176	11472	10212	43449	105	407	75	71	18	6	13	24	18	13	9	21	0	4	1	2	0	4	0	0	0
CP017039.1	5p	-	49	10346	11024	10716	10338	42424	113	414	67	60	13	11	16	17	16	8	9	16	2	2	2	1	1	1	0	0	0
CP017039.1	5p	-	50	9688	11244	10726	9747	41405	127	435	73	70	10	9	9	19	9	7	9	19	5	1	2	1	0	2	1	2	0
CP017039.1	5p	-	51	9689	10542	10618	9462	40311	107	382	74	73	15	12	21	17	7	8	6	21	2	4	0	3	1	0	1	0	0
CP017039.1	5p	-	52	9480	10454	9858	9557	39349	94	406	59	59	13	9	6	17	8	6	6	14	2	2	0	2	0	1	0	0	0
CP017039.1	5p	-	53	9007	10397	10040	8948	38392	98	373	83	74	8	13	13	12	11	7	8	14	0	1	2	0	0	0	0	0	0
CP017039.1	5p	-	54	9035	9779	9930	8713	37457	98	377	58	52	6	7	16	15	11	15	12	13	1	1	1	1	2	1	0	0	0
CP017039.1	5p	-	55	8851	9455	9215	9018	36539	85	348	46	57	12	5	9	13	6	9	14	12	1	2	0	2	0	1	0	1	0
CP017039.1	5p	-	56	8361	9802	9205	8288	35656	112	409	57	52	7	7	10	19	6	7	13	20	1	0	3	2	2	1	1	0	0
CP017039.1	5p	-	57	8434	8994	9121	8256	34805	92	380	47	52	13	7	10	18	7	14	10	17	2	1	1	0	1	4	0	1	0
CP017039.1	5p	-	58	8143	8903	8661	8293	34000	86	308	50	53	10	6	12	13	5	13	6	9	1	1	1	1	2	0	1	0	0
CP017039.1	5p	-	59	7751	9004	8736	7740	33231	91	341	56	64	11	2	8	17	7	3	15	17	0	1	0	0	1	1	0	1	0
CP017039.1	5p	-	60	7858	8495	8465	7638	32456	94	297	52	64	8	10	7	11	9	8	10	17	1	1	1	1	0	2	0	1	0
CP017039.1	5p	-	61	7737	8203	7952	7830	31722	74	315	52	54	8	4	8	16	8	5	9	16	0	1	3	3	1	1	0	1	0
CP017039.1	5p	-	62	7205	8451	8094	7248	30998	96	309	63	55	4	5	8	12	8	7	5	13	2	0	1	1	1	1	0	0	0
CP017039.1	5p	-	63	7350	7777	7943	7181	30251	76	265	52	53	8	8	10	15	6	6	9	16	1	0	1	0	2	1	0	0	0
CP017039.1	5p	-	64	7311	7754	7353	7181	29599	87	259	46	54	7	4	8	9	8	14	7	10	2	1	0	1	0	2	0	0	0
CP017039.1	5p	-	65	6840	7713	7485	6873	28911	84	286	48	57	7	5	4	13	6	1	6	8	1	2	2	0	0	0	0	1	0
CP017039.1	5p	-	66	6938	7232	7466	6561	28197	80	264	48	49	7	8	10	11	9	10	14	10	0	1	0	2	0	0	1	0	0
CP017039.1	5p	-	67	6782	7191	6946	6654	27573	79	259	45	45	4	4	3	8	13	17	6	17	1	2	2	0	0	1	0	0	0
CP017039.1	5p	-	68	6261	7326	7010	6353	26950	68	277	55	55	8	4	10	14	10	6	7	13	1	2	1	2	2	0	0	0	0
CP017039.1	5p	-	69	6415	6692	7025	6189	26321	85	236	42	47	10	9	5	12	6	6	5	7	1	2	0	2	2	0	1	1	0
CP017039.1	5p	-	70	6192	6807	6365	6388	25752	79	244	43	44	8	7	13	4	10	4	8	12	0	1	2	0	1	1	0	0	0
