# table produced by mapDamage version 2.2.3
# using mapped file /mnt/archgen/microbiome_calculus/library_ds_vs_ss/04-analysis/normalize_kraken/mapping/flexilinea_sp001717545/mapDamage2_dsLibs/input/CDM020.A0101.SG1.1_5M.mapped_f_sp001717545_q25l30_rmdup.bam and /mnt/archgen/microbiome_calculus/library_ds_vs_ss/04-analysis/normalize_kraken/mapping/flexilinea_sp001717545/input/GCA_001717545.1_ASM171754v1_genomic.fna as reference file
# Chr: reference from sam/bam header, End: from which termini of DNA sequences, Std: strand of reads
Chr	End	Std	Pos	A	C	G	T	Total	G>A	C>T	A>G	T>C	A>C	A>T	C>G	C>A	T>G	T>A	G>C	G>T	A>-	T>-	C>-	G>-	->A	->T	->C	->G	S
CP017039.1	3p	+	1	9299	8265	10752	7024	35340	2224	97	71	87	12	13	25	57	22	26	16	23	0	0	0	0	0	0	0	0	0
CP017039.1	3p	+	2	8862	9657	9654	7167	35340	1183	93	82	85	20	29	39	40	14	22	30	41	0	0	0	0	0	0	0	0	0
CP017039.1	3p	+	3	7501	10127	10210	7502	35340	740	96	72	87	14	9	22	39	14	12	17	29	0	0	0	0	0	0	0	0	0
CP017039.1	3p	+	4	7925	9408	10064	7942	35339	553	102	60	58	22	16	10	38	26	10	14	34	0	0	0	0	0	0	0	1	0
CP017039.1	3p	+	5	7734	9923	10288	7395	35340	460	97	92	80	15	16	17	32	11	13	15	25	0	0	0	0	0	0	0	0	0
CP017039.1	3p	+	6	7476	10249	10008	7604	35337	388	99	62	78	19	10	9	36	13	14	15	41	0	0	2	0	1	0	1	1	0
CP017039.1	3p	+	7	7814	9762	10082	7680	35338	343	95	73	66	19	14	14	43	12	12	14	32	0	0	0	1	2	0	0	0	0
CP017039.1	3p	+	8	7606	9985	10364	7381	35336	287	92	74	86	16	11	20	29	11	21	10	42	0	0	1	1	2	0	2	0	0
CP017039.1	3p	+	9	7482	10121	9959	7776	35338	247	117	80	76	20	29	19	27	9	14	14	19	1	1	0	0	2	0	0	0	0
CP017039.1	3p	+	10	7902	9721	10034	7682	35339	256	103	66	64	20	17	18	34	15	19	16	34	2	0	0	0	0	0	1	0	0
CP017039.1	3p	+	11	7523	10046	10608	7160	35337	282	123	69	71	19	10	20	39	11	11	16	32	1	1	1	1	2	0	1	0	0
CP017039.1	3p	+	12	7364	10410	10066	7499	35339	252	111	73	63	20	18	16	42	15	12	18	19	2	0	2	1	1	0	0	0	0
CP017039.1	3p	+	13	7797	10040	10173	7329	35339	249	103	68	67	9	9	20	39	19	15	11	17	0	0	0	0	0	1	0	0	0
CP017039.1	3p	+	14	7322	10188	10460	7369	35339	269	94	72	70	12	18	19	34	13	9	18	34	0	1	2	0	1	0	0	0	0
CP017039.1	3p	+	15	7306	10222	10174	7637	35339	232	115	61	83	16	14	20	35	18	9	15	31	0	1	1	0	0	0	0	1	0
CP017039.1	3p	+	16	7745	10018	10136	7438	35337	238	102	71	72	16	16	16	24	14	16	10	23	1	2	0	1	1	0	1	1	0
CP017039.1	3p	+	17	7363	10286	10544	7146	35339	242	113	86	85	21	12	17	39	21	13	16	18	1	0	0	1	1	0	0	0	0
CP017039.1	3p	+	18	7243	10437	10254	7405	35339	242	96	62	86	16	11	14	21	12	8	11	26	2	1	0	0	0	0	1	0	0
CP017039.1	3p	+	19	7732	10067	10033	7507	35339	235	93	57	53	15	5	18	33	13	9	17	25	0	1	0	1	0	0	0	1	0
CP017039.1	3p	+	20	7459	10101	10734	7045	35339	226	131	74	62	14	13	18	40	12	11	20	21	2	1	0	0	1	0	0	0	0
CP017039.1	3p	+	21	7282	10527	10242	7289	35340	208	122	66	70	18	7	12	26	15	17	11	29	2	2	0	0	0	0	0	0	0
CP017039.1	3p	+	22	7546	9950	10283	7558	35337	212	120	62	72	15	15	8	31	15	8	18	34	2	0	0	0	1	1	0	1	0
CP017039.1	3p	+	23	7466	10299	10452	7123	35340	209	141	78	65	13	13	15	26	15	10	19	20	0	1	0	0	0	0	0	0	0
CP017039.1	3p	+	24	7314	10415	10179	7431	35339	209	141	74	65	17	11	10	25	16	21	18	33	0	4	0	1	1	0	0	0	0
CP017039.1	3p	+	25	7698	9914	10221	7505	35338	210	118	54	62	12	10	15	32	16	15	20	23	0	1	0	0	0	0	1	1	0
CP017039.1	3p	+	26	7334	10434	10486	7083	35337	211	168	71	72	13	13	12	34	10	16	21	30	2	1	0	0	0	2	1	0	0
CP017039.1	3p	+	27	7297	10450	10042	7550	35339	170	161	73	80	18	9	14	31	13	14	32	24	2	0	0	2	0	0	1	0	0
CP017039.1	3p	+	28	7703	9874	10268	7494	35339	183	165	66	61	14	12	10	32	6	13	20	24	1	1	3	1	0	1	0	0	0
CP017039.1	3p	+	29	7490	10229	10520	7099	35338	189	218	69	85	18	13	14	24	11	14	23	20	0	1	2	0	1	1	0	0	0
CP017039.1	3p	+	30	7281	10480	10118	7457	35336	164	241	53	66	11	18	16	30	11	11	18	31	1	0	1	1	3	0	0	1	0
CP017039.1	3p	+	31	7560	10003	10136	7362	35061	133	224	52	60	11	11	15	29	11	17	12	35	1	0	0	0	1	0	1	0	0
CP017039.1	3p	+	32	7262	10257	10099	7165	34783	187	234	65	62	13	12	21	41	14	16	21	25	0	0	0	1	3	0	2	0	0
CP017039.1	3p	+	33	7169	10277	9656	7351	34453	182	265	67	71	16	19	19	22	14	11	9	25	0	0	2	2	0	1	1	2	0
CP017039.1	3p	+	34	7327	9626	9701	7482	34136	129	216	56	51	16	19	16	30	13	13	9	34	0	1	2	0	0	0	0	1	0
CP017039.1	3p	+	35	7095	9797	9918	6975	33785	146	242	74	64	15	13	14	26	11	10	13	17	0	1	2	0	0	0	0	0	0
CP017039.1	3p	+	36	6772	9969	9397	7254	33392	144	258	79	65	16	11	13	31	14	13	14	23	0	2	0	2	0	0	0	0	0
CP017039.1	3p	+	37	7244	9301	9320	7123	32988	152	264	60	72	15	11	11	33	8	22	6	28	0	0	2	1	0	1	0	0	0
CP017039.1	3p	+	38	6826	9407	9580	6763	32576	153	236	54	71	14	11	11	21	9	10	21	26	0	1	1	1	0	1	0	0	0
CP017039.1	3p	+	39	6799	9541	9004	6859	32203	105	286	72	62	24	14	20	30	14	3	11	17	1	1	0	2	2	0	0	0	0
CP017039.1	3p	+	40	6945	8959	8960	6906	31770	133	266	44	62	8	11	8	25	9	9	10	26	1	0	0	0	0	0	2	0	0
CP017039.1	3p	+	41	6687	9053	9173	6453	31366	133	295	66	64	7	15	10	32	12	5	13	17	0	1	1	2	0	0	0	0	0
CP017039.1	3p	+	42	6451	9163	8764	6582	30960	121	279	52	64	14	9	11	22	8	16	14	17	0	0	1	0	1	1	0	1	0
CP017039.1	3p	+	43	6733	8611	8646	6547	30537	105	244	58	57	13	12	15	19	11	8	13	22	1	0	1	0	0	0	1	0	0
CP017039.1	3p	+	44	6399	8721	8738	6227	30085	118	286	69	63	15	8	13	27	11	11	15	26	2	0	3	0	0	0	1	0	0
CP017039.1	3p	+	45	6350	8665	8343	6315	29673	98	257	61	66	17	13	7	32	11	12	15	26	0	1	1	1	0	0	0	0	0
CP017039.1	3p	+	46	6512	8195	8164	6369	29240	105	276	48	45	12	7	12	21	17	9	15	17	1	2	3	2	1	0	0	0	0
CP017039.1	3p	+	47	6204	8234	8313	6056	28807	124	257	51	71	14	8	8	20	15	7	14	26	0	0	0	0	0	0	0	0	0
CP017039.1	3p	+	48	5885	8353	7806	6301	28345	107	244	55	54	10	7	10	24	11	4	12	14	0	1	0	1	1	0	0	0	0
CP017039.1	3p	+	49	6078	7893	7812	6093	27876	103	251	55	59	7	8	12	17	13	7	12	19	0	1	2	1	0	0	1	0	0
CP017039.1	3p	+	50	5836	7819	7980	5812	27447	104	249	59	56	10	17	5	21	14	11	7	18	0	0	1	2	2	0	0	0	0
CP017039.1	3p	+	51	5539	8007	7712	5808	27066	112	263	46	48	7	12	12	18	13	10	6	11	0	0	0	0	0	0	0	0	0
CP017039.1	3p	+	52	5648	7574	7542	5892	26656	104	218	37	37	15	9	7	16	13	12	8	17	0	0	0	1	1	0	0	0	0
CP017039.1	3p	+	53	5496	7657	7621	5484	26258	114	223	49	44	10	8	8	28	3	12	11	18	0	0	0	0	1	0	0	1	0
CP017039.1	3p	+	54	5490	7638	7201	5519	25848	74	229	54	39	16	9	3	21	13	6	5	14	0	0	0	0	2	0	0	0	0
CP017039.1	3p	+	55	5489	7199	7190	5600	25478	86	216	36	56	7	6	6	15	8	8	8	23	0	0	2	0	0	1	0	0	0
CP017039.1	3p	+	56	5264	7306	7263	5220	25053	81	252	55	59	17	10	14	18	10	6	13	17	1	0	0	0	0	1	0	0	0
CP017039.1	3p	+	57	5126	7195	6923	5371	24615	76	250	48	58	3	2	5	11	5	7	7	14	0	0	0	1	0	0	0	1	0
CP017039.1	3p	+	58	5259	6970	6713	5280	24222	60	215	48	49	5	10	12	17	8	9	10	13	1	1	0	3	1	0	1	0	0
CP017039.1	3p	+	59	5169	6818	6876	4984	23847	89	201	52	39	11	4	9	22	10	9	7	20	0	1	0	0	0	0	0	0	0
CP017039.1	3p	+	60	4947	6835	6592	5105	23479	66	219	57	52	7	7	9	27	10	8	10	12	0	1	1	0	2	1	0	0	0
CP017039.1	3p	+	61	5033	6601	6388	5038	23060	62	209	41	40	8	2	5	17	10	7	1	14	0	0	0	0	0	1	1	0	0
CP017039.1	3p	+	62	4734	6609	6594	4753	22690	79	210	31	45	9	8	7	16	11	4	12	18	0	1	0	1	0	0	0	0	0
CP017039.1	3p	+	63	4670	6497	6251	4922	22340	60	225	36	41	10	2	8	19	9	5	12	16	0	0	4	1	0	0	0	0	0
CP017039.1	3p	+	64	4886	6194	6153	4736	21969	63	209	48	46	12	5	4	15	8	8	7	12	2	2	0	1	0	2	0	0	0
CP017039.1	3p	+	65	4722	6194	6133	4566	21615	66	194	48	40	11	4	5	21	12	7	13	19	2	0	2	1	1	1	0	0	0
CP017039.1	3p	+	66	4447	6265	5920	4612	21244	57	197	46	44	6	7	9	17	9	7	7	11	0	0	1	1	0	0	0	0	0
CP017039.1	3p	+	67	4602	5867	5804	4590	20863	58	194	41	35	7	8	5	25	5	5	9	7	2	0	0	0	1	0	0	0	0
CP017039.1	3p	+	68	4410	5967	5764	4355	20496	63	204	50	42	3	5	8	18	4	11	6	15	1	0	0	1	1	2	1	1	0
CP017039.1	3p	+	69	4191	5964	5653	4342	20150	66	205	28	28	11	2	3	18	12	8	5	20	2	0	1	0	1	0	2	0	0
CP017039.1	3p	+	70	4349	5500	5547	4361	19757	63	192	36	38	5	1	3	16	3	8	6	16	0	0	1	0	2	0	0	2	0
CP017039.1	3p	-	1	9148	8279	10940	7172	35539	2192	90	60	70	14	12	27	53	19	14	11	25	0	0	0	0	0	0	0	0	1
CP017039.1	3p	-	2	8817	9594	9709	7419	35539	1236	85	80	73	19	23	10	30	13	21	19	31	0	0	0	0	0	0	0	0	0
CP017039.1	3p	-	3	7620	10203	10102	7613	35538	715	96	78	82	18	26	34	42	11	11	23	46	0	0	0	0	0	0	0	1	0
CP017039.1	3p	-	4	7947	9432	10219	7940	35538	536	75	82	66	12	17	18	37	19	15	16	33	0	0	1	0	1	0	0	0	0
CP017039.1	3p	-	5	7655	9995	10250	7637	35537	491	94	65	61	20	21	19	36	10	15	17	29	1	0	0	0	2	0	0	0	0
CP017039.1	3p	-	6	7642	10193	10016	7684	35535	421	100	65	81	12	12	16	27	19	14	13	42	0	0	0	1	1	2	0	1	0
CP017039.1	3p	-	7	7958	9750	10159	7666	35533	332	104	63	61	20	12	22	25	14	14	15	34	1	0	0	1	3	2	0	1	0
CP017039.1	3p	-	8	7712	10001	10453	7369	35535	312	109	73	70	17	17	20	43	15	15	16	35	2	0	1	0	2	1	0	1	0
CP017039.1	3p	-	9	7397	10224	10254	7660	35535	281	88	58	62	27	11	12	27	18	16	13	34	0	0	2	2	2	1	1	0	0
CP017039.1	3p	-	10	7888	10048	10127	7468	35531	282	102	76	66	14	13	23	38	16	13	17	30	1	2	0	0	2	1	1	4	0
CP017039.1	3p	-	11	7392	10071	10687	7386	35536	248	98	75	71	20	15	13	33	16	13	11	28	2	2	0	1	1	1	0	1	0
CP017039.1	3p	-	12	7364	10536	10096	7539	35535	242	99	73	76	7	13	19	34	11	16	17	36	1	0	0	4	1	3	0	0	0
CP017039.1	3p	-	13	7735	10074	10196	7531	35536	246	96	66	55	19	13	21	27	12	15	10	35	1	1	3	0	1	0	2	0	0
CP017039.1	3p	-	14	7481	10231	10550	7274	35536	249	125	74	64	18	15	17	28	10	16	21	33	1	1	0	0	1	0	2	0	0
CP017039.1	3p	-	15	7363	10338	10233	7605	35539	266	111	72	73	14	11	20	42	17	4	12	30	0	0	0	0	0	0	0	0	0
CP017039.1	3p	-	16	7662	9858	10415	7602	35537	258	110	85	66	17	17	19	22	15	14	11	33	1	0	0	0	1	0	0	1	0
CP017039.1	3p	-	17	7293	10419	10618	7207	35537	236	126	77	75	18	13	25	24	4	11	10	35	0	1	1	0	2	0	0	0	0
CP017039.1	3p	-	18	7388	10537	10098	7515	35538	227	115	72	64	27	14	18	27	18	14	18	35	2	1	0	0	1	0	0	0	0
CP017039.1	3p	-	19	7595	10040	10397	7506	35538	262	99	61	64	16	22	15	27	19	8	10	26	0	0	1	1	0	0	1	0	0
CP017039.1	3p	-	20	7379	10276	10569	7313	35537	226	130	77	67	20	21	21	34	15	15	16	33	0	1	1	0	1	1	0	0	0
CP017039.1	3p	-	21	7340	10404	10224	7569	35537	220	127	74	70	11	11	14	33	14	17	23	24	0	1	0	0	1	1	0	0	0
CP017039.1	3p	-	22	7721	10114	10207	7495	35537	205	117	79	60	11	20	19	32	14	13	16	23	0	0	0	0	1	0	1	0	0
CP017039.1	3p	-	23	7343	10264	10540	7390	35537	217	135	87	56	10	15	18	24	14	14	20	28	0	0	0	0	0	1	1	0	0
CP017039.1	3p	-	24	7322	10381	10218	7615	35536	221	143	82	61	13	10	17	34	9	19	14	38	0	1	0	1	0	1	0	2	0
CP017039.1	3p	-	25	7646	9931	10347	7612	35536	203	128	58	57	17	11	20	32	12	16	15	19	0	3	0	1	0	3	0	0	0
CP017039.1	3p	-	26	7421	10284	10667	7167	35539	207	183	67	66	22	18	14	30	10	11	24	38	1	0	0	0	0	0	0	0	0
CP017039.1	3p	-	27	7428	10567	10068	7476	35539	213	164	67	78	20	8	17	39	14	9	13	27	0	1	1	1	0	0	0	0	0
CP017039.1	3p	-	28	7671	9917	10339	7609	35536	212	176	63	59	19	10	13	30	21	17	19	27	1	2	0	2	1	0	2	0	0
CP017039.1	3p	-	29	7475	10322	10471	7269	35537	212	199	77	72	16	12	12	38	8	8	14	21	1	0	3	1	0	0	1	1	0
CP017039.1	3p	-	30	7324	10500	10201	7513	35538	186	228	73	90	9	13	20	36	12	12	15	18	3	0	0	0	0	0	1	0	0
CP017039.1	3p	-	31	7500	10095	10085	7578	35258	177	208	53	80	8	10	15	22	10	15	11	28	0	0	0	0	1	1	0	0	0
CP017039.1	3p	-	32	7376	9908	10316	7390	34990	168	223	85	69	11	17	19	21	15	8	15	29	2	0	0	1	1	0	0	1	0
CP017039.1	3p	-	33	7176	10228	9793	7467	34664	155	248	74	70	20	10	10	33	7	11	21	24	0	1	0	1	0	1	0	0	0
CP017039.1	3p	-	34	7376	9755	9829	7325	34285	160	252	80	57	11	12	14	24	16	13	14	19	1	1	0	0	0	0	0	0	0
CP017039.1	3p	-	35	7031	9756	10119	6999	33905	149	224	56	71	16	10	18	36	14	6	13	33	1	0	2	0	0	0	0	0	0
CP017039.1	3p	-	36	6952	9902	9437	7268	33559	141	256	65	65	19	7	12	43	10	4	19	21	0	0	1	0	1	0	0	0	0
CP017039.1	3p	-	37	7253	9322	9367	7212	33154	135	229	75	51	15	9	15	23	12	11	16	17	0	1	0	1	1	0	1	1	0
CP017039.1	3p	-	38	6844	9533	9490	6868	32735	154	252	62	54	17	12	14	24	13	8	8	12	0	1	1	0	0	0	0	0	0
CP017039.1	3p	-	39	6674	9377	9218	7071	32340	156	247	61	63	9	14	14	30	9	10	19	26	0	0	1	0	0	0	0	1	0
CP017039.1	3p	-	40	6877	8967	9072	7009	31925	137	245	40	57	13	10	14	25	9	10	9	28	2	1	0	0	0	2	1	0	0
CP017039.1	3p	-	41	6659	8997	9209	6652	31517	146	257	63	59	9	7	20	19	8	7	17	10	1	2	0	2	1	2	0	1	0
CP017039.1	3p	-	42	6339	9058	8994	6754	31145	131	253	58	55	9	8	12	21	13	11	16	22	1	1	0	1	0	1	0	0	0
CP017039.1	3p	-	43	6573	8819	8661	6636	30689	114	219	56	52	12	8	9	22	9	10	12	19	1	1	0	2	1	0	0	0	0
CP017039.1	3p	-	44	6349	8657	8853	6383	30242	141	270	61	64	12	10	15	27	9	9	10	26	0	3	2	3	0	0	0	1	0
CP017039.1	3p	-	45	6164	8806	8374	6459	29803	135	259	60	61	10	9	15	20	14	13	15	31	1	1	4	2	1	3	1	0	0
CP017039.1	3p	-	46	6384	8377	8198	6416	29375	104	252	70	35	8	9	9	22	9	10	11	23	0	0	3	1	1	3	1	0	0
CP017039.1	3p	-	47	6127	8306	8376	6143	28952	111	261	69	58	8	9	11	29	4	5	12	19	0	2	0	1	0	0	0	0	0
CP017039.1	3p	-	48	5993	8283	7946	6289	28511	119	245	51	52	17	8	5	26	12	14	11	17	1	0	1	0	1	1	0	1	0
CP017039.1	3p	-	49	5925	7989	7948	6210	28072	106	255	51	56	11	7	13	25	9	14	14	12	1	0	2	1	1	1	0	1	0
CP017039.1	3p	-	50	5928	7900	7880	5887	27595	89	231	66	46	15	11	9	18	8	7	13	20	0	1	0	2	0	1	0	0	0
CP017039.1	3p	-	51	5692	7990	7687	5857	27226	98	239	59	53	7	7	4	25	16	8	12	17	0	0	1	1	0	2	1	0	0
CP017039.1	3p	-	52	5852	7674	7474	5806	26806	78	253	37	43	9	8	10	24	10	7	10	16	0	2	1	0	0	0	1	0	0
CP017039.1	3p	-	53	5571	7617	7606	5577	26371	94	242	49	44	11	9	13	26	11	3	14	17	0	0	2	1	1	0	0	0	0
CP017039.1	3p	-	54	5460	7642	7236	5648	25986	86	238	48	45	11	12	9	24	9	9	10	14	0	0	0	0	0	0	0	1	0
CP017039.1	3p	-	55	5517	7202	7193	5656	25568	91	215	47	41	10	6	8	25	13	10	11	18	0	0	1	1	0	1	1	0	0
CP017039.1	3p	-	56	5379	7216	7311	5266	25172	85	235	36	40	6	6	7	17	7	6	9	20	0	0	1	0	0	1	2	1	0
CP017039.1	3p	-	57	5218	7178	6915	5465	24776	84	227	48	64	7	9	10	26	17	5	12	16	1	0	0	0	1	0	0	1	0
CP017039.1	3p	-	58	5346	6809	6724	5472	24351	80	202	48	42	10	7	6	14	7	10	11	14	0	0	0	0	0	0	0	0	0
CP017039.1	3p	-	59	5018	6933	6860	5140	23951	77	223	58	47	8	3	3	24	12	11	8	14	1	1	1	0	0	1	0	0	0
CP017039.1	3p	-	60	4877	6823	6701	5164	23565	85	228	42	47	3	5	6	22	7	4	12	14	3	0	0	0	0	0	0	0	0
CP017039.1	3p	-	61	4984	6543	6481	5177	23185	83	200	44	45	10	9	7	24	9	9	15	14	0	2	2	0	0	0	0	0	0
CP017039.1	3p	-	62	4867	6510	6630	4813	22820	89	223	51	35	16	10	9	14	8	11	9	16	0	1	1	0	0	0	0	0	0
CP017039.1	3p	-	63	4679	6665	6275	4879	22498	77	213	46	39	14	4	5	22	17	4	7	14	0	0	1	1	0	0	0	0	0
CP017039.1	3p	-	64	4805	6175	6334	4843	22157	61	183	27	32	8	6	10	15	11	13	4	11	1	0	1	0	0	0	0	1	0
CP017039.1	3p	-	65	4568	6248	6307	4657	21780	80	216	44	40	9	9	11	16	15	7	12	19	0	0	0	1	0	0	0	2	0
CP017039.1	3p	-	66	4425	6252	6049	4701	21427	65	190	31	43	6	3	9	22	10	5	6	10	0	0	1	0	0	0	0	0	0
CP017039.1	3p	-	67	4514	5968	5921	4663	21066	63	171	40	28	10	9	12	12	4	8	8	15	0	0	1	0	1	0	0	1	0
CP017039.1	3p	-	68	4510	5878	5836	4471	20695	57	151	47	47	8	5	6	18	9	7	6	14	1	0	0	0	0	0	0	0	0
CP017039.1	3p	-	69	4235	5911	5684	4485	20315	53	152	28	31	10	5	5	17	9	5	4	13	0	0	1	0	1	0	0	0	0
CP017039.1	3p	-	70	4395	5588	5484	4513	19980	72	180	32	36	7	6	6	18	9	7	9	17	0	0	0	1	0	0	0	0	0
CP017039.1	5p	+	1	6299	11531	7224	10286	35340	55	2630	64	52	20	22	21	25	14	18	29	50	0	0	0	0	0	0	0	0	1
CP017039.1	5p	+	2	7776	10310	9083	8171	35340	75	1347	94	63	24	8	11	21	21	22	20	31	1	0	0	1	0	0	0	0	0
CP017039.1	5p	+	3	8102	10074	10145	7019	35340	79	688	74	68	16	8	13	26	21	13	20	21	0	0	2	0	0	0	0	0	0
CP017039.1	5p	+	4	8246	9918	9420	7753	35337	93	566	65	66	20	10	10	33	13	7	18	11	0	0	0	1	1	0	0	2	0
CP017039.1	5p	+	5	7840	10143	9786	7569	35338	76	489	75	77	20	15	10	28	18	20	21	29	1	1	0	0	1	1	0	0	0
CP017039.1	5p	+	6	7625	10023	10215	7472	35335	80	413	59	75	11	8	10	26	17	16	20	23	0	4	1	1	2	1	2	0	0
CP017039.1	5p	+	7	7751	10050	9744	7791	35336	85	364	56	72	16	6	13	28	13	14	12	19	1	0	0	0	3	0	1	0	0
CP017039.1	5p	+	8	7460	10376	9980	7520	35336	100	332	70	84	15	13	15	35	10	21	17	26	2	0	2	2	0	1	1	2	0
CP017039.1	5p	+	9	7612	10172	10046	7508	35338	81	294	89	77	17	13	17	31	11	18	11	18	1	2	2	0	1	0	0	1	0
CP017039.1	5p	+	10	7650	10150	9731	7809	35340	83	245	64	72	10	11	9	32	11	11	13	16	0	0	1	1	0	0	0	0	0
CP017039.1	5p	+	11	7300	10444	10053	7540	35337	71	264	75	80	14	8	13	33	12	11	18	25	1	1	1	2	1	1	1	0	0
CP017039.1	5p	+	12	7633	10138	10367	7200	35338	96	255	84	79	15	13	11	32	5	12	19	25	2	0	0	0	0	2	0	0	0
CP017039.1	5p	+	13	7506	10200	9929	7703	35338	92	289	71	79	9	10	11	32	14	14	14	31	2	0	1	0	2	0	0	0	0
CP017039.1	5p	+	14	7213	10578	10246	7302	35339	87	296	68	61	15	11	13	28	13	9	22	19	0	1	1	0	1	0	0	0	0
CP017039.1	5p	+	15	7557	10092	10435	7256	35340	93	309	87	91	13	7	13	26	15	13	27	22	0	0	0	1	0	0	0	0	0
CP017039.1	5p	+	16	7577	10360	9827	7574	35338	85	257	70	70	15	11	17	29	9	12	12	31	1	0	0	0	1	1	0	0	0
CP017039.1	5p	+	17	7256	10558	10098	7426	35338	85	286	84	72	11	11	14	23	13	13	16	27	1	0	2	2	1	1	0	0	0
CP017039.1	5p	+	18	7490	10118	10468	7263	35339	102	257	76	61	18	7	14	31	14	16	11	29	0	0	0	0	1	0	0	0	0
CP017039.1	5p	+	19	7414	10238	10068	7619	35339	108	235	74	62	10	12	14	30	10	11	17	19	1	0	0	1	1	0	0	0	0
CP017039.1	5p	+	20	7174	10787	10060	7317	35338	96	251	77	92	7	6	13	24	9	9	12	25	0	0	0	3	0	1	1	0	0
CP017039.1	5p	+	21	7339	10236	10467	7294	35336	129	246	75	65	16	10	9	30	13	5	10	18	1	1	0	1	2	0	1	1	0
CP017039.1	5p	+	22	7435	10334	9989	7579	35337	113	237	66	78	8	11	14	21	13	8	5	18	1	0	0	1	0	1	2	0	0
CP017039.1	5p	+	23	7186	10451	10322	7379	35338	118	256	73	65	18	4	18	25	22	11	9	28	0	0	2	1	1	0	1	0	0
CP017039.1	5p	+	24	7442	10247	10402	7243	35334	135	185	64	70	14	6	12	24	15	19	14	9	0	1	1	2	2	0	1	3	0
CP017039.1	5p	+	25	7404	10222	10123	7589	35338	138	199	53	71	16	8	13	36	12	11	15	27	0	0	1	2	1	0	1	0	0
CP017039.1	5p	+	26	7164	10566	10243	7365	35338	160	214	50	63	14	11	14	35	14	15	24	23	0	0	2	0	0	1	0	1	0
CP017039.1	5p	+	27	7429	10215	10390	7305	35339	179	219	64	65	19	5	15	27	19	9	16	23	0	0	2	0	0	0	0	1	0
CP017039.1	5p	+	28	7693	10074	9956	7614	35337	150	175	49	71	20	11	13	31	19	15	20	27	1	0	3	1	1	0	2	0	0
CP017039.1	5p	+	29	7395	10418	9992	7535	35340	187	221	63	75	16	9	20	30	11	15	16	20	1	0	0	0	0	0	0	0	0
CP017039.1	5p	+	30	7587	10011	10464	7278	35340	199	172	83	63	22	10	14	24	12	12	20	31	0	0	3	0	0	0	0	0	0
CP017039.1	5p	+	31	7618	9876	9905	7660	35059	189	194	56	64	18	8	15	29	11	21	20	23	0	0	0	0	2	0	0	2	0
CP017039.1	5p	+	32	7297	10250	9962	7277	34786	226	200	88	77	18	9	17	36	15	12	21	25	0	1	0	0	1	0	1	0	0
CP017039.1	5p	+	33	7438	9800	10082	7134	34454	225	172	78	69	13	9	16	30	8	12	11	21	0	0	2	0	1	1	1	0	0
CP017039.1	5p	+	34	7354	9723	9695	7363	34135	197	171	60	49	12	9	18	24	16	12	13	21	1	0	1	2	0	0	2	0	0
CP017039.1	5p	+	35	7130	9898	9792	6961	33781	210	191	81	71	18	11	10	31	14	8	9	15	2	0	2	1	2	2	0	0	0
CP017039.1	5p	+	36	7134	9464	9853	6939	33390	243	182	55	59	12	9	15	28	13	16	19	22	2	1	1	1	0	0	1	1	0
CP017039.1	5p	+	37	7046	9489	9419	7034	32988	259	157	66	62	12	14	7	26	14	13	15	20	5	0	0	0	0	1	0	0	0
CP017039.1	5p	+	38	6809	9559	9450	6757	32575	272	171	72	65	18	7	11	35	13	8	8	22	2	1	1	1	0	1	0	1	0
CP017039.1	5p	+	39	6916	9141	9486	6662	32205	278	174	59	62	15	3	11	30	9	11	19	26	0	1	0	3	0	0	0	0	0
CP017039.1	5p	+	40	6890	9032	9023	6827	31772	264	135	53	52	17	7	8	28	12	18	16	25	0	2	0	1	0	0	0	0	0
CP017039.1	5p	+	41	6567	9219	8973	6605	31364	221	160	54	68	19	7	14	42	17	12	15	17	0	0	0	3	1	0	1	0	0
CP017039.1	5p	+	42	6576	8814	9126	6446	30962	247	138	73	61	5	8	9	19	10	15	9	23	0	0	0	0	0	1	0	0	0
CP017039.1	5p	+	43	6567	8599	8624	6745	30535	237	124	44	56	18	11	14	25	6	14	16	19	1	0	0	0	1	1	1	0	0
CP017039.1	5p	+	44	6340	8813	8759	6171	30083	267	178	58	63	16	9	8	27	10	15	8	18	1	2	0	0	1	1	0	1	0
CP017039.1	5p	+	45	6342	8464	8662	6204	29672	249	130	46	49	9	14	10	34	13	18	10	31	0	2	2	1	1	0	0	0	0
CP017039.1	5p	+	46	6427	8136	8256	6420	29239	220	107	44	60	8	6	9	31	14	12	10	22	0	1	2	2	0	1	1	0	0
CP017039.1	5p	+	47	6093	8390	8228	6095	28806	250	151	58	59	13	5	11	21	11	17	9	18	1	1	1	2	0	1	0	0	0
CP017039.1	5p	+	48	6153	8064	8326	5800	28343	225	134	56	55	14	7	14	22	11	15	13	17	1	0	1	1	1	1	1	0	0
CP017039.1	5p	+	49	6075	7733	8063	6006	27877	231	91	48	54	9	4	4	26	4	11	9	20	0	0	1	2	0	0	0	0	0
CP017039.1	5p	+	50	5734	8136	7723	5855	27448	230	129	61	63	12	9	14	39	5	15	12	12	1	0	1	1	1	0	0	0	0
CP017039.1	5p	+	51	5833	7638	7999	5596	27066	229	125	53	53	8	9	10	31	10	9	12	17	3	0	1	3	0	0	0	0	0
CP017039.1	5p	+	52	5980	7420	7503	5753	26656	214	105	52	45	16	4	11	32	7	13	14	21	3	0	1	0	0	1	0	0	0
CP017039.1	5p	+	53	5540	7552	7523	5643	26258	203	129	50	48	8	5	10	28	11	15	8	18	0	2	1	0	1	0	0	1	0
CP017039.1	5p	+	54	5541	7345	7642	5321	25849	211	81	46	47	8	4	12	26	11	11	7	20	0	0	0	1	0	0	1	0	0
CP017039.1	5p	+	55	5547	7213	7204	5513	25477	208	95	51	39	9	11	10	23	9	12	16	17	1	1	1	1	0	0	0	2	0
CP017039.1	5p	+	56	5334	7300	7271	5148	25053	228	88	45	49	10	7	13	19	14	12	14	16	1	0	0	1	0	1	0	0	0
CP017039.1	5p	+	57	5381	6888	7237	5110	24616	219	110	59	51	14	8	11	24	13	5	17	26	1	1	2	2	0	0	0	0	0
CP017039.1	5p	+	58	5324	6842	6800	5257	24223	185	99	39	51	11	8	11	25	8	10	5	8	1	4	0	1	0	0	1	0	0
CP017039.1	5p	+	59	5022	6961	6951	4911	23845	200	93	38	55	17	10	4	20	11	8	11	19	0	3	1	1	0	1	1	0	0
CP017039.1	5p	+	60	5108	6697	6783	4892	23480	184	100	47	50	14	5	10	28	9	9	4	14	1	0	1	1	1	0	1	0	0
CP017039.1	5p	+	61	5067	6422	6480	5091	23060	179	90	52	50	7	4	12	16	6	7	7	19	0	0	0	0	1	0	0	1	0
CP017039.1	5p	+	62	4750	6573	6397	4968	22688	177	77	39	40	14	4	8	26	5	12	7	17	0	1	0	0	1	0	0	1	0
CP017039.1	5p	+	63	4844	6304	6569	4622	22339	230	69	37	47	7	6	9	17	9	8	10	18	1	0	1	0	1	0	0	0	0
CP017039.1	5p	+	64	4870	6175	6241	4684	21970	180	83	46	33	8	5	13	22	9	9	8	21	0	1	0	0	1	0	0	0	0
CP017039.1	5p	+	65	4479	6218	6289	4630	21616	183	78	31	48	11	9	9	24	10	14	9	11	0	0	0	0	1	0	0	0	0
CP017039.1	5p	+	66	4627	5924	6242	4446	21239	203	85	51	49	9	8	9	13	11	6	8	13	0	0	0	1	2	0	2	1	0
CP017039.1	5p	+	67	4703	5823	5771	4564	20861	169	73	30	31	8	5	6	16	6	10	5	15	1	1	1	0	2	0	1	0	0
CP017039.1	5p	+	68	4358	5898	5837	4407	20500	186	88	37	48	9	5	8	17	7	13	8	15	0	2	0	0	1	0	0	0	0
CP017039.1	5p	+	69	4479	5654	5842	4175	20150	188	59	33	39	15	10	8	19	9	15	9	18	0	1	1	0	2	0	0	1	0
CP017039.1	5p	+	70	4326	5529	5542	4363	19760	167	72	39	37	10	3	4	25	11	11	9	14	0	1	0	0	0	0	1	0	0
CP017039.1	5p	-	1	6557	11256	7303	10423	35539	71	2561	75	65	18	18	21	18	19	19	25	55	0	0	0	0	0	0	0	0	1
CP017039.1	5p	-	2	7581	10240	9361	8357	35539	84	1302	77	63	18	10	16	34	8	29	33	35	0	0	2	0	0	0	0	0	0
CP017039.1	5p	-	3	8132	10236	10060	7111	35539	91	651	69	80	18	17	22	22	13	11	21	22	0	0	3	1	0	0	0	0	0
CP017039.1	5p	-	4	8366	10001	9214	7958	35539	68	536	64	56	20	15	15	28	6	9	18	30	0	1	1	1	0	0	0	0	0
CP017039.1	5p	-	5	7785	10217	9895	7637	35534	85	522	96	68	23	6	27	25	9	17	18	23	1	0	2	3	1	1	1	2	0
CP017039.1	5p	-	6	7617	9957	10417	7545	35536	93	370	75	57	14	8	17	40	16	32	15	28	0	2	0	0	0	0	0	2	0
CP017039.1	5p	-	7	7689	9971	9920	7955	35535	69	356	65	63	18	13	7	28	12	17	15	18	1	0	0	4	0	1	1	2	0
CP017039.1	5p	-	8	7268	10568	9999	7700	35535	93	292	70	77	13	10	13	26	17	6	19	23	0	0	0	0	1	0	1	2	0
CP017039.1	5p	-	9	7622	10108	10161	7646	35537	78	264	69	60	14	8	11	33	15	16	19	30	1	1	0	2	0	2	0	0	0
CP017039.1	5p	-	10	7582	10207	9956	7791	35536	99	265	70	51	19	4	18	28	10	13	13	25	1	1	1	0	1	1	1	0	0
CP017039.1	5p	-	11	7330	10466	10138	7604	35538	111	274	72	74	21	8	14	26	10	16	16	24	1	0	1	1	1	0	0	0	0
CP017039.1	5p	-	12	7486	9957	10607	7489	35539	104	238	78	66	14	15	19	32	15	15	14	27	0	0	0	1	0	0	0	0	0
CP017039.1	5p	-	13	7699	10338	9787	7712	35536	77	241	61	60	20	6	14	24	17	10	11	23	0	2	0	1	1	1	0	0	0
CP017039.1	5p	-	14	7247	10519	10246	7526	35538	97	271	80	74	11	11	11	31	12	10	23	30	0	0	0	1	0	1	0	0	0
CP017039.1	5p	-	15	7553	10197	10507	7279	35536	112	265	81	55	20	13	14	24	13	13	20	23	0	4	1	0	0	1	0	2	0
CP017039.1	5p	-	16	7624	10257	9979	7676	35536	88	257	58	73	23	10	13	32	14	12	14	26	1	1	1	1	0	1	1	1	0
CP017039.1	5p	-	17	7126	10688	10312	7411	35537	96	284	85	77	17	11	16	20	12	7	20	25	0	2	0	0	1	0	0	1	0
CP017039.1	5p	-	18	7427	10124	10521	7466	35538	105	232	78	80	11	18	8	25	10	15	16	22	1	0	0	0	0	0	1	0	0
CP017039.1	5p	-	19	7518	10221	10048	7748	35535	99	235	71	58	14	14	16	28	16	19	12	22	0	0	1	0	1	2	1	0	0
CP017039.1	5p	-	20	7152	10552	10339	7494	35537	100	250	64	69	11	10	19	30	14	13	17	18	0	0	0	0	2	0	0	0	0
CP017039.1	5p	-	21	7509	10175	10517	7336	35537	115	239	85	63	15	4	18	24	15	7	14	15	1	0	1	1	1	0	1	0	0
CP017039.1	5p	-	22	7517	10362	10058	7601	35538	105	208	75	58	9	8	8	22	11	7	8	16	0	0	2	0	0	0	0	1	0
CP017039.1	5p	-	23	7182	10508	10275	7572	35537	137	249	67	59	13	10	17	28	20	10	14	27	2	0	2	3	1	0	0	1	0
CP017039.1	5p	-	24	7454	10240	10536	7309	35539	127	230	68	76	20	5	19	27	12	12	16	16	0	2	1	2	0	0	0	0	0
CP017039.1	5p	-	25	7499	10245	10082	7710	35536	133	204	65	70	10	9	13	25	14	8	8	17	0	1	1	1	1	1	1	0	0
CP017039.1	5p	-	26	7196	10542	10318	7482	35538	166	222	67	79	19	14	16	36	14	14	21	28	1	2	1	1	0	1	0	0	0
CP017039.1	5p	-	27	7469	10255	10533	7278	35535	181	212	66	76	17	6	12	36	21	12	17	23	1	0	1	0	0	3	0	0	0
CP017039.1	5p	-	28	7456	10199	10092	7789	35536	162	180	76	55	12	10	11	27	14	14	18	16	0	0	1	2	2	0	1	0	0
CP017039.1	5p	-	29	7282	10645	10211	7398	35536	194	226	58	79	19	13	10	34	14	11	18	28	2	0	2	1	1	1	0	0	0
CP017039.1	5p	-	30	7551	10203	10435	7346	35535	220	195	79	83	14	10	8	35	12	11	17	16	2	1	2	0	2	2	0	0	0
CP017039.1	5p	-	31	7565	10036	9997	7658	35256	208	168	71	70	18	9	11	33	10	12	14	25	0	1	0	1	0	1	1	1	0
CP017039.1	5p	-	32	7163	10294	10162	7369	34988	221	228	78	75	11	8	13	42	17	10	14	26	1	2	0	0	1	1	1	0	0
CP017039.1	5p	-	33	7483	9775	10187	7217	34662	243	168	85	64	11	12	11	27	10	15	15	23	0	1	1	2	0	0	2	0	0
CP017039.1	5p	-	34	7532	9688	9655	7409	34284	215	155	71	60	9	8	10	27	10	9	18	20	1	0	1	3	0	1	0	0	0
CP017039.1	5p	-	35	6829	9938	9914	7221	33902	248	180	76	79	10	10	14	26	10	13	13	25	0	0	0	2	0	2	0	1	0
CP017039.1	5p	-	36	7222	9455	9908	6974	33559	253	149	69	54	16	8	22	28	9	10	15	14	2	2	1	1	0	0	0	1	0
CP017039.1	5p	-	37	7210	9413	9273	7256	33152	223	170	62	51	16	10	14	31	13	9	13	21	0	0	0	0	3	0	0	2	0
CP017039.1	5p	-	38	6751	9595	9476	6909	32731	253	168	48	63	12	8	12	34	14	11	8	20	0	2	0	0	1	1	2	0	0
CP017039.1	5p	-	39	7008	9132	9611	6589	32340	232	147	54	62	18	10	17	34	16	12	20	19	0	1	1	0	1	0	0	0	0
CP017039.1	5p	-	40	6921	9121	9023	6862	31927	238	145	51	48	11	9	16	31	9	7	13	28	1	0	1	0	1	0	0	0	0
CP017039.1	5p	-	41	6456	9237	9115	6713	31521	229	139	76	46	16	11	17	38	8	13	14	33	1	0	0	1	0	0	0	0	0
CP017039.1	5p	-	42	6698	8795	9324	6326	31143	270	130	64	67	19	15	15	34	8	11	13	22	1	0	0	0	1	2	0	0	0
CP017039.1	5p	-	43	6701	8713	8696	6577	30687	247	134	57	58	12	4	10	25	11	16	21	14	0	0	3	0	0	3	0	0	0
CP017039.1	5p	-	44	6295	8761	8692	6492	30240	256	148	67	64	18	5	6	34	15	19	11	15	1	0	1	0	0	1	1	1	0
CP017039.1	5p	-	45	6329	8372	8862	6242	29805	259	125	61	60	15	10	12	28	9	12	16	25	0	0	2	2	0	2	0	1	0
CP017039.1	5p	-	46	6308	8394	8287	6391	29380	236	117	54	49	6	10	7	27	7	13	12	19	0	1	0	0	0	0	0	0	0
CP017039.1	5p	-	47	6049	8490	8427	5984	28950	280	132	50	67	13	8	9	25	9	7	18	15	0	0	2	2	2	0	0	0	0
CP017039.1	5p	-	48	6137	8018	8522	5835	28512	245	132	52	49	14	9	16	25	8	12	10	22	0	1	1	1	1	0	1	0	0
CP017039.1	5p	-	49	6220	7817	7944	6094	28075	211	119	45	37	15	4	11	34	11	9	9	12	0	0	0	1	0	0	0	0	0
CP017039.1	5p	-	50	5758	8096	7894	5848	27596	219	99	59	61	12	5	10	28	11	6	9	20	1	1	0	0	0	0	0	0	0
CP017039.1	5p	-	51	5843	7559	8040	5787	27229	242	123	62	57	9	4	18	29	9	11	13	21	1	0	1	1	0	0	0	0	0
CP017039.1	5p	-	52	5878	7534	7585	5810	26807	229	95	44	39	12	8	10	20	9	12	12	23	0	1	3	0	0	0	0	0	0
CP017039.1	5p	-	53	5535	7640	7598	5597	26370	210	108	50	58	11	8	9	22	10	7	5	17	0	0	0	2	0	1	1	0	0
CP017039.1	5p	-	54	5519	7348	7583	5535	25985	223	106	50	51	12	6	4	20	7	11	13	14	0	0	0	0	1	1	0	0	0
CP017039.1	5p	-	55	5568	7113	7237	5651	25569	222	92	54	42	10	5	8	21	8	10	16	14	1	1	0	0	0	0	0	1	0
CP017039.1	5p	-	56	5301	7268	7132	5475	25176	216	97	55	42	12	5	8	26	8	6	11	23	1	1	1	0	0	0	0	0	0
CP017039.1	5p	-	57	5299	6997	7311	5170	24777	220	102	41	41	16	8	16	21	14	12	4	22	0	0	0	1	0	1	0	0	0
CP017039.1	5p	-	58	5346	6806	6862	5337	24351	191	110	49	39	7	9	10	18	8	15	11	12	0	1	0	0	0	0	0	0	0
CP017039.1	5p	-	59	5039	6969	6823	5119	23950	197	98	39	42	16	6	9	19	7	11	8	18	0	0	1	1	1	1	0	0	0
CP017039.1	5p	-	60	5043	6590	6924	5007	23564	235	107	43	43	12	5	8	13	6	7	4	13	1	1	0	0	0	1	0	0	0
CP017039.1	5p	-	61	5016	6548	6501	5118	23183	185	98	41	38	14	4	11	24	10	12	5	17	1	0	2	1	1	0	1	0	0
CP017039.1	5p	-	62	4701	6558	6599	4961	22819	177	92	51	51	2	13	8	19	10	7	8	17	0	1	0	0	0	0	0	1	0
CP017039.1	5p	-	63	4752	6414	6589	4740	22495	186	95	44	40	9	4	11	18	11	15	9	16	0	0	1	0	1	1	1	0	0
CP017039.1	5p	-	64	4839	6191	6320	4807	22157	178	75	34	36	11	5	9	20	9	13	6	21	1	1	0	0	0	0	0	1	0
CP017039.1	5p	-	65	4642	6269	6299	4571	21781	199	78	48	43	7	8	10	21	6	13	10	13	0	0	0	0	1	0	0	0	0
CP017039.1	5p	-	66	4639	5999	6270	4517	21425	206	86	50	37	11	5	2	21	6	11	13	12	0	0	0	2	1	1	0	0	0
CP017039.1	5p	-	67	4657	5889	5948	4572	21066	188	70	41	34	10	6	10	27	10	12	9	21	0	0	0	0	0	1	0	1	0
CP017039.1	5p	-	68	4398	5974	5894	4429	20695	185	65	41	43	12	3	13	11	8	13	7	14	0	1	1	0	0	0	0	0	0
CP017039.1	5p	-	69	4480	5668	5965	4203	20316	166	90	38	31	6	8	8	21	9	10	13	13	2	0	0	2	0	0	0	0	0
CP017039.1	5p	-	70	4336	5557	5660	4424	19977	167	71	35	39	13	3	10	17	5	7	6	15	1	0	2	0	1	1	0	1	0
