# table produced by mapDamage version 2.2.3
# using mapped file /mnt/archgen/microbiome_calculus/library_ds_vs_ss/04-analysis/normalize_kraken/mapping/flexilinea_sp001717545/mapDamage2_ssLibs/input/PES001.B0102.SG1.5_5M.mapped_f_sp001717545_q25l30_rmdup.bam and /mnt/archgen/microbiome_calculus/library_ds_vs_ss/04-analysis/normalize_kraken/mapping/flexilinea_sp001717545/input/GCA_001717545.1_ASM171754v1_genomic.fna as reference file
# Chr: reference from sam/bam header, End: from which termini of DNA sequences, Std: strand of reads
Chr	End	Std	Pos	A	C	G	T	Total	G>A	C>T	A>G	T>C	A>C	A>T	C>G	C>A	T>G	T>A	G>C	G>T	A>-	T>-	C>-	G>-	->A	->T	->C	->G	S
CP017039.1	3p	+	1	5520	11331	6036	5838	28725	75	2891	64	80	13	20	21	21	10	9	26	27	0	0	0	0	0	0	0	0	0
CP017039.1	3p	+	2	8314	7884	7408	5119	28725	106	931	71	73	14	14	20	23	12	18	19	14	0	0	0	0	0	0	0	0	0
CP017039.1	3p	+	3	7048	7567	8245	5865	28725	92	688	80	57	20	10	20	22	20	10	21	28	0	0	0	0	0	0	0	0	0
CP017039.1	3p	+	4	6964	8281	7379	6101	28725	92	503	68	77	18	15	24	18	10	10	18	29	0	0	0	0	0	0	0	0	0
CP017039.1	3p	+	5	7214	7454	7461	6595	28724	81	385	61	56	9	12	10	17	11	4	19	19	0	0	0	0	0	0	1	0	0
CP017039.1	3p	+	6	6825	7673	7884	6338	28720	85	352	72	74	7	8	12	20	15	13	23	24	0	0	0	0	2	1	1	1	0
CP017039.1	3p	+	7	6591	8061	7390	6681	28723	90	332	60	72	18	14	13	23	13	15	24	20	0	0	0	1	0	1	0	1	0
CP017039.1	3p	+	8	6835	7624	7366	6899	28724	90	278	58	59	16	9	13	11	6	11	25	16	1	0	0	2	0	1	0	0	0
CP017039.1	3p	+	9	6799	7726	7680	6520	28725	85	281	81	64	7	8	7	15	8	8	17	30	0	0	1	1	0	0	0	0	0
CP017039.1	3p	+	10	6470	8109	7461	6681	28721	82	295	51	70	12	8	15	13	10	6	17	22	2	0	3	4	2	1	1	0	0
CP017039.1	3p	+	11	6727	7761	7356	6876	28720	64	239	68	71	11	8	10	17	16	5	19	14	1	1	1	4	2	1	2	0	0
CP017039.1	3p	+	12	6765	7691	7885	6379	28720	79	282	64	67	18	7	13	20	14	11	26	32	0	4	1	4	1	2	0	2	0
CP017039.1	3p	+	13	6515	8001	7649	6556	28721	80	281	67	70	6	7	9	19	13	8	15	23	1	1	3	5	1	2	0	1	0
CP017039.1	3p	+	14	6855	7788	7444	6635	28722	74	243	68	61	11	7	12	17	14	5	28	15	5	3	2	6	0	0	1	1	0
CP017039.1	3p	+	15	6738	7884	7828	6273	28723	81	322	65	81	11	11	17	20	14	12	12	21	4	0	0	5	0	1	1	0	0
CP017039.1	3p	+	16	6543	7959	7683	6537	28722	88	287	79	75	9	10	11	21	14	10	12	22	3	1	3	2	1	1	1	0	0
CP017039.1	3p	+	17	6807	7770	7451	6695	28723	68	284	56	53	16	13	3	14	7	4	18	7	0	1	1	6	0	1	1	0	0
CP017039.1	3p	+	18	6483	7874	8040	6328	28725	79	303	57	76	18	7	13	11	9	8	18	29	1	2	0	2	0	0	0	0	0
CP017039.1	3p	+	19	6486	8119	7507	6610	28722	93	301	69	76	15	10	7	21	7	7	10	12	0	1	0	1	1	1	0	1	0
CP017039.1	3p	+	20	6849	7813	7321	6740	28723	71	309	54	66	16	8	10	11	11	7	14	15	1	0	1	1	0	2	0	0	0
CP017039.1	3p	+	21	6534	7845	8083	6260	28722	95	336	59	60	12	3	12	16	12	8	14	20	2	2	1	3	2	1	0	0	0
CP017039.1	3p	+	22	6528	8112	7673	6408	28721	92	341	62	54	19	7	12	9	11	13	21	18	2	2	1	2	1	1	1	1	0
CP017039.1	3p	+	23	6846	7817	7440	6616	28719	57	334	53	59	8	8	12	18	7	9	12	23	1	0	2	4	1	4	1	0	0
CP017039.1	3p	+	24	6699	7820	7902	6301	28722	86	335	69	80	13	5	22	25	16	7	16	18	1	1	0	1	1	1	0	1	0
CP017039.1	3p	+	25	6416	8229	7612	6463	28720	88	359	56	73	10	9	10	15	11	8	11	21	1	1	1	1	1	3	1	0	0
CP017039.1	3p	+	26	6808	7819	7549	6547	28723	56	329	60	73	11	3	11	10	8	8	12	17	1	2	0	0	1	0	0	1	0
CP017039.1	3p	+	27	6674	7830	7895	6322	28721	84	346	73	56	16	8	13	18	16	4	20	12	1	1	0	1	0	2	0	2	0
CP017039.1	3p	+	28	6491	8086	7591	6556	28724	83	353	80	62	13	3	15	7	9	9	24	21	2	1	0	2	1	0	0	0	0
CP017039.1	3p	+	29	6865	7748	7418	6690	28721	66	371	52	61	10	10	13	15	10	6	17	18	0	0	1	0	2	1	0	0	0
CP017039.1	3p	+	30	6777	7895	7829	6220	28721	78	384	73	72	6	9	11	16	11	11	19	20	2	2	2	1	2	1	0	1	0
CP017039.1	3p	+	31	6280	8099	7269	6369	28017	97	437	70	64	12	7	14	21	10	9	21	24	1	3	0	0	1	1	0	0	0
CP017039.1	3p	+	32	6473	7482	6943	6325	27223	66	421	53	52	11	5	6	18	15	10	12	21	1	1	3	4	1	2	0	0	0
CP017039.1	3p	+	33	6090	7224	7257	5880	26451	78	415	63	60	12	7	14	11	10	4	14	19	3	0	0	2	0	1	0	0	0
CP017039.1	3p	+	34	5759	7468	6587	5866	25680	65	402	58	48	14	8	11	14	15	14	18	12	1	0	0	0	0	0	1	0	0
CP017039.1	3p	+	35	5828	6827	6414	5884	24953	70	390	52	38	9	7	8	13	7	6	8	23	2	1	0	0	1	3	1	0	0
CP017039.1	3p	+	36	5550	6799	6477	5408	24234	59	387	45	58	15	7	8	13	12	8	6	18	0	2	0	0	0	0	0	0	0
CP017039.1	3p	+	37	5218	6531	6213	5514	23476	70	374	57	42	11	11	6	10	11	8	10	18	1	1	2	1	0	1	0	0	0
CP017039.1	3p	+	38	5400	6195	5784	5399	22778	56	346	52	46	7	5	10	8	8	8	10	15	0	2	1	2	1	0	0	0	0
CP017039.1	3p	+	39	5227	6057	5956	4873	22113	67	342	51	58	8	5	10	8	9	6	12	17	1	2	1	1	0	0	1	0	0
CP017039.1	3p	+	40	4685	6126	5651	5006	21468	62	312	70	47	3	11	10	12	8	5	9	21	0	3	0	0	3	0	1	0	0
CP017039.1	3p	+	41	4788	5682	5332	5026	20828	56	292	39	49	11	4	7	9	6	6	5	17	2	1	2	0	3	0	0	0	0
CP017039.1	3p	+	42	4708	5574	5419	4482	20183	50	342	36	42	7	4	4	10	5	8	11	18	1	0	0	3	1	1	0	0	0
CP017039.1	3p	+	43	4341	5611	5003	4574	19529	57	330	47	39	9	6	3	11	7	4	17	15	2	0	0	1	2	1	0	0	0
CP017039.1	3p	+	44	4483	5056	4823	4491	18853	47	287	33	31	5	6	8	6	4	5	5	10	0	1	1	1	1	1	0	0	0
CP017039.1	3p	+	45	4253	4991	4886	4094	18224	47	319	39	54	5	3	4	8	5	2	4	8	2	0	3	0	1	2	0	0	0
CP017039.1	3p	+	46	4074	4932	4466	4139	17611	46	323	37	37	3	7	10	8	6	5	1	9	1	2	2	1	0	4	1	0	0
CP017039.1	3p	+	47	4142	4599	4264	4035	17040	44	260	37	36	6	5	6	6	7	1	5	9	6	1	1	2	1	1	2	1	0
CP017039.1	3p	+	48	3711	4433	4528	3760	16432	51	298	36	42	5	8	8	7	6	2	4	8	3	0	1	0	1	1	0	0	0
CP017039.1	3p	+	49	3687	4590	3956	3613	15846	48	291	35	36	4	1	5	6	3	3	8	8	0	3	0	1	1	0	1	0	0
CP017039.1	3p	+	50	3695	4085	3893	3631	15304	42	278	34	33	4	1	7	9	5	2	1	5	3	1	4	1	1	0	1	0	0
CP017039.1	3p	+	51	3421	4100	3923	3331	14775	45	236	36	29	6	4	2	8	6	3	6	8	1	0	1	0	1	1	1	0	0
CP017039.1	3p	+	52	3271	4041	3656	3328	14296	51	246	28	30	7	2	7	8	7	4	6	4	0	0	0	0	0	0	0	1	0
CP017039.1	3p	+	53	3330	3764	3518	3213	13825	42	199	15	33	4	2	3	3	7	5	6	13	0	1	1	0	0	1	0	1	0
CP017039.1	3p	+	54	3044	3717	3564	2992	13317	39	205	27	27	5	2	4	6	5	3	3	10	2	1	0	2	1	0	0	0	0
CP017039.1	3p	+	55	2949	3540	3272	3125	12886	40	231	25	20	2	3	2	8	2	2	5	8	2	2	0	0	0	0	0	0	0
CP017039.1	3p	+	56	3018	3322	3127	2987	12454	44	183	17	28	2	2	3	4	3	4	6	8	0	1	0	1	0	0	0	0	0
CP017039.1	3p	+	57	2713	3401	3189	2743	12046	27	206	23	22	6	5	3	1	3	5	2	7	0	2	0	2	0	0	0	0	0
CP017039.1	3p	+	58	2694	3238	3022	2703	11657	33	180	24	25	2	6	2	4	5	1	2	15	1	0	0	0	1	1	0	0	0
CP017039.1	3p	+	59	2667	3081	2844	2675	11267	27	175	21	14	2	4	1	4	3	3	1	2	0	1	2	1	0	0	0	0	0
CP017039.1	3p	+	60	2523	2932	2849	2567	10871	30	175	21	27	7	7	4	3	4	1	2	4	0	2	0	0	0	1	0	0	0
CP017039.1	3p	+	61	2390	2875	2751	2503	10519	27	162	19	29	5	3	2	7	6	4	3	6	0	0	0	1	0	0	0	0	0
CP017039.1	3p	+	62	2417	2748	2578	2404	10147	30	165	28	22	3	2	4	7	3	0	3	5	0	0	0	0	0	0	0	0	0
CP017039.1	3p	+	63	2325	2780	2522	2205	9832	26	172	29	22	8	4	1	5	4	2	8	4	0	0	0	1	0	0	0	0	0
CP017039.1	3p	+	64	2178	2646	2485	2223	9532	26	161	19	17	7	2	1	6	3	3	2	6	2	1	1	2	0	0	0	0	0
CP017039.1	3p	+	65	2218	2485	2349	2147	9199	22	150	14	15	2	2	4	5	2	3	7	6	1	0	0	0	1	0	0	0	0
CP017039.1	3p	+	66	2048	2418	2450	1976	8892	35	145	20	18	4	5	3	2	2	1	0	4	2	1	0	0	0	0	0	0	0
CP017039.1	3p	+	67	1944	2470	2186	1996	8596	22	146	22	25	1	0	2	2	2	2	3	8	1	0	1	2	0	0	0	0	0
CP017039.1	3p	+	68	1981	2284	2092	1964	8321	24	127	9	17	3	1	0	3	1	0	3	3	0	0	0	2	0	2	0	0	0
CP017039.1	3p	+	69	1905	2187	2129	1835	8056	23	120	20	19	1	3	3	1	3	2	2	2	0	2	1	1	1	0	1	0	0
CP017039.1	3p	+	70	1771	2233	2002	1775	7781	33	129	15	12	3	2	1	2	1	1	0	1	2	0	2	1	0	0	0	0	0
CP017039.1	3p	-	1	5458	11029	6092	5913	28492	77	2780	68	68	20	20	12	18	7	11	21	26	0	0	0	0	0	0	0	0	0
CP017039.1	3p	-	2	8273	7787	7359	5072	28491	89	921	70	60	16	12	16	28	16	21	12	14	0	0	0	0	0	0	1	0	0
CP017039.1	3p	-	3	6820	7142	8585	5940	28487	95	631	79	79	21	8	22	29	12	11	12	36	1	0	0	0	3	1	1	0	0
CP017039.1	3p	-	4	6814	8111	7374	6190	28489	101	515	77	68	14	9	15	24	7	12	20	11	0	0	0	0	0	2	1	0	0
CP017039.1	3p	-	5	6990	7331	7651	6515	28487	76	366	59	67	15	8	6	11	9	6	11	25	0	0	1	1	2	0	1	2	0
CP017039.1	3p	-	6	6725	7440	7979	6346	28490	88	317	78	62	16	5	16	19	7	11	27	26	3	1	0	1	2	0	0	0	0
CP017039.1	3p	-	7	6411	8023	7341	6716	28491	82	308	64	77	20	10	16	21	16	10	22	23	1	1	1	3	0	0	0	1	0
CP017039.1	3p	-	8	6792	7438	7417	6843	28490	65	283	59	62	14	10	14	15	11	3	10	20	5	3	2	4	0	2	0	0	0
CP017039.1	3p	-	9	6548	7591	7800	6551	28490	103	247	96	78	12	19	15	22	8	9	12	21	2	3	5	2	0	2	0	0	0
CP017039.1	3p	-	10	6417	7915	7450	6706	28488	80	263	74	58	14	4	11	15	14	4	15	19	3	1	0	1	1	2	1	0	0
CP017039.1	3p	-	11	6801	7590	7339	6757	28487	75	237	53	60	8	6	13	15	8	11	12	22	4	1	1	4	2	2	1	0	0
CP017039.1	3p	-	12	6571	7553	8015	6352	28491	95	253	69	64	22	13	18	15	10	6	17	26	3	1	1	7	0	1	0	0	0
CP017039.1	3p	-	13	6431	7911	7636	6510	28488	73	277	62	62	17	10	15	16	11	7	21	25	5	1	4	2	1	1	1	0	0
CP017039.1	3p	-	14	6682	7687	7504	6618	28491	66	288	70	73	12	6	11	18	5	5	25	15	3	0	1	3	0	0	0	0	0
CP017039.1	3p	-	15	6507	7621	7941	6419	28488	89	289	94	65	14	10	14	20	11	7	19	22	1	0	4	4	1	1	0	1	0
CP017039.1	3p	-	16	6237	8029	7683	6542	28491	78	307	63	70	13	4	17	14	10	4	25	24	1	0	1	5	1	0	0	0	0
CP017039.1	3p	-	17	6672	7636	7502	6681	28491	72	294	60	52	13	4	10	22	4	9	15	24	0	0	1	1	0	1	0	0	0
CP017039.1	3p	-	18	6384	7787	8024	6293	28488	87	322	88	68	18	6	12	25	14	9	23	19	3	0	1	1	1	1	1	1	0
CP017039.1	3p	-	19	6255	7853	7754	6625	28487	88	295	78	73	12	11	11	10	13	9	21	21	1	1	0	2	3	2	0	0	0
CP017039.1	3p	-	20	6816	7682	7441	6549	28488	91	304	70	56	11	8	14	14	11	9	13	16	0	1	0	0	0	3	0	1	0
CP017039.1	3p	-	21	6473	7697	8015	6305	28490	101	291	73	75	17	7	9	15	12	6	11	38	1	0	1	1	1	1	0	0	0
CP017039.1	3p	-	22	6313	7945	7606	6625	28489	87	324	69	67	15	11	20	13	10	4	10	21	0	3	0	4	0	1	0	2	0
CP017039.1	3p	-	23	6832	7454	7645	6557	28488	84	290	48	46	14	7	8	18	6	9	15	25	0	2	0	2	2	2	0	0	0
CP017039.1	3p	-	24	6466	7843	7901	6277	28487	102	357	64	73	13	9	14	14	11	7	20	24	0	2	0	0	1	2	1	1	0
CP017039.1	3p	-	25	6431	8021	7481	6554	28487	75	367	70	55	13	4	18	16	11	11	20	22	0	1	1	2	3	0	2	0	0
CP017039.1	3p	-	26	6694	7513	7624	6657	28488	88	305	75	58	12	10	14	11	12	10	15	22	2	3	0	2	2	1	0	1	0
CP017039.1	3p	-	27	6381	7671	8015	6423	28490	96	350	71	92	5	10	19	12	13	8	27	20	1	1	2	4	0	1	0	1	0
CP017039.1	3p	-	28	6405	8064	7644	6377	28490	77	350	57	65	16	15	16	20	14	12	16	16	1	0	0	0	1	1	0	0	0
CP017039.1	3p	-	29	6711	7746	7465	6568	28490	78	372	54	74	13	6	17	12	7	7	7	22	2	2	0	2	0	1	1	0	0
CP017039.1	3p	-	30	6552	7777	7732	6429	28490	96	430	80	91	11	8	13	19	12	8	23	13	2	3	1	0	2	0	0	0	0
CP017039.1	3p	-	31	6157	7773	7283	6496	27709	76	408	73	79	11	6	17	17	8	7	16	21	2	1	1	3	2	1	0	3	0
CP017039.1	3p	-	32	6322	7276	6943	6394	26935	57	386	48	57	12	9	7	17	9	5	13	18	2	1	2	2	2	3	0	2	0
CP017039.1	3p	-	33	6100	7126	7126	5790	26142	66	402	73	45	11	7	8	9	12	9	10	13	1	2	0	1	0	1	0	0	0
CP017039.1	3p	-	34	5674	7255	6573	5943	25445	64	456	62	78	3	4	14	11	7	3	11	13	1	1	0	3	0	0	0	1	0
CP017039.1	3p	-	35	5949	6497	6425	5813	24684	68	356	55	53	7	7	4	12	11	7	6	21	0	0	1	3	0	0	1	3	0
CP017039.1	3p	-	36	5452	6473	6543	5456	23924	68	370	45	64	8	5	15	19	8	6	15	11	0	0	0	4	1	3	1	1	0
CP017039.1	3p	-	37	5227	6426	6118	5412	23183	62	332	57	52	13	6	8	12	8	5	14	14	1	1	0	2	0	0	0	1	0
CP017039.1	3p	-	38	5268	6058	5880	5307	22513	57	348	44	38	8	5	6	14	6	9	11	6	3	0	0	0	0	0	0	1	0
CP017039.1	3p	-	39	5027	5950	5918	4880	21775	61	334	56	44	9	4	5	6	12	9	9	10	2	2	1	1	0	1	0	0	0
CP017039.1	3p	-	40	4745	5883	5630	4872	21130	65	329	42	51	9	4	7	16	4	6	8	10	0	0	2	1	0	0	0	0	0
CP017039.1	3p	-	41	4884	5515	5143	4919	20461	42	350	40	41	9	4	7	10	8	3	6	15	1	0	4	1	1	0	0	0	0
CP017039.1	3p	-	42	4552	5399	5380	4513	19844	51	349	37	40	13	3	6	6	2	5	13	20	5	1	2	2	0	0	0	1	0
CP017039.1	3p	-	43	4222	5412	5004	4612	19250	60	327	59	43	10	9	7	7	12	2	8	7	1	0	0	4	0	1	0	0	0
CP017039.1	3p	-	44	4452	4988	4634	4561	18635	50	309	34	41	8	2	0	7	3	3	8	12	1	0	0	1	0	1	0	0	0
CP017039.1	3p	-	45	4147	4870	4881	4091	17989	52	298	34	42	7	7	6	4	7	5	5	12	0	0	0	2	1	3	1	0	0
CP017039.1	3p	-	46	3858	4912	4558	4070	17398	50	279	43	39	8	4	8	9	6	5	10	12	2	1	1	1	0	1	0	0	0
CP017039.1	3p	-	47	3984	4554	4291	3995	16824	38	285	32	33	6	3	6	7	4	2	7	10	3	1	0	0	1	0	0	1	0
CP017039.1	3p	-	48	3845	4483	4321	3601	16250	49	246	37	38	5	3	3	6	9	3	1	15	1	0	1	0	0	0	0	0	0
CP017039.1	3p	-	49	3510	4469	3983	3744	15706	41	255	28	34	3	4	3	11	3	9	5	15	0	2	1	1	0	0	0	0	0
CP017039.1	3p	-	50	3532	4072	3921	3637	15162	41	261	32	21	5	1	4	7	2	4	7	3	1	1	1	1	0	0	0	1	0
CP017039.1	3p	-	51	3365	4027	3895	3405	14692	37	252	28	35	1	3	2	12	6	4	6	4	1	0	0	1	0	1	0	0	0
CP017039.1	3p	-	52	3196	4015	3585	3405	14201	32	233	27	25	7	4	3	5	4	3	5	8	1	0	0	1	1	0	0	0	0
CP017039.1	3p	-	53	3243	3655	3460	3354	13712	46	228	16	29	4	5	1	3	6	4	3	5	1	0	0	0	0	0	0	1	0
CP017039.1	3p	-	54	3051	3556	3626	2998	13231	32	229	21	24	6	4	3	5	8	3	4	9	1	0	0	1	0	0	0	0	0
CP017039.1	3p	-	55	2826	3645	3306	3016	12793	56	233	24	25	6	3	7	3	8	4	2	9	0	0	0	1	1	1	0	0	0
CP017039.1	3p	-	56	2935	3235	3160	3039	12369	37	192	21	27	1	3	2	7	4	2	2	5	0	2	1	0	0	0	1	0	0
CP017039.1	3p	-	57	2768	3193	3255	2742	11958	36	184	26	30	4	3	5	2	3	4	4	1	0	1	0	1	0	0	0	0	0
CP017039.1	3p	-	58	2660	3172	2980	2744	11556	40	192	27	17	3	2	4	1	3	1	6	7	1	1	0	0	0	1	0	0	0
CP017039.1	3p	-	59	2668	3010	2883	2630	11191	36	158	26	15	3	1	6	3	2	2	3	4	1	0	0	0	0	0	0	1	0
CP017039.1	3p	-	60	2504	3031	2856	2426	10817	34	151	19	23	2	3	2	3	4	1	0	9	4	0	0	0	0	0	0	0	0
CP017039.1	3p	-	61	2418	2909	2746	2411	10484	37	191	22	23	4	3	5	5	3	3	3	7	0	0	1	3	0	1	0	0	0
CP017039.1	3p	-	62	2483	2678	2603	2381	10145	27	137	22	21	4	3	3	5	1	1	0	8	3	2	1	0	0	0	0	0	0
CP017039.1	3p	-	63	2281	2619	2662	2228	9790	34	154	17	19	3	3	1	4	3	3	4	6	1	0	1	0	0	0	0	0	0
CP017039.1	3p	-	64	2198	2618	2409	2248	9473	18	146	17	22	3	4	3	3	0	3	4	3	0	0	0	0	0	0	0	0	0
CP017039.1	3p	-	65	2224	2346	2301	2268	9139	23	138	21	17	4	0	1	3	2	1	2	8	0	0	0	2	0	0	0	0	0
CP017039.1	3p	-	66	2048	2359	2371	2043	8821	35	132	26	13	0	1	1	5	2	1	2	9	0	0	0	2	1	0	0	1	0
CP017039.1	3p	-	67	1943	2368	2219	2022	8552	24	156	11	10	0	3	3	7	3	2	0	3	0	1	0	1	1	0	2	0	0
CP017039.1	3p	-	68	1909	2230	2149	1991	8279	23	132	15	11	7	2	4	3	3	1	4	3	2	0	0	0	0	1	0	1	0
CP017039.1	3p	-	69	1821	2184	2117	1859	7981	30	129	15	15	2	4	4	4	3	4	2	4	0	1	0	0	1	0	0	0	0
CP017039.1	3p	-	70	1705	2196	2039	1777	7717	20	120	12	11	2	4	3	2	6	0	0	4	0	0	0	0	0	0	0	0	0
CP017039.1	5p	+	1	5596	8706	4187	10236	28725	130	2563	55	70	14	19	11	21	6	18	23	40	0	0	0	0	0	0	0	0	1
CP017039.1	5p	+	2	6980	8987	6070	6688	28725	103	1395	64	76	13	11	8	21	11	22	19	25	2	0	0	0	0	0	0	0	0
CP017039.1	5p	+	3	6911	7873	8430	5510	28724	106	504	68	74	14	17	11	28	7	13	20	20	1	0	3	0	0	0	0	0	0
CP017039.1	5p	+	4	7306	7772	7500	6146	28724	80	470	65	59	15	4	15	10	6	18	13	22	1	2	1	0	1	0	0	0	0
CP017039.1	5p	+	5	6424	8375	7736	6185	28720	85	367	81	64	14	9	19	15	11	6	16	15	1	0	1	0	2	0	0	3	0
CP017039.1	5p	+	6	6445	7792	8126	6362	28725	82	323	62	68	14	6	19	15	12	10	13	18	2	2	0	2	0	0	0	0	0
CP017039.1	5p	+	7	6415	8153	7616	6539	28723	68	263	50	56	9	7	12	21	16	9	11	20	2	3	0	1	1	0	0	1	0
CP017039.1	5p	+	8	6192	8122	8200	6207	28721	83	277	75	69	17	10	14	15	19	6	16	28	3	2	2	2	3	1	0	0	0
CP017039.1	5p	+	9	6790	7660	7944	6328	28722	100	266	69	60	20	9	11	17	17	6	11	24	2	1	3	1	2	0	1	0	0
CP017039.1	5p	+	10	6794	7885	7475	6568	28722	66	222	62	61	8	9	10	20	10	7	23	23	0	0	0	3	1	1	1	0	0
CP017039.1	5p	+	11	6255	8396	7769	6302	28722	95	275	74	75	10	8	19	15	12	8	18	22	0	3	1	2	1	1	1	0	0
CP017039.1	5p	+	12	6626	7879	8047	6170	28722	83	238	73	78	16	7	14	21	14	9	15	20	0	2	2	1	1	1	0	1	0
CP017039.1	5p	+	13	6751	7796	7493	6682	28722	79	244	63	67	12	6	6	11	12	12	13	17	1	0	1	5	2	1	0	0	0
CP017039.1	5p	+	14	6460	8150	7863	6250	28723	81	272	70	84	12	13	13	19	12	11	13	21	1	0	1	3	0	2	0	0	0
CP017039.1	5p	+	15	6775	7768	7942	6236	28721	85	268	85	63	14	7	18	10	15	9	24	14	4	2	1	1	0	4	0	0	0
CP017039.1	5p	+	16	6774	7934	7404	6611	28723	68	259	64	69	21	7	11	22	15	9	8	15	1	3	0	5	0	1	0	1	0
CP017039.1	5p	+	17	6427	8167	7850	6279	28723	99	311	72	66	14	8	14	24	16	9	21	25	4	1	2	2	1	1	0	0	0
CP017039.1	5p	+	18	6704	8002	7864	6154	28724	73	288	64	50	19	7	11	20	11	6	19	12	2	2	1	5	0	0	0	1	0
CP017039.1	5p	+	19	6759	7833	7337	6790	28719	76	280	55	71	6	4	6	15	8	2	15	15	1	5	0	1	3	1	0	2	0
CP017039.1	5p	+	20	6243	8309	7711	6460	28723	92	320	64	57	8	9	11	16	12	7	16	15	3	1	2	2	1	0	1	0	0
CP017039.1	5p	+	21	6808	7692	7887	6336	28723	94	268	77	78	14	8	14	27	13	8	19	26	3	1	1	2	0	1	1	0	0
CP017039.1	5p	+	22	6878	7613	7597	6635	28723	63	312	56	52	10	8	16	10	7	10	12	13	2	1	0	1	1	1	0	0	0
CP017039.1	5p	+	23	6600	8248	7596	6280	28724	79	283	75	78	11	9	11	13	12	10	17	22	2	3	3	2	0	1	0	0	0
CP017039.1	5p	+	24	6858	7735	7800	6330	28723	101	311	63	75	10	6	14	12	17	8	12	12	0	1	3	0	1	0	0	1	0
CP017039.1	5p	+	25	6787	7777	7373	6785	28722	84	273	52	58	7	11	10	8	11	8	17	21	1	3	1	5	1	1	1	0	0
CP017039.1	5p	+	26	6448	8096	7709	6469	28722	95	324	58	60	13	8	15	9	15	6	17	20	1	0	2	0	1	0	2	0	0
CP017039.1	5p	+	27	6891	7573	7931	6326	28721	82	304	66	79	9	8	5	19	12	6	28	19	0	3	2	2	1	2	0	1	0
CP017039.1	5p	+	28	6863	7913	7255	6692	28723	70	322	65	68	10	8	16	17	9	10	15	30	0	1	0	1	0	0	2	0	0
CP017039.1	5p	+	29	6514	8133	7792	6282	28721	51	390	82	81	14	10	10	17	21	7	23	16	2	0	0	1	3	1	0	0	0
CP017039.1	5p	+	30	6865	7728	7899	6231	28723	75	355	62	73	12	8	9	20	9	10	19	22	1	0	1	3	1	1	0	0	0
CP017039.1	5p	+	31	6649	7587	7234	6547	28017	74	395	58	55	7	7	11	6	10	12	16	16	0	1	3	1	0	2	0	0	0
CP017039.1	5p	+	32	6189	7757	7156	6123	27225	78	430	61	57	13	5	7	24	10	4	16	21	4	0	0	4	0	1	0	0	0
CP017039.1	5p	+	33	6372	7182	7114	5782	26450	86	395	66	58	15	10	11	13	13	8	17	14	3	0	1	5	0	1	1	0	0
CP017039.1	5p	+	34	6023	7039	6609	6009	25680	64	399	41	49	6	8	7	8	7	8	12	21	0	2	0	0	0	0	1	0	0
CP017039.1	5p	+	35	5704	7172	6676	5405	24957	78	394	61	52	8	4	14	14	8	9	13	13	0	1	3	1	0	1	0	0	0
CP017039.1	5p	+	36	5761	6577	6540	5350	24228	73	409	59	62	11	7	11	14	8	4	11	19	0	1	0	1	2	4	0	0	0
CP017039.1	5p	+	37	5491	6494	5967	5521	23473	55	393	54	45	8	4	8	11	8	5	20	19	0	0	0	1	0	1	3	0	0
CP017039.1	5p	+	38	5043	6594	5995	5144	22776	66	355	54	50	9	7	9	20	6	3	11	16	0	0	0	0	0	3	0	0	0
CP017039.1	5p	+	39	5221	6137	5927	4828	22113	53	352	37	67	9	6	6	7	4	9	8	21	2	0	0	0	0	1	0	0	0
CP017039.1	5p	+	40	5089	5881	5430	5067	21467	47	325	34	47	8	5	6	9	10	8	8	14	2	2	0	1	2	2	1	0	0
CP017039.1	5p	+	41	4772	5931	5499	4628	20830	54	337	49	49	11	9	12	9	8	11	9	10	1	3	0	1	1	0	0	0	0
CP017039.1	5p	+	42	4802	5466	5418	4494	20180	58	352	44	53	5	6	8	7	6	5	7	14	2	0	2	0	1	2	1	0	0
CP017039.1	5p	+	43	4636	5334	4963	4595	19528	65	342	28	40	5	8	5	7	9	4	7	8	0	0	1	3	1	1	1	1	0
CP017039.1	5p	+	44	4316	5295	5071	4172	18854	39	331	45	42	12	4	15	9	3	4	12	13	2	1	1	1	1	0	0	0	0
CP017039.1	5p	+	45	4409	4958	4782	4077	18226	41	292	39	36	9	4	4	7	9	6	4	7	2	0	1	1	0	1	0	0	0
CP017039.1	5p	+	46	4169	4735	4570	4141	17615	49	294	32	31	8	4	2	6	7	3	10	12	0	2	0	1	0	1	0	0	0
CP017039.1	5p	+	47	3762	5006	4424	3852	17044	47	339	34	35	5	9	10	13	6	5	7	12	1	1	0	0	0	0	0	1	0
CP017039.1	5p	+	48	3936	4438	4395	3665	16434	49	269	34	30	8	5	4	7	5	1	7	10	2	0	1	2	0	0	0	0	0
CP017039.1	5p	+	49	3779	4249	3964	3855	15847	36	277	33	24	3	4	5	6	3	4	6	7	0	0	0	1	1	0	0	0	0
CP017039.1	5p	+	50	3517	4276	4100	3411	15304	48	287	26	39	5	4	6	3	6	2	7	10	3	0	0	1	2	0	0	0	0
CP017039.1	5p	+	51	3512	4047	3963	3255	14777	44	251	42	32	5	5	3	9	5	8	8	7	0	0	2	0	0	1	0	0	0
CP017039.1	5p	+	52	3468	3872	3563	3393	14296	35	260	23	27	5	5	6	3	3	0	5	8	0	1	0	1	0	0	1	0	0
CP017039.1	5p	+	53	3105	4002	3586	3133	13826	42	246	30	36	4	3	3	5	4	3	8	10	0	0	1	1	0	2	0	0	0
CP017039.1	5p	+	54	3188	3638	3553	2938	13317	40	230	21	25	3	5	8	8	9	3	6	9	2	1	0	2	0	1	0	0	0
CP017039.1	5p	+	55	3040	3466	3324	3056	12886	45	216	20	24	1	1	4	8	4	2	2	10	0	0	1	1	0	1	0	0	0
CP017039.1	5p	+	56	2801	3530	3279	2843	12453	35	222	19	25	2	4	6	5	5	2	8	7	0	0	2	0	0	0	0	1	0
CP017039.1	5p	+	57	2906	3175	3234	2729	12044	43	182	26	28	4	2	2	7	4	5	1	8	0	0	1	1	1	1	0	0	0
CP017039.1	5p	+	58	2832	3216	2808	2801	11657	22	213	22	24	4	1	3	4	0	4	5	6	0	0	0	1	1	0	1	0	0
CP017039.1	5p	+	59	2482	3213	2990	2581	11266	42	200	15	31	8	1	4	6	0	6	5	11	0	1	0	1	0	1	0	0	0
CP017039.1	5p	+	60	2542	2953	2905	2471	10871	24	176	25	16	6	0	4	4	6	2	1	1	0	0	0	1	1	0	0	1	0
CP017039.1	5p	+	61	2592	2808	2667	2451	10518	40	186	16	15	4	3	4	3	0	0	2	7	1	0	1	0	0	1	0	0	0
CP017039.1	5p	+	62	2352	2866	2599	2329	10146	29	157	21	20	5	3	3	6	4	2	3	5	0	0	0	0	0	0	0	1	0
CP017039.1	5p	+	63	2410	2635	2534	2251	9830	31	150	17	20	4	3	1	6	5	3	7	2	1	0	0	1	0	0	2	0	0
CP017039.1	5p	+	64	2277	2603	2383	2269	9532	29	166	20	16	3	3	1	5	0	3	1	4	2	0	0	0	0	0	0	0	0
CP017039.1	5p	+	65	2070	2636	2368	2126	9200	26	167	18	16	4	4	1	5	1	1	3	5	0	0	0	0	0	0	0	0	0
CP017039.1	5p	+	66	2063	2446	2360	2022	8891	27	158	17	19	1	5	2	4	1	1	0	9	1	1	0	0	0	1	0	0	0
CP017039.1	5p	+	67	2129	2299	2147	2021	8596	27	154	22	18	4	2	3	3	2	2	3	6	0	2	0	1	0	0	0	0	0
CP017039.1	5p	+	68	1906	2333	2126	1958	8323	28	148	14	15	4	3	1	10	1	1	3	5	0	2	0	0	0	0	0	0	0
CP017039.1	5p	+	69	1936	2204	2147	1771	8058	21	133	19	12	3	2	3	3	3	2	4	3	0	0	0	0	0	0	0	0	0
CP017039.1	5p	+	70	1901	2065	1931	1884	7781	29	123	8	18	0	0	6	4	3	2	0	5	0	0	0	0	0	0	0	0	0
CP017039.1	5p	-	1	5404	8448	4166	10474	28492	120	2534	45	64	7	23	16	27	8	26	14	38	0	0	0	0	0	0	0	0	2
CP017039.1	5p	-	2	6995	8754	6054	6688	28491	106	1365	57	68	19	13	8	22	19	11	15	18	1	0	0	1	0	0	0	1	1
CP017039.1	5p	-	3	6795	7736	8406	5555	28492	112	521	73	80	14	8	24	15	14	12	16	18	1	0	2	1	0	0	0	0	0
CP017039.1	5p	-	4	7211	7679	7485	6116	28491	94	464	59	68	16	10	15	12	8	10	9	9	0	1	2	1	1	0	0	0	0
CP017039.1	5p	-	5	6353	8338	7722	6076	28489	89	398	67	81	6	8	15	23	17	8	22	19	0	0	2	2	0	0	0	3	0
CP017039.1	5p	-	6	6430	7460	8234	6366	28490	99	301	78	63	18	11	16	22	14	9	30	21	1	0	1	0	0	0	0	0	0
CP017039.1	5p	-	7	6527	7982	7548	6435	28492	68	267	69	74	8	11	9	16	8	8	17	21	3	1	2	1	0	0	0	0	0
CP017039.1	5p	-	8	6288	7981	8113	6108	28490	93	275	67	68	14	14	15	18	16	3	12	30	0	0	0	0	0	1	1	0	0
CP017039.1	5p	-	9	6853	7531	7848	6255	28487	89	260	65	62	10	5	13	17	11	11	20	32	0	0	0	2	0	2	2	1	0
CP017039.1	5p	-	10	6517	7710	7513	6749	28489	72	241	58	54	5	11	13	14	9	9	11	15	1	1	0	3	2	0	0	1	0
CP017039.1	5p	-	11	6142	8191	7888	6269	28490	89	257	71	83	18	8	15	11	8	7	13	22	1	1	0	2	0	1	0	1	0
CP017039.1	5p	-	12	6486	7625	8143	6236	28490	76	232	78	50	10	3	11	15	11	7	16	33	1	4	1	4	0	1	0	1	0
CP017039.1	5p	-	13	6620	7670	7616	6583	28489	70	244	73	52	11	8	10	21	9	8	17	15	1	1	0	2	0	1	0	2	0
CP017039.1	5p	-	14	6423	7859	7778	6430	28490	78	276	80	76	14	4	15	21	18	6	16	23	3	1	1	0	0	2	0	0	0
CP017039.1	5p	-	15	6662	7695	7808	6326	28491	68	288	84	59	18	6	23	10	8	6	13	18	4	2	1	1	0	0	0	1	0
CP017039.1	5p	-	16	6674	7609	7564	6641	28488	67	293	66	67	16	7	13	13	6	7	17	23	2	1	2	0	0	2	1	1	0
CP017039.1	5p	-	17	6384	8068	7760	6279	28491	98	303	65	76	14	11	12	14	13	7	18	26	1	0	0	3	0	0	0	1	0
CP017039.1	5p	-	18	6493	7596	8068	6333	28490	85	294	68	67	13	9	10	13	11	3	15	18	1	0	0	1	0	1	1	0	0
CP017039.1	5p	-	19	6682	7770	7330	6705	28487	75	279	57	61	6	8	5	11	6	11	15	23	1	2	2	2	1	2	1	1	0
CP017039.1	5p	-	20	6255	7944	7870	6417	28486	88	300	54	85	10	5	20	24	12	8	26	24	0	3	1	5	0	3	0	3	0
CP017039.1	5p	-	21	6625	7564	7951	6350	28490	90	304	58	66	11	5	21	9	15	3	25	22	1	0	2	4	0	2	0	0	0
CP017039.1	5p	-	22	6669	7589	7376	6853	28487	79	292	65	56	16	8	12	14	7	9	11	22	2	2	1	2	1	2	2	0	0
CP017039.1	5p	-	23	6229	7949	7799	6509	28486	101	327	76	51	17	7	14	14	12	4	11	18	4	1	2	0	2	1	2	1	0
CP017039.1	5p	-	24	6596	7716	7819	6360	28491	83	307	78	77	18	6	16	18	14	5	14	15	0	1	1	2	1	0	0	0	0
CP017039.1	5p	-	25	6582	7784	7384	6742	28492	88	299	64	66	9	8	6	11	13	7	17	16	2	0	2	1	0	0	0	0	0
CP017039.1	5p	-	26	6258	7932	7844	6454	28488	77	303	77	80	15	9	12	16	10	5	25	22	4	3	0	3	2	0	0	2	0
CP017039.1	5p	-	27	6754	7564	7798	6374	28490	82	309	66	68	10	9	16	21	11	7	18	25	2	1	0	0	1	1	0	0	0
CP017039.1	5p	-	28	6717	7672	7272	6827	28488	77	318	70	60	11	9	11	10	10	9	13	21	0	0	1	6	1	3	0	0	0
CP017039.1	5p	-	29	6440	7939	7831	6276	28486	91	321	80	69	13	9	15	13	11	6	17	31	4	1	1	2	2	3	0	1	0
CP017039.1	5p	-	30	6822	7675	7794	6200	28491	88	399	74	56	17	4	22	26	13	7	20	24	2	0	0	4	0	0	0	1	0
CP017039.1	5p	-	31	6543	7498	7170	6501	27712	69	404	52	64	7	8	12	18	5	11	20	22	3	0	0	4	0	3	0	0	0
CP017039.1	5p	-	32	6083	7644	7328	5883	26938	92	451	66	70	9	6	14	10	5	9	16	15	3	1	0	0	1	2	1	0	0
CP017039.1	5p	-	33	6235	6907	7170	5827	26139	69	352	63	64	18	7	17	15	11	10	6	17	4	0	1	1	1	2	0	1	0
CP017039.1	5p	-	34	6096	6856	6511	5980	25443	57	356	52	42	13	5	8	12	9	7	13	13	0	2	0	1	2	1	0	0	0
CP017039.1	5p	-	35	5541	6900	6571	5674	24686	55	388	76	51	19	4	11	12	12	8	5	19	1	0	3	1	1	0	0	1	0
CP017039.1	5p	-	36	5612	6556	6524	5236	23928	71	377	51	55	11	6	9	17	6	6	10	16	2	1	1	4	1	1	0	0	0
CP017039.1	5p	-	37	5410	6222	5975	5575	23182	56	382	51	58	10	10	6	12	6	4	9	21	0	1	2	1	1	0	1	0	0
CP017039.1	5p	-	38	5095	6434	5920	5063	22512	67	367	42	51	11	7	7	14	7	8	8	21	2	2	1	1	1	0	0	1	0
CP017039.1	5p	-	39	5216	5773	5844	4941	21774	56	310	65	58	8	8	11	11	7	8	8	10	0	1	2	3	0	1	0	1	0
CP017039.1	5p	-	40	4997	5686	5444	5002	21129	67	338	41	48	16	7	7	7	5	6	5	13	2	0	1	3	1	0	0	0	0
CP017039.1	5p	-	41	4626	5808	5424	4601	20459	62	315	43	46	7	4	5	15	6	5	8	16	1	2	0	3	1	0	2	0	0
CP017039.1	5p	-	42	4815	5130	5393	4504	19842	55	283	40	40	5	1	6	16	9	9	11	17	1	0	1	1	1	1	0	1	0
CP017039.1	5p	-	43	4580	5144	4883	4644	19251	54	298	44	31	6	9	5	6	2	8	7	8	4	0	0	2	0	0	0	0	0
CP017039.1	5p	-	44	4251	5275	4909	4198	18633	48	312	54	45	3	3	3	11	7	4	6	11	1	0	0	1	2	1	0	0	0
CP017039.1	5p	-	45	4220	4917	4765	4092	17994	50	305	49	42	8	4	5	7	9	3	12	8	1	2	0	1	0	0	0	0	0
CP017039.1	5p	-	46	4104	4651	4476	4168	17399	47	260	38	32	6	5	3	8	7	2	5	6	2	0	0	1	0	0	0	0	0
CP017039.1	5p	-	47	3829	4680	4515	3801	16825	41	291	30	42	4	4	3	6	6	6	4	8	2	1	1	1	1	0	0	0	0
CP017039.1	5p	-	48	3805	4392	4390	3662	16249	44	248	41	34	5	5	11	8	4	3	5	6	2	1	1	1	0	0	0	1	0
CP017039.1	5p	-	49	3716	4175	4016	3797	15704	41	254	29	28	4	5	1	8	9	3	5	8	1	0	1	0	0	1	1	0	0
CP017039.1	5p	-	50	3395	4337	3985	3446	15163	35	287	30	36	7	4	7	7	7	5	3	7	0	0	0	1	0	0	0	0	0
CP017039.1	5p	-	51	3450	3905	4068	3270	14693	45	246	36	24	4	4	4	6	2	3	2	9	0	1	0	1	0	0	0	0	0
CP017039.1	5p	-	52	3414	3808	3711	3267	14200	47	233	29	24	8	4	4	6	6	1	7	12	2	1	0	2	0	1	0	1	0
CP017039.1	5p	-	53	3115	3858	3597	3141	13711	49	234	34	15	5	3	4	7	5	3	3	7	0	1	0	4	2	0	0	0	0
CP017039.1	5p	-	54	3203	3535	3531	2960	13229	36	210	33	18	9	7	4	3	3	4	5	5	0	1	1	1	0	1	0	1	0
CP017039.1	5p	-	55	3089	3494	3297	2911	12791	37	201	19	29	5	3	2	9	2	2	4	9	0	1	1	1	3	0	1	0	0
CP017039.1	5p	-	56	2773	3411	3374	2812	12370	46	212	20	22	6	4	2	5	4	4	10	7	0	0	1	5	1	0	0	0	0
CP017039.1	5p	-	57	2810	3237	3195	2714	11956	35	212	20	23	6	2	6	5	3	4	5	2	1	0	1	0	1	1	0	0	0
CP017039.1	5p	-	58	2735	3092	2918	2811	11556	32	187	23	29	4	4	2	3	1	2	2	0	0	1	0	0	0	1	0	0	0
CP017039.1	5p	-	59	2513	3120	2948	2610	11191	27	214	21	34	7	3	4	5	2	4	3	5	2	0	0	0	0	0	0	1	0
CP017039.1	5p	-	60	2573	2902	2831	2510	10816	41	189	23	25	3	5	1	7	3	2	5	6	0	0	0	1	1	0	0	0	0
CP017039.1	5p	-	61	2411	2914	2660	2499	10484	35	159	20	14	3	2	2	6	2	1	8	4	1	0	1	0	1	0	0	0	0
CP017039.1	5p	-	62	2242	2849	2700	2353	10144	33	183	21	26	4	3	3	4	5	4	5	6	0	0	1	0	0	0	1	0	0
CP017039.1	5p	-	63	2353	2735	2570	2131	9789	31	187	24	16	2	2	3	3	5	2	3	4	0	2	1	0	0	1	0	0	0
CP017039.1	5p	-	64	2236	2560	2395	2282	9473	25	157	13	15	6	3	3	3	3	3	1	6	1	0	0	0	0	0	0	0	0
CP017039.1	5p	-	65	2047	2535	2408	2149	9139	32	161	11	15	3	0	5	2	1	2	0	5	1	1	0	0	0	0	0	0	0
CP017039.1	5p	-	66	2007	2413	2369	2033	8822	28	146	19	23	4	2	7	6	1	2	1	2	1	0	0	1	0	1	0	0	0
CP017039.1	5p	-	67	1973	2277	2202	2101	8553	9	134	14	17	3	2	2	5	3	2	1	4	1	1	0	0	1	1	0	0	0
CP017039.1	5p	-	68	1846	2341	2180	1914	8281	42	143	14	12	4	5	0	6	2	3	6	3	0	0	0	0	0	0	0	0	0
CP017039.1	5p	-	69	1909	2170	2099	1803	7981	17	128	15	17	2	2	3	8	0	6	0	3	0	0	0	0	0	1	0	0	0
CP017039.1	5p	-	70	1764	2144	1958	1851	7717	19	114	11	15	5	3	2	3	3	1	2	5	0	0	0	0	0	0	0	0	0
