# table produced by mapDamage version 2.2.3
# using mapped file /mnt/archgen/microbiome_calculus/library_ds_vs_ss/04-analysis/normalize_kraken/mapping/lautropia_mirabilis/mapDamage2_ssLibs/input/BAN001.A0102.SG1.4_5M.mapped_l_mirabilis_q25l30_rmdup.bam and /mnt/archgen/microbiome_calculus/library_ds_vs_ss/04-analysis/normalize_kraken/mapping/lautropia_mirabilis/input/GCF_900637555.1_51726_E01_genomic.fna as reference file
# Chr: reference from sam/bam header, End: from which termini of DNA sequences, Std: strand of reads
Chr	End	Std	Pos	A	C	G	T	Total	G>A	C>T	A>G	T>C	A>C	A>T	C>G	C>A	T>G	T>A	G>C	G>T	A>-	T>-	C>-	G>-	->A	->T	->C	->G	S
NZ_LR134378.1	3p	+	1	20	41	32	23	116	1	3	0	2	0	0	3	0	0	0	1	1	0	0	0	0	0	0	0	0	0
NZ_LR134378.1	3p	+	2	23	42	39	12	116	1	1	1	1	0	0	0	0	0	0	3	0	0	0	0	0	0	0	0	0	0
NZ_LR134378.1	3p	+	3	25	31	43	17	116	2	0	2	2	2	0	0	0	0	0	1	1	0	0	0	0	0	0	0	0	0
NZ_LR134378.1	3p	+	4	30	34	31	21	116	0	2	1	3	0	0	3	0	0	0	1	0	0	0	0	0	0	0	0	0	0
NZ_LR134378.1	3p	+	5	22	45	34	15	116	0	2	0	3	0	0	0	2	0	0	2	0	0	0	0	0	0	0	0	0	0
NZ_LR134378.1	3p	+	6	23	42	36	15	116	0	0	0	0	1	0	0	1	1	0	2	2	0	0	0	0	0	0	0	0	0
NZ_LR134378.1	3p	+	7	29	35	31	21	116	0	0	1	2	0	1	1	0	1	0	0	0	0	0	0	0	0	0	0	0	0
NZ_LR134378.1	3p	+	8	21	42	34	19	116	1	2	3	2	0	0	0	0	0	0	1	0	0	0	0	0	0	0	0	0	0
NZ_LR134378.1	3p	+	9	33	32	34	17	116	0	3	0	2	0	0	0	0	0	1	1	1	1	0	0	0	0	0	0	0	0
NZ_LR134378.1	3p	+	10	26	34	31	25	116	2	0	0	1	1	1	1	0	0	0	0	0	0	0	0	0	0	0	0	0	0
NZ_LR134378.1	3p	+	11	22	49	29	16	116	1	0	0	1	0	0	2	3	1	0	0	1	0	0	0	0	0	0	0	0	0
NZ_LR134378.1	3p	+	12	20	36	33	27	116	0	2	0	0	0	0	1	0	0	0	4	0	0	0	0	0	0	0	0	0	0
NZ_LR134378.1	3p	+	13	19	36	29	32	116	1	0	0	1	0	0	2	0	0	0	0	2	0	1	0	0	0	0	0	0	0
NZ_LR134378.1	3p	+	14	17	46	35	18	116	1	3	0	0	0	2	0	1	0	0	2	2	0	0	0	0	0	0	0	0	0
NZ_LR134378.1	3p	+	15	23	26	35	31	115	0	0	1	0	0	0	0	0	1	0	1	0	0	0	0	0	0	0	1	0	0
NZ_LR134378.1	3p	+	16	23	32	27	34	116	1	0	1	3	0	0	1	0	0	0	1	0	0	0	0	0	0	0	0	0	0
NZ_LR134378.1	3p	+	17	19	39	34	24	116	1	0	1	1	0	0	1	0	1	0	0	1	0	0	0	0	0	0	0	0	0
NZ_LR134378.1	3p	+	18	26	26	44	20	116	1	1	0	0	0	3	1	0	0	0	4	0	0	0	0	0	0	0	0	0	0
NZ_LR134378.1	3p	+	19	21	45	30	20	116	1	2	0	0	0	0	3	0	0	0	1	2	0	0	0	0	0	0	0	0	0
NZ_LR134378.1	3p	+	20	27	38	29	22	116	1	3	1	1	0	0	3	0	2	0	2	0	0	0	0	0	0	0	0	0	0
NZ_LR134378.1	3p	+	21	22	37	28	29	116	1	1	0	0	0	0	4	0	0	0	1	0	0	0	1	0	0	0	0	0	0
NZ_LR134378.1	3p	+	22	31	38	27	20	116	0	2	0	0	0	0	0	0	0	0	1	0	0	0	0	0	0	0	0	0	0
NZ_LR134378.1	3p	+	23	18	46	35	17	116	0	1	1	0	0	0	1	0	1	0	0	0	0	0	0	0	0	0	0	0	0
NZ_LR134378.1	3p	+	24	25	39	37	15	116	1	3	1	1	0	0	1	1	0	0	1	0	0	0	0	0	0	0	0	0	0
NZ_LR134378.1	3p	+	25	10	43	40	23	116	1	1	0	1	0	0	2	0	0	0	2	1	0	0	0	0	0	0	0	0	0
NZ_LR134378.1	3p	+	26	16	43	35	22	116	1	1	0	1	0	0	0	0	0	1	1	0	0	0	0	0	0	0	0	0	0
NZ_LR134378.1	3p	+	27	23	36	30	26	115	1	1	0	2	0	1	0	0	0	0	1	2	0	1	0	0	0	1	0	0	0
NZ_LR134378.1	3p	+	28	26	37	31	22	116	1	0	1	1	1	2	1	0	0	0	0	0	0	0	0	0	0	0	0	0	0
NZ_LR134378.1	3p	+	29	17	37	47	15	116	2	3	0	0	0	0	3	0	0	0	1	0	0	0	0	0	0	0	0	0	0
NZ_LR134378.1	3p	+	30	20	29	43	23	115	2	0	0	1	0	0	0	0	0	0	1	1	0	0	0	0	0	0	1	0	0
NZ_LR134378.1	3p	+	31	19	37	19	12	87	0	2	0	1	0	0	3	0	0	0	2	0	0	0	0	0	0	0	0	0	0
NZ_LR134378.1	3p	+	32	11	37	22	9	79	0	1	1	0	0	0	4	0	0	0	0	0	0	0	0	0	0	0	0	0	0
NZ_LR134378.1	3p	+	33	11	19	25	9	64	1	1	1	1	0	0	0	1	0	0	1	1	0	0	1	0	0	0	0	0	0
NZ_LR134378.1	3p	+	34	8	17	21	7	53	1	0	0	1	0	0	1	0	0	0	1	0	0	0	0	0	0	0	0	0	0
NZ_LR134378.1	3p	+	35	8	13	12	12	45	0	0	0	0	0	0	0	0	0	0	1	0	0	0	0	0	0	0	0	0	0
NZ_LR134378.1	3p	+	36	5	13	13	5	36	0	2	0	0	0	0	0	0	0	0	1	0	0	0	0	0	0	0	0	0	0
NZ_LR134378.1	3p	+	37	7	13	8	1	29	0	1	0	0	0	0	0	0	0	0	1	0	0	0	0	0	0	0	0	0	0
NZ_LR134378.1	3p	+	38	6	9	7	4	26	0	0	1	0	0	0	0	0	0	0	1	0	0	0	0	0	0	0	0	0	0
NZ_LR134378.1	3p	+	39	1	6	10	5	22	0	0	1	0	0	0	1	0	0	0	1	0	0	0	0	0	0	0	0	0	0
NZ_LR134378.1	3p	+	40	4	4	6	5	19	0	0	0	0	0	0	0	0	0	0	1	0	0	0	0	0	0	0	0	0	0
NZ_LR134378.1	3p	+	41	3	8	6	0	17	0	2	0	0	0	0	0	0	0	0	0	0	0	0	0	0	0	0	0	0	0
NZ_LR134378.1	3p	+	42	1	5	6	4	16	0	1	0	0	0	0	0	0	0	0	0	0	0	0	0	0	0	0	0	0	0
NZ_LR134378.1	3p	+	43	1	5	4	4	14	0	0	0	0	0	0	1	0	0	0	1	0	0	0	0	0	0	0	0	0	0
NZ_LR134378.1	3p	+	44	2	5	4	1	12	0	0	0	0	0	0	0	0	0	0	0	0	0	0	0	0	0	0	0	0	0
NZ_LR134378.1	3p	+	45	4	4	3	1	12	0	0	0	0	0	0	0	0	0	0	0	0	0	0	0	0	0	0	0	0	0
NZ_LR134378.1	3p	+	46	1	4	0	1	6	0	0	0	0	0	0	0	0	0	0	0	0	0	0	0	0	0	0	0	0	0
NZ_LR134378.1	3p	+	47	3	1	0	1	5	0	0	0	0	0	0	0	0	0	0	0	0	0	0	0	0	0	0	0	0	0
NZ_LR134378.1	3p	+	48	1	0	1	1	3	0	0	0	0	0	0	0	0	0	0	0	0	0	0	0	0	0	0	0	0	0
NZ_LR134378.1	3p	+	49	0	0	1	1	2	0	0	0	0	0	0	0	0	0	0	0	0	0	0	0	0	0	0	0	0	0
NZ_LR134378.1	3p	+	50	0	0	1	1	2	0	0	0	0	0	0	0	0	1	0	0	0	0	0	0	0	0	0	0	0	0
NZ_LR134378.1	3p	+	51	0	0	0	1	1	0	0	0	0	0	0	0	0	0	0	0	0	0	0	0	0	0	0	0	0	0
NZ_LR134378.1	3p	+	52	1	0	0	0	1	0	0	0	0	0	0	0	0	0	0	0	0	0	0	0	0	0	0	0	0	0
NZ_LR134378.1	3p	+	53	0	0	1	0	1	0	0	0	0	0	0	0	0	0	0	0	0	0	0	0	0	0	0	0	0	0
NZ_LR134378.1	3p	+	54	0	0	0	1	1	0	0	0	0	0	0	0	0	0	0	0	0	0	0	0	0	0	0	0	0	0
NZ_LR134378.1	3p	+	55	0	0	1	0	1	0	0	0	0	0	0	0	0	0	0	0	0	0	0	0	0	0	0	0	0	0
NZ_LR134378.1	3p	+	56	0	1	0	0	1	0	0	0	0	0	0	0	0	0	0	0	0	0	0	0	0	0	0	0	0	0
NZ_LR134378.1	3p	+	57	0	1	0	0	1	0	0	0	0	0	0	0	0	0	0	0	0	0	0	0	0	0	0	0	0	0
NZ_LR134378.1	3p	+	58	0	1	0	0	1	0	0	0	0	0	0	0	0	0	0	0	0	0	0	0	0	0	0	0	0	0
NZ_LR134378.1	3p	+	59	1	0	0	0	1	0	0	0	0	0	0	0	0	0	0	0	0	0	0	0	0	0	0	0	0	0
NZ_LR134378.1	3p	+	60	1	0	0	0	1	0	0	0	0	0	0	0	0	0	0	0	0	0	0	0	0	0	0	0	0	0
NZ_LR134378.1	3p	+	61	0	0	0	0	0	0	0	0	0	0	0	0	0	0	0	0	0	0	0	0	0	0	0	0	0	0
NZ_LR134378.1	3p	+	62	0	0	0	0	0	0	0	0	0	0	0	0	0	0	0	0	0	0	0	0	0	0	0	0	0	0
NZ_LR134378.1	3p	+	63	0	0	0	0	0	0	0	0	0	0	0	0	0	0	0	0	0	0	0	0	0	0	0	0	0	0
NZ_LR134378.1	3p	+	64	0	0	0	0	0	0	0	0	0	0	0	0	0	0	0	0	0	0	0	0	0	0	0	0	0	0
NZ_LR134378.1	3p	+	65	0	0	0	0	0	0	0	0	0	0	0	0	0	0	0	0	0	0	0	0	0	0	0	0	0	0
NZ_LR134378.1	3p	+	66	0	0	0	0	0	0	0	0	0	0	0	0	0	0	0	0	0	0	0	0	0	0	0	0	0	0
NZ_LR134378.1	3p	+	67	0	0	0	0	0	0	0	0	0	0	0	0	0	0	0	0	0	0	0	0	0	0	0	0	0	0
NZ_LR134378.1	3p	+	68	0	0	0	0	0	0	0	0	0	0	0	0	0	0	0	0	0	0	0	0	0	0	0	0	0	0
NZ_LR134378.1	3p	+	69	0	0	0	0	0	0	0	0	0	0	0	0	0	0	0	0	0	0	0	0	0	0	0	0	0	0
NZ_LR134378.1	3p	+	70	0	0	0	0	0	0	0	0	0	0	0	0	0	0	0	0	0	0	0	0	0	0	0	0	0	0
NZ_LR134378.1	3p	-	1	27	36	42	25	130	3	0	1	1	0	0	2	1	1	0	1	0	0	0	0	0	0	0	0	0	0
NZ_LR134378.1	3p	-	2	24	45	46	15	130	2	1	1	1	0	1	1	1	0	0	3	0	0	0	0	0	0	0	0	0	0
NZ_LR134378.1	3p	-	3	25	47	37	21	130	0	1	1	1	0	0	2	1	0	0	1	1	0	0	0	0	0	0	0	0	0
NZ_LR134378.1	3p	-	4	20	50	38	22	130	2	1	1	0	0	1	3	1	0	0	2	1	0	0	0	0	0	0	0	0	0
NZ_LR134378.1	3p	-	5	27	47	30	26	130	0	2	1	1	0	0	5	1	0	1	0	1	0	0	0	0	0	0	0	0	0
NZ_LR134378.1	3p	-	6	24	42	43	21	130	0	1	2	0	0	0	1	2	0	0	0	0	0	0	0	0	0	0	0	0	0
NZ_LR134378.1	3p	-	7	29	43	30	28	130	1	1	0	0	0	0	2	0	2	0	0	0	0	0	0	0	0	0	0	0	0
NZ_LR134378.1	3p	-	8	26	43	41	20	130	1	0	1	0	1	0	3	1	1	0	2	0	0	0	0	0	0	0	0	0	0
NZ_LR134378.1	3p	-	9	10	50	38	32	130	0	0	0	1	0	0	6	1	1	0	1	0	0	0	0	0	0	0	0	0	0
NZ_LR134378.1	3p	-	10	25	48	35	22	130	0	3	0	0	0	0	1	0	0	0	1	0	0	0	0	0	0	0	0	0	0
NZ_LR134378.1	3p	-	11	23	40	36	31	130	1	3	1	0	0	1	2	2	0	0	3	0	0	0	0	0	0	0	0	0	0
NZ_LR134378.1	3p	-	12	17	57	40	16	130	0	1	1	1	1	0	1	0	0	1	0	0	0	0	0	0	0	0	0	0	0
NZ_LR134378.1	3p	-	13	28	38	40	24	130	1	1	1	0	0	0	2	0	0	0	2	3	0	0	0	0	0	0	0	0	0
NZ_LR134378.1	3p	-	14	31	35	36	28	130	1	1	2	1	0	0	1	1	1	1	1	0	0	0	0	0	0	0	0	0	0
NZ_LR134378.1	3p	-	15	18	44	52	16	130	3	1	0	0	0	1	0	0	0	0	1	0	0	0	0	0	0	0	0	0	0
NZ_LR134378.1	3p	-	16	25	37	37	30	129	0	2	0	0	0	0	2	0	1	0	2	1	0	0	0	0	0	0	0	1	0
NZ_LR134378.1	3p	-	17	17	47	31	35	130	0	1	1	0	0	0	2	1	1	0	2	1	0	0	0	0	0	0	0	0	0
NZ_LR134378.1	3p	-	18	21	47	42	20	130	0	1	0	1	0	1	1	1	0	0	2	0	0	0	0	0	0	0	0	0	0
NZ_LR134378.1	3p	-	19	22	40	38	30	130	0	1	0	1	0	0	0	2	0	0	1	1	0	0	0	0	0	0	0	0	0
NZ_LR134378.1	3p	-	20	22	53	30	25	130	0	1	0	1	0	0	3	1	1	0	3	0	0	0	0	0	0	0	0	0	0
NZ_LR134378.1	3p	-	21	24	39	52	15	130	3	0	1	0	0	1	0	0	0	1	4	1	0	0	0	1	0	0	0	0	0
NZ_LR134378.1	3p	-	22	20	46	36	28	130	1	0	0	1	0	0	1	0	0	1	3	0	0	0	0	0	0	0	0	0	0
NZ_LR134378.1	3p	-	23	28	42	33	26	129	2	0	1	1	1	0	4	0	1	0	2	0	0	0	0	0	0	1	0	0	0
NZ_LR134378.1	3p	-	24	27	49	38	16	130	3	1	1	0	0	0	1	1	0	0	2	2	0	0	0	0	0	0	0	0	0
NZ_LR134378.1	3p	-	25	34	42	36	18	130	0	1	1	1	1	1	4	1	0	0	2	0	0	0	0	0	0	0	0	0	0
NZ_LR134378.1	3p	-	26	23	32	44	31	130	0	1	0	1	0	0	2	0	0	0	0	0	0	0	0	0	0	0	0	0	0
NZ_LR134378.1	3p	-	27	23	43	48	16	130	2	0	1	2	0	1	0	1	0	0	3	1	0	0	0	0	0	0	0	0	0
NZ_LR134378.1	3p	-	28	20	42	46	22	130	3	0	0	0	1	0	2	0	0	0	2	0	0	0	0	0	0	0	0	0	0
NZ_LR134378.1	3p	-	29	27	45	38	20	130	1	1	0	0	0	1	2	0	1	0	2	1	0	0	0	0	0	0	0	0	0
NZ_LR134378.1	3p	-	30	22	43	46	19	130	3	0	1	1	0	0	1	0	0	0	0	1	0	0	0	0	0	0	0	0	0
NZ_LR134378.1	3p	-	31	21	36	31	14	102	0	1	0	0	0	0	1	2	0	1	1	0	0	0	0	1	0	0	0	0	0
NZ_LR134378.1	3p	-	32	18	23	21	21	83	2	1	1	2	0	0	0	0	0	0	0	0	0	0	0	0	0	0	0	0	0
NZ_LR134378.1	3p	-	33	11	27	19	12	69	0	1	1	0	0	0	2	0	0	0	2	1	0	0	0	0	0	0	0	0	0
NZ_LR134378.1	3p	-	34	9	14	21	11	55	0	0	0	0	0	0	0	0	0	1	2	0	0	0	0	0	0	0	0	0	0
NZ_LR134378.1	3p	-	35	10	16	12	7	45	0	2	0	0	1	1	0	1	0	0	2	0	0	0	0	0	0	0	0	0	0
NZ_LR134378.1	3p	-	36	3	18	13	5	39	2	1	0	0	0	0	0	0	0	0	0	0	0	0	0	0	0	0	0	0	0
NZ_LR134378.1	3p	-	37	5	11	8	12	36	1	1	0	0	0	0	1	0	0	0	0	0	0	0	0	0	0	0	0	0	0
NZ_LR134378.1	3p	-	38	7	10	10	5	32	1	0	0	0	0	0	0	0	0	0	0	0	0	0	0	0	0	0	0	0	0
NZ_LR134378.1	3p	-	39	3	10	12	6	31	0	1	0	0	0	0	1	0	0	0	1	0	0	0	0	0	0	0	0	0	0
NZ_LR134378.1	3p	-	40	5	10	9	6	30	0	0	0	0	0	1	0	0	0	0	0	0	0	0	0	0	0	0	0	0	0
NZ_LR134378.1	3p	-	41	5	6	8	8	27	0	0	0	0	0	0	0	0	0	0	0	0	0	0	0	0	0	0	0	0	0
NZ_LR134378.1	3p	-	42	4	11	6	5	26	0	1	0	0	0	0	1	0	0	0	0	0	0	0	0	0	0	0	0	0	0
NZ_LR134378.1	3p	-	43	5	7	6	3	21	0	0	0	0	0	0	0	0	0	0	0	0	0	0	0	0	0	0	0	0	0
NZ_LR134378.1	3p	-	44	2	5	7	3	17	0	0	0	0	0	0	0	0	0	0	0	0	0	0	0	0	0	0	0	0	0
NZ_LR134378.1	3p	-	45	3	2	6	3	14	0	0	0	1	0	0	0	0	0	0	0	0	0	0	0	0	0	0	0	0	0
NZ_LR134378.1	3p	-	46	2	2	3	4	11	0	0	0	0	0	0	0	0	0	0	0	0	0	0	0	0	0	0	0	0	0
NZ_LR134378.1	3p	-	47	0	3	5	2	10	0	0	0	0	0	0	0	0	0	0	0	0	0	0	0	0	0	0	0	0	0
NZ_LR134378.1	3p	-	48	1	2	1	4	8	0	0	0	0	0	0	0	0	0	0	0	0	0	0	0	0	0	0	0	0	0
NZ_LR134378.1	3p	-	49	2	2	1	2	7	0	0	1	0	0	0	0	0	0	0	0	0	0	0	0	0	0	0	0	0	0
NZ_LR134378.1	3p	-	50	2	2	1	0	5	0	0	0	0	0	0	1	0	0	0	0	0	0	0	0	0	0	0	0	0	0
NZ_LR134378.1	3p	-	51	0	0	3	2	5	0	0	0	1	0	0	0	0	0	0	1	0	0	0	0	0	0	0	0	0	0
NZ_LR134378.1	3p	-	52	1	1	2	1	5	0	0	0	0	0	0	0	0	0	0	0	0	0	0	0	0	0	0	0	0	0
NZ_LR134378.1	3p	-	53	1	1	2	1	5	0	0	1	0	0	0	0	0	0	0	0	0	0	0	0	0	0	0	0	0	0
NZ_LR134378.1	3p	-	54	0	2	0	1	3	0	0	0	0	0	0	1	0	0	0	0	0	0	0	0	0	0	0	0	0	0
NZ_LR134378.1	3p	-	55	0	2	0	1	3	0	0	0	0	0	0	0	0	0	0	0	0	0	0	0	0	0	0	0	0	0
NZ_LR134378.1	3p	-	56	2	1	0	0	3	0	0	0	0	0	0	0	0	0	0	0	0	0	0	0	0	0	0	0	0	0
NZ_LR134378.1	3p	-	57	1	2	0	0	3	0	0	0	0	0	0	0	0	0	0	0	0	0	0	0	0	0	0	0	0	0
NZ_LR134378.1	3p	-	58	0	1	1	1	3	0	0	0	0	0	0	0	0	0	0	0	0	0	0	0	0	0	0	0	0	0
NZ_LR134378.1	3p	-	59	1	0	2	0	3	0	0	0	0	0	0	0	0	0	0	0	0	0	0	0	0	0	0	0	0	0
NZ_LR134378.1	3p	-	60	1	1	1	0	3	0	0	0	0	0	0	0	0	0	0	0	0	0	0	0	0	0	0	0	0	0
NZ_LR134378.1	3p	-	61	1	0	1	1	3	0	0	0	0	0	0	0	0	0	0	0	0	0	0	0	0	0	0	0	0	0
NZ_LR134378.1	3p	-	62	0	2	1	0	3	0	0	0	0	0	0	0	0	0	0	0	0	0	0	0	0	0	0	0	0	0
NZ_LR134378.1	3p	-	63	1	0	1	1	3	0	0	1	0	0	0	0	0	0	0	0	0	0	0	0	0	0	0	0	0	0
NZ_LR134378.1	3p	-	64	1	2	0	0	3	0	0	0	0	0	0	0	0	0	0	0	0	0	0	0	0	0	0	0	0	0
NZ_LR134378.1	3p	-	65	0	1	1	1	3	0	0	0	0	0	0	0	1	0	0	0	0	0	0	0	0	0	0	0	0	0
NZ_LR134378.1	3p	-	66	0	0	0	2	2	0	0	0	1	0	0	0	0	0	0	0	0	0	0	0	0	0	0	0	0	0
NZ_LR134378.1	3p	-	67	0	1	0	1	2	0	0	0	0	0	0	0	0	0	0	0	0	0	0	0	0	0	0	0	0	0
NZ_LR134378.1	3p	-	68	1	0	1	0	2	0	0	0	0	0	0	0	0	0	0	0	0	0	0	0	0	0	0	0	0	0
NZ_LR134378.1	3p	-	69	0	1	1	0	2	0	0	0	0	0	0	0	0	0	0	0	0	0	0	0	0	0	0	0	0	0
NZ_LR134378.1	3p	-	70	0	1	0	1	2	0	0	0	0	0	0	0	0	0	0	0	0	0	0	0	0	0	0	0	0	0
NZ_LR134378.1	5p	+	1	21	37	33	25	116	0	4	0	1	0	0	0	0	1	0	2	1	0	0	0	0	0	0	0	0	0
NZ_LR134378.1	5p	+	2	12	51	40	13	116	1	2	1	0	0	0	3	0	0	0	0	0	0	0	0	0	0	0	0	0	0
NZ_LR134378.1	5p	+	3	27	37	30	22	116	2	1	2	0	0	0	1	0	0	0	2	0	0	0	0	0	0	0	0	0	0
NZ_LR134378.1	5p	+	4	27	35	39	15	116	0	0	0	1	0	1	2	0	0	0	2	0	0	0	1	0	0	0	0	0	0
NZ_LR134378.1	5p	+	5	14	46	34	21	115	1	2	0	1	1	0	1	0	0	1	2	0	0	0	0	0	0	1	0	0	0
NZ_LR134378.1	5p	+	6	17	38	42	19	116	1	0	0	1	0	1	1	0	0	0	3	1	0	0	0	0	0	0	0	0	0
NZ_LR134378.1	5p	+	7	17	39	44	16	116	1	4	1	1	0	0	1	0	0	0	3	0	0	0	0	0	0	0	0	0	0
NZ_LR134378.1	5p	+	8	15	40	40	21	116	2	1	1	1	0	0	1	2	0	0	1	0	0	0	0	0	0	0	0	0	0
NZ_LR134378.1	5p	+	9	25	38	27	26	116	1	1	1	1	0	0	0	0	0	0	1	0	0	0	0	0	0	0	0	0	0
NZ_LR134378.1	5p	+	10	21	42	32	20	115	1	2	0	0	0	0	4	0	0	0	0	1	0	0	0	0	0	0	1	0	0
NZ_LR134378.1	5p	+	11	16	46	35	19	116	2	0	1	0	0	1	2	0	1	0	1	0	0	0	0	0	0	0	0	0	0
NZ_LR134378.1	5p	+	12	25	39	33	19	116	0	3	1	1	0	0	2	0	0	0	0	0	0	0	0	0	0	0	0	0	0
NZ_LR134378.1	5p	+	13	25	26	40	25	116	1	1	0	1	0	1	1	0	0	0	3	0	0	1	0	0	0	0	0	0	0
NZ_LR134378.1	5p	+	14	18	45	36	17	116	0	2	0	0	0	0	2	0	1	0	2	1	0	0	0	0	0	0	0	0	0
NZ_LR134378.1	5p	+	15	29	28	32	27	116	0	2	0	0	0	1	2	0	1	0	4	0	0	0	0	0	0	0	0	0	0
NZ_LR134378.1	5p	+	16	24	35	34	23	116	0	0	1	1	0	0	2	0	0	0	0	1	0	0	0	0	0	0	0	0	0
NZ_LR134378.1	5p	+	17	25	40	28	22	115	1	4	0	1	0	2	3	1	1	0	2	0	0	0	0	0	0	0	1	0	0
NZ_LR134378.1	5p	+	18	21	32	29	34	116	1	1	1	2	0	0	0	0	0	0	0	0	0	0	0	0	0	0	0	0	0
NZ_LR134378.1	5p	+	19	16	41	30	29	116	2	1	0	0	0	0	1	0	0	0	2	0	0	0	1	0	0	0	0	0	0
NZ_LR134378.1	5p	+	20	18	41	38	19	116	0	0	0	0	0	0	2	1	0	0	0	4	0	0	0	0	0	0	0	0	0
NZ_LR134378.1	5p	+	21	27	35	34	20	116	0	0	0	1	0	1	0	0	0	0	2	1	0	0	0	0	0	0	0	0	0
NZ_LR134378.1	5p	+	22	23	42	25	26	116	0	2	0	2	0	0	0	2	1	0	0	1	0	0	0	0	0	0	0	0	0
NZ_LR134378.1	5p	+	23	16	34	38	28	116	1	1	1	1	0	0	2	0	0	0	3	0	1	1	0	0	0	0	0	0	0
NZ_LR134378.1	5p	+	24	33	27	34	22	116	0	0	1	3	0	1	1	0	0	1	2	0	0	0	0	0	0	0	0	0	0
NZ_LR134378.1	5p	+	25	23	43	32	18	116	1	3	1	1	0	0	1	0	1	0	0	0	0	0	0	0	0	0	0	0	0
NZ_LR134378.1	5p	+	26	16	48	35	17	116	1	0	0	0	0	0	1	2	0	0	1	0	0	0	0	0	0	0	0	0	0
NZ_LR134378.1	5p	+	27	36	36	30	14	116	0	0	0	1	0	0	1	0	1	0	1	1	0	0	0	0	0	0	0	0	0
NZ_LR134378.1	5p	+	28	30	30	34	22	116	2	1	3	2	3	0	0	0	1	0	1	1	0	0	0	0	0	0	0	0	0
NZ_LR134378.1	5p	+	29	26	47	29	14	116	0	1	1	1	0	0	1	0	0	0	0	1	0	0	0	0	0	0	0	0	0
NZ_LR134378.1	5p	+	30	23	37	38	18	116	0	0	1	2	0	0	2	0	0	0	2	0	0	0	0	0	0	0	0	0	0
NZ_LR134378.1	5p	+	31	17	32	24	14	87	0	1	0	0	0	0	0	1	0	0	0	0	0	0	0	0	0	0	0	0	0
NZ_LR134378.1	5p	+	32	13	26	26	14	79	0	1	0	2	0	0	2	0	0	0	2	0	0	0	0	0	0	0	0	0	0
NZ_LR134378.1	5p	+	33	15	19	16	14	64	1	1	1	1	0	0	0	0	0	0	1	2	0	0	0	0	0	0	0	0	0
NZ_LR134378.1	5p	+	34	10	17	11	15	53	2	1	0	0	1	0	0	0	0	0	0	0	0	0	0	0	0	0	0	0	0
NZ_LR134378.1	5p	+	35	5	15	21	4	45	0	0	0	0	0	0	2	0	0	0	0	1	0	0	0	0	0	0	0	0	0
NZ_LR134378.1	5p	+	36	6	15	10	5	36	2	1	0	1	0	1	0	0	0	0	0	0	0	0	0	0	0	0	0	0	0
NZ_LR134378.1	5p	+	37	6	14	4	5	29	0	0	0	0	0	0	0	0	0	0	1	0	0	0	0	0	0	0	0	0	0
NZ_LR134378.1	5p	+	38	6	10	7	3	26	0	0	0	1	0	0	0	0	0	0	0	0	0	0	0	0	0	0	0	0	0
NZ_LR134378.1	5p	+	39	5	5	8	4	22	0	0	0	0	0	0	0	0	0	0	1	0	0	0	0	0	0	0	0	0	0
NZ_LR134378.1	5p	+	40	6	4	6	3	19	0	0	0	0	0	0	0	0	0	0	0	0	0	0	0	0	0	0	0	0	0
NZ_LR134378.1	5p	+	41	2	8	3	4	17	0	1	0	1	0	0	0	0	0	0	0	0	0	0	0	0	0	0	0	0	0
NZ_LR134378.1	5p	+	42	4	3	8	1	16	0	0	0	0	0	0	0	0	0	0	0	1	0	0	0	0	0	0	0	0	0
NZ_LR134378.1	5p	+	43	3	1	6	4	14	0	0	0	0	0	0	0	0	0	0	0	0	0	0	0	0	0	0	0	0	0
NZ_LR134378.1	5p	+	44	2	7	3	0	12	0	1	0	0	0	0	0	0	0	0	0	0	0	0	0	0	0	0	0	0	0
NZ_LR134378.1	5p	+	45	2	3	5	2	12	0	0	0	1	0	0	0	0	0	0	0	0	0	0	0	0	0	0	0	0	0
NZ_LR134378.1	5p	+	46	2	0	4	0	6	0	0	0	0	0	0	0	0	0	0	0	0	0	0	0	0	0	0	0	0	0
NZ_LR134378.1	5p	+	47	0	1	3	1	5	0	0	0	1	0	0	0	0	0	0	0	0	0	0	0	0	0	0	0	0	0
NZ_LR134378.1	5p	+	48	2	1	0	0	3	0	1	0	0	0	0	0	0	0	0	0	0	0	0	0	0	0	0	0	0	0
NZ_LR134378.1	5p	+	49	0	1	0	1	2	0	0	0	0	0	0	0	0	0	0	0	0	0	0	0	0	0	0	0	0	0
NZ_LR134378.1	5p	+	50	1	1	0	0	2	0	0	0	0	0	0	0	0	0	0	0	0	0	0	0	0	0	0	0	0	0
NZ_LR134378.1	5p	+	51	1	0	0	0	1	0	0	0	0	0	0	0	0	0	0	0	0	0	0	0	0	0	0	0	0	0
NZ_LR134378.1	5p	+	52	0	0	1	0	1	0	0	0	0	0	0	0	0	0	0	0	0	0	0	0	0	0	0	0	0	0
NZ_LR134378.1	5p	+	53	0	0	1	0	1	0	0	0	0	0	0	0	0	0	0	0	0	0	0	0	0	0	0	0	0	0
NZ_LR134378.1	5p	+	54	0	0	0	1	1	0	0	0	0	0	0	0	0	0	0	0	0	0	0	0	0	0	0	0	0	0
NZ_LR134378.1	5p	+	55	1	0	0	0	1	0	0	0	0	0	0	0	0	0	0	0	0	0	0	0	0	0	0	0	0	0
NZ_LR134378.1	5p	+	56	0	0	1	0	1	0	0	0	0	0	0	0	0	0	0	0	0	0	0	0	0	0	0	0	0	0
NZ_LR134378.1	5p	+	57	0	0	0	1	1	0	0	0	0	0	0	0	0	0	0	0	0	0	0	0	0	0	0	0	0	0
NZ_LR134378.1	5p	+	58	0	1	0	0	1	0	0	0	0	0	0	0	0	0	0	0	0	0	0	0	0	0	0	0	0	0
NZ_LR134378.1	5p	+	59	0	0	1	0	1	0	0	0	0	0	0	0	0	0	0	0	0	0	0	0	0	0	0	0	0	0
NZ_LR134378.1	5p	+	60	1	0	0	0	1	0	0	0	0	0	0	0	0	0	0	0	0	0	0	0	0	0	0	0	0	0
NZ_LR134378.1	5p	+	61	0	0	0	0	0	0	0	0	0	0	0	0	0	0	0	0	0	0	0	0	0	0	0	0	0	0
NZ_LR134378.1	5p	+	62	0	0	0	0	0	0	0	0	0	0	0	0	0	0	0	0	0	0	0	0	0	0	0	0	0	0
NZ_LR134378.1	5p	+	63	0	0	0	0	0	0	0	0	0	0	0	0	0	0	0	0	0	0	0	0	0	0	0	0	0	0
NZ_LR134378.1	5p	+	64	0	0	0	0	0	0	0	0	0	0	0	0	0	0	0	0	0	0	0	0	0	0	0	0	0	0
NZ_LR134378.1	5p	+	65	0	0	0	0	0	0	0	0	0	0	0	0	0	0	0	0	0	0	0	0	0	0	0	0	0	0
NZ_LR134378.1	5p	+	66	0	0	0	0	0	0	0	0	0	0	0	0	0	0	0	0	0	0	0	0	0	0	0	0	0	0
NZ_LR134378.1	5p	+	67	0	0	0	0	0	0	0	0	0	0	0	0	0	0	0	0	0	0	0	0	0	0	0	0	0	0
NZ_LR134378.1	5p	+	68	0	0	0	0	0	0	0	0	0	0	0	0	0	0	0	0	0	0	0	0	0	0	0	0	0	0
NZ_LR134378.1	5p	+	69	0	0	0	0	0	0	0	0	0	0	0	0	0	0	0	0	0	0	0	0	0	0	0	0	0	0
NZ_LR134378.1	5p	+	70	0	0	0	0	0	0	0	0	0	0	0	0	0	0	0	0	0	0	0	0	0	0	0	0	0	0
NZ_LR134378.1	5p	-	1	27	44	32	27	130	1	2	0	1	0	0	3	3	0	2	2	0	0	0	0	0	0	0	0	0	0
NZ_LR134378.1	5p	-	2	22	48	38	22	130	1	1	1	1	0	0	0	0	0	0	3	0	0	0	0	0	0	0	0	0	0
NZ_LR134378.1	5p	-	3	22	40	42	26	130	1	3	0	2	1	1	0	1	0	0	3	0	0	0	0	0	0	0	0	0	0
NZ_LR134378.1	5p	-	4	29	33	45	23	130	3	0	0	0	0	0	0	0	0	0	1	1	0	0	0	0	0	0	0	0	0
NZ_LR134378.1	5p	-	5	23	44	49	14	130	1	0	2	0	1	0	0	0	1	0	1	0	0	0	0	0	0	0	0	0	0
NZ_LR134378.1	5p	-	6	20	50	46	14	130	3	2	0	0	0	0	5	1	0	0	1	0	0	0	0	0	0	0	0	0	0
NZ_LR134378.1	5p	-	7	25	41	39	25	130	1	3	1	1	0	0	2	0	0	0	2	0	0	0	0	0	0	0	0	0	0
NZ_LR134378.1	5p	-	8	28	40	37	24	129	0	0	1	0	0	2	1	0	1	0	3	2	0	0	0	0	0	1	0	0	0
NZ_LR134378.1	5p	-	9	25	42	42	21	130	0	0	0	3	0	1	1	2	0	0	1	0	0	0	0	0	0	0	0	0	0
NZ_LR134378.1	5p	-	10	18	54	35	23	130	3	0	2	1	0	0	2	0	0	0	4	0	0	0	0	0	0	0	0	0	0
NZ_LR134378.1	5p	-	11	26	48	32	24	130	2	0	0	1	1	1	2	0	0	1	1	1	0	0	0	0	0	0	0	0	0
NZ_LR134378.1	5p	-	12	25	46	36	23	130	2	1	1	1	0	0	1	1	0	1	2	1	0	0	0	0	0	0	0	0	0
NZ_LR134378.1	5p	-	13	23	36	43	28	130	2	0	0	1	0	0	0	1	0	0	2	0	0	0	0	0	0	0	0	0	0
NZ_LR134378.1	5p	-	14	18	50	38	24	130	1	0	1	0	0	1	4	1	0	0	2	0	0	0	0	0	0	0	0	0	0
NZ_LR134378.1	5p	-	15	25	36	49	19	129	1	2	1	2	0	0	3	0	0	0	3	1	0	0	0	0	0	0	0	1	0
NZ_LR134378.1	5p	-	16	26	38	41	25	130	0	1	0	0	1	0	1	0	1	0	2	1	0	0	0	0	0	0	0	0	0
NZ_LR134378.1	5p	-	17	27	46	33	24	130	1	1	0	1	0	0	2	1	1	0	3	0	0	0	0	1	0	0	0	0	0
NZ_LR134378.1	5p	-	18	28	42	38	22	130	2	2	3	1	0	1	2	0	0	0	1	4	0	0	0	0	0	0	0	0	0
NZ_LR134378.1	5p	-	19	23	39	42	26	130	0	0	2	2	1	0	2	0	0	1	1	2	0	0	0	0	0	0	0	0	0
NZ_LR134378.1	5p	-	20	15	45	43	27	130	2	0	0	0	0	0	2	0	1	1	1	0	0	0	0	0	0	0	0	0	0
NZ_LR134378.1	5p	-	21	23	39	47	21	130	0	2	0	0	0	0	0	0	0	0	3	0	0	0	0	0	0	0	0	0	0
NZ_LR134378.1	5p	-	22	18	42	41	29	130	1	2	0	0	0	0	3	1	1	0	1	0	0	0	0	0	0	0	0	0	0
NZ_LR134378.1	5p	-	23	17	50	43	20	130	0	1	0	0	1	0	3	2	0	0	3	0	0	0	0	0	0	0	0	0	0
NZ_LR134378.1	5p	-	24	20	49	36	25	130	1	0	0	0	0	0	4	0	1	0	1	0	0	0	0	0	0	0	0	0	0
NZ_LR134378.1	5p	-	25	26	37	45	22	130	0	1	1	0	0	1	2	0	1	0	1	0	0	0	0	0	0	0	0	0	0
NZ_LR134378.1	5p	-	26	26	46	31	27	130	1	3	2	1	0	0	2	2	1	1	0	0	0	0	0	0	0	0	0	0	0
NZ_LR134378.1	5p	-	27	26	48	30	26	130	0	2	0	1	0	1	1	0	0	0	3	0	0	0	0	1	0	0	0	0	0
NZ_LR134378.1	5p	-	28	26	39	31	34	130	1	0	0	0	0	0	2	0	0	0	0	2	0	0	0	0	0	0	0	0	0
NZ_LR134378.1	5p	-	29	13	49	43	25	130	1	1	0	1	0	1	1	1	0	0	0	0	0	0	0	0	0	0	0	0	0
NZ_LR134378.1	5p	-	30	24	38	47	21	130	1	0	1	0	0	0	1	0	0	0	1	0	0	0	0	0	0	0	0	0	0
NZ_LR134378.1	5p	-	31	22	34	30	16	102	1	1	1	0	0	0	2	0	0	0	0	1	0	0	0	0	0	0	0	0	0
NZ_LR134378.1	5p	-	32	13	32	20	18	83	0	0	1	1	0	0	0	0	0	0	1	0	0	0	0	0	0	0	0	0	0
NZ_LR134378.1	5p	-	33	19	19	17	14	69	0	0	0	0	0	0	1	3	1	0	0	0	0	0	0	0	0	0	0	0	0
NZ_LR134378.1	5p	-	34	15	21	13	6	55	1	1	0	0	0	1	2	0	1	0	0	0	0	0	0	0	0	0	0	0	0
NZ_LR134378.1	5p	-	35	8	24	9	4	45	0	1	1	0	0	0	1	1	0	0	0	0	0	0	0	0	0	0	0	0	0
NZ_LR134378.1	5p	-	36	8	15	9	7	39	0	1	0	0	0	0	2	0	0	0	0	0	0	0	0	0	0	0	0	0	0
NZ_LR134378.1	5p	-	37	6	9	16	5	36	0	0	0	1	0	0	2	0	0	0	1	0	0	0	0	0	0	0	0	0	0
NZ_LR134378.1	5p	-	38	6	11	9	6	32	0	0	0	0	0	0	0	1	0	0	0	0	0	0	0	0	0	0	0	0	0
NZ_LR134378.1	5p	-	39	3	11	8	9	31	1	0	0	0	0	0	0	1	0	0	0	0	0	0	0	0	0	0	0	0	0
NZ_LR134378.1	5p	-	40	3	12	12	3	30	0	0	1	0	0	0	0	0	0	0	1	0	0	0	0	0	0	0	0	0	0
NZ_LR134378.1	5p	-	41	3	8	10	6	27	0	0	0	0	0	0	1	0	0	0	0	0	0	0	0	0	0	0	0	0	0
NZ_LR134378.1	5p	-	42	5	10	9	2	26	1	0	1	0	0	0	0	1	0	0	0	0	0	0	0	0	0	0	0	0	0
NZ_LR134378.1	5p	-	43	2	7	7	5	21	1	0	0	0	0	0	1	0	0	0	1	0	0	0	0	0	0	0	0	0	0
NZ_LR134378.1	5p	-	44	3	4	5	5	17	1	0	1	0	0	0	1	0	0	0	0	0	0	0	0	0	0	0	0	0	0
NZ_LR134378.1	5p	-	45	7	3	1	3	14	0	0	0	0	0	0	0	0	0	0	0	0	0	0	0	0	0	0	0	0	0
NZ_LR134378.1	5p	-	46	2	4	3	2	11	0	0	0	0	0	0	0	0	0	0	0	0	0	0	0	0	0	0	0	0	0
NZ_LR134378.1	5p	-	47	3	3	2	2	10	0	0	0	0	0	0	0	0	0	0	0	0	0	0	0	0	0	0	0	0	0
NZ_LR134378.1	5p	-	48	0	2	1	5	8	0	0	0	0	0	0	0	0	0	0	0	0	0	0	0	0	0	0	0	0	0
NZ_LR134378.1	5p	-	49	1	4	1	1	7	0	0	0	0	0	0	0	0	0	0	0	0	0	0	0	0	0	0	0	0	0
NZ_LR134378.1	5p	-	50	2	0	2	1	5	0	0	0	0	0	0	0	0	0	0	0	0	0	0	0	0	0	0	0	0	0
NZ_LR134378.1	5p	-	51	0	0	4	1	5	0	0	0	0	0	0	0	0	0	0	0	0	0	0	0	0	0	0	0	0	0
NZ_LR134378.1	5p	-	52	2	1	1	1	5	0	0	0	0	0	0	0	0	0	0	1	0	0	0	0	0	0	0	0	0	0
NZ_LR134378.1	5p	-	53	1	1	2	1	5	0	0	0	0	0	0	0	0	0	0	0	0	0	0	0	0	0	0	0	0	0
NZ_LR134378.1	5p	-	54	0	1	1	1	3	0	0	0	0	0	0	0	0	0	0	0	0	0	0	0	0	0	0	0	0	0
NZ_LR134378.1	5p	-	55	0	3	0	0	3	0	1	0	0	0	0	0	0	0	0	0	0	0	0	0	0	0	0	0	0	0
NZ_LR134378.1	5p	-	56	0	1	1	1	3	0	0	0	0	0	0	0	0	0	0	0	0	0	0	0	0	0	0	0	0	0
NZ_LR134378.1	5p	-	57	1	0	1	1	3	0	0	0	0	0	0	0	0	0	0	0	0	0	0	0	0	0	0	0	0	0
NZ_LR134378.1	5p	-	58	0	2	0	1	3	0	0	0	0	0	0	0	0	0	0	0	0	0	0	0	0	0	0	0	0	0
NZ_LR134378.1	5p	-	59	1	0	1	1	3	0	0	0	0	0	0	0	0	0	0	0	0	0	0	0	0	0	0	0	0	0
NZ_LR134378.1	5p	-	60	0	0	0	3	3	0	0	0	0	0	0	0	0	0	0	0	0	0	0	0	0	0	0	0	0	0
NZ_LR134378.1	5p	-	61	0	1	2	0	3	0	0	0	0	0	0	0	0	0	0	0	0	0	0	0	0	0	0	0	0	0
NZ_LR134378.1	5p	-	62	1	0	2	0	3	0	0	0	0	0	0	0	0	0	0	0	0	0	0	0	0	0	0	0	0	0
NZ_LR134378.1	5p	-	63	1	0	2	0	3	0	0	0	0	0	0	0	0	0	0	0	0	0	0	0	0	0	0	0	0	0
NZ_LR134378.1	5p	-	64	0	1	1	1	3	0	1	0	0	0	0	0	0	0	0	1	0	0	0	0	0	0	0	0	0	0
NZ_LR134378.1	5p	-	65	1	1	0	1	3	0	0	0	0	0	0	0	0	0	0	0	0	0	0	0	0	0	0	0	0	0
NZ_LR134378.1	5p	-	66	1	1	0	0	2	0	0	0	0	0	0	0	0	0	0	0	0	0	0	0	0	0	0	0	0	0
NZ_LR134378.1	5p	-	67	0	1	1	0	2	0	0	0	0	0	0	0	0	0	0	0	0	0	0	0	0	0	0	0	0	0
NZ_LR134378.1	5p	-	68	0	1	0	1	2	0	0	0	0	0	0	0	0	0	0	0	0	0	0	0	0	0	0	0	0	0
NZ_LR134378.1	5p	-	69	0	0	2	0	2	0	0	0	0	0	0	0	0	0	0	0	0	0	0	0	0	0	0	0	0	0
NZ_LR134378.1	5p	-	70	1	0	0	1	2	0	0	0	0	0	0	0	0	0	0	0	0	0	0	0	0	0	0	0	0	0
