# table produced by mapDamage version 2.2.3
# using mapped file /mnt/archgen/microbiome_calculus/library_ds_vs_ss/04-analysis/normalize_kraken/mapping/neisseria_elongata/mapDamage2_ssLibs/input/CDM019.A0102.SG1.4_5M.mapped_n_elongata_q25l30_rmdup.bam and /mnt/archgen/microbiome_calculus/library_ds_vs_ss/04-analysis/normalize_kraken/mapping/neisseria_elongata/input/GCF_900453895.1_42925_E01_genomic.fna as reference file
# Chr: reference from sam/bam header, End: from which termini of DNA sequences, Std: strand of reads
Chr	End	Std	Pos	A	C	G	T	Total	G>A	C>T	A>G	T>C	A>C	A>T	C>G	C>A	T>G	T>A	G>C	G>T	A>-	T>-	C>-	G>-	->A	->T	->C	->G	S
NZ_UGQW01000001.1	3p	+	1	7	14	10	9	40	0	3	0	0	0	0	0	0	0	0	0	0	0	0	0	0	0	0	0	0	0
NZ_UGQW01000001.1	3p	+	2	12	10	12	6	40	0	0	0	0	0	0	0	0	0	0	0	0	0	0	0	0	0	0	0	0	0
NZ_UGQW01000001.1	3p	+	3	9	12	12	7	40	0	0	1	0	0	0	0	0	0	0	0	1	0	0	0	0	0	0	0	0	0
NZ_UGQW01000001.1	3p	+	4	14	4	12	10	40	1	0	0	0	0	1	0	0	0	0	0	0	0	0	0	0	0	0	0	0	0
NZ_UGQW01000001.1	3p	+	5	10	11	10	9	40	0	1	0	1	0	0	0	0	0	1	0	0	0	0	0	0	0	0	0	0	0
NZ_UGQW01000001.1	3p	+	6	11	17	7	5	40	0	1	0	0	0	0	0	0	0	1	0	0	0	0	0	0	0	0	0	0	0
NZ_UGQW01000001.1	3p	+	7	13	4	12	11	40	0	0	0	1	0	0	0	0	0	0	0	0	1	0	0	0	0	0	0	0	0
NZ_UGQW01000001.1	3p	+	8	12	6	11	11	40	1	0	0	0	0	0	0	1	0	0	0	0	0	0	0	0	0	0	0	0	0
NZ_UGQW01000001.1	3p	+	9	6	11	13	10	40	0	1	0	0	0	0	0	0	0	0	0	0	0	0	0	0	0	0	0	0	0
NZ_UGQW01000001.1	3p	+	10	7	14	8	11	40	0	2	0	0	0	0	0	0	0	0	0	0	0	0	0	0	0	0	0	0	0
NZ_UGQW01000001.1	3p	+	11	7	8	10	15	40	0	0	0	1	0	0	0	0	0	0	0	0	0	0	0	0	0	0	0	0	0
NZ_UGQW01000001.1	3p	+	12	13	10	9	8	40	0	1	1	1	0	1	1	0	0	0	0	0	0	0	0	0	0	0	0	0	0
NZ_UGQW01000001.1	3p	+	13	7	6	13	14	40	0	0	0	1	0	0	0	0	0	0	0	1	0	0	0	0	0	0	0	0	0
NZ_UGQW01000001.1	3p	+	14	8	14	12	6	40	0	1	0	0	0	0	0	0	0	0	0	0	0	0	0	0	0	0	0	0	0
NZ_UGQW01000001.1	3p	+	15	9	10	14	7	40	0	0	1	0	0	0	0	1	0	0	0	0	0	0	0	0	0	0	0	0	0
NZ_UGQW01000001.1	3p	+	16	8	11	10	11	40	0	0	0	0	0	0	0	0	0	0	0	0	0	0	0	0	0	0	0	0	0
NZ_UGQW01000001.1	3p	+	17	11	9	11	9	40	1	0	0	0	0	0	0	0	0	0	0	0	0	0	0	0	0	0	0	0	0
NZ_UGQW01000001.1	3p	+	18	10	8	12	10	40	0	1	1	1	1	0	0	0	0	0	0	0	0	0	0	0	0	0	0	0	0
NZ_UGQW01000001.1	3p	+	19	9	14	9	8	40	0	0	0	0	0	0	0	0	0	0	1	0	0	0	0	0	0	0	0	0	0
NZ_UGQW01000001.1	3p	+	20	8	7	16	9	40	1	0	1	0	0	0	0	0	0	0	0	0	0	1	0	0	0	0	0	0	0
NZ_UGQW01000001.1	3p	+	21	8	10	9	13	40	0	0	0	0	0	0	1	0	0	0	1	0	0	0	0	0	0	0	0	0	0
NZ_UGQW01000001.1	3p	+	22	11	10	9	10	40	0	0	1	0	0	0	0	0	0	0	0	0	0	0	0	0	0	0	0	0	0
NZ_UGQW01000001.1	3p	+	23	7	12	14	7	40	0	0	1	1	0	0	0	0	0	0	0	0	0	0	0	0	0	0	0	0	0
NZ_UGQW01000001.1	3p	+	24	10	14	13	3	40	0	1	1	0	0	0	0	0	0	0	0	0	0	0	0	0	0	0	0	0	0
NZ_UGQW01000001.1	3p	+	25	4	16	10	10	40	0	0	0	0	0	0	0	0	0	0	0	0	0	0	0	0	0	0	0	0	0
NZ_UGQW01000001.1	3p	+	26	9	10	10	11	40	0	0	0	0	0	0	0	0	0	0	0	0	0	0	0	0	0	0	0	0	0
NZ_UGQW01000001.1	3p	+	27	8	9	17	6	40	1	0	0	0	0	0	1	0	0	0	0	0	0	0	0	0	0	0	0	0	0
NZ_UGQW01000001.1	3p	+	28	12	11	9	8	40	0	0	0	1	0	0	0	0	0	0	0	0	0	0	0	0	0	0	0	0	0
NZ_UGQW01000001.1	3p	+	29	7	10	14	9	40	2	1	0	0	0	0	0	0	0	0	0	0	0	0	0	0	0	0	0	0	0
NZ_UGQW01000001.1	3p	+	30	9	17	7	7	40	1	2	0	2	0	0	0	1	0	0	0	0	0	0	0	0	0	0	0	0	0
NZ_UGQW01000001.1	3p	+	31	8	12	8	9	37	0	0	0	0	0	0	0	1	0	0	0	0	0	0	0	0	0	0	0	0	0
NZ_UGQW01000001.1	3p	+	32	7	8	8	11	34	0	0	0	0	0	0	0	0	1	0	0	0	0	0	0	0	0	0	0	0	0
NZ_UGQW01000001.1	3p	+	33	5	9	4	10	28	0	0	0	0	0	0	0	0	0	0	0	0	0	0	0	0	0	0	0	0	0
NZ_UGQW01000001.1	3p	+	34	6	6	8	6	26	0	1	0	0	0	0	0	0	0	0	0	0	0	0	0	0	0	0	0	0	0
NZ_UGQW01000001.1	3p	+	35	6	4	8	6	24	0	2	0	0	0	0	0	0	0	0	0	1	0	0	0	0	0	0	0	0	0
NZ_UGQW01000001.1	3p	+	36	5	9	4	5	23	0	0	0	0	0	0	0	0	0	0	0	0	0	0	0	0	0	0	0	0	0
NZ_UGQW01000001.1	3p	+	37	6	6	3	6	21	0	0	0	0	0	0	0	0	0	0	0	0	0	0	0	0	0	0	0	0	0
NZ_UGQW01000001.1	3p	+	38	6	5	6	4	21	0	0	0	0	0	0	0	0	0	0	0	0	0	0	0	0	0	0	0	0	0
NZ_UGQW01000001.1	3p	+	39	8	3	5	5	21	0	1	0	1	0	0	0	0	0	0	1	0	0	0	0	0	0	0	0	0	0
NZ_UGQW01000001.1	3p	+	40	7	1	3	8	19	0	0	0	0	0	0	0	0	0	0	0	0	0	0	0	0	0	0	0	0	0
NZ_UGQW01000001.1	3p	+	41	5	6	3	5	19	0	0	0	1	0	0	0	0	0	0	0	0	0	0	0	0	0	0	0	0	0
NZ_UGQW01000001.1	3p	+	42	5	5	5	2	17	0	0	0	0	0	0	0	0	0	0	0	0	0	0	0	0	0	0	0	0	0
NZ_UGQW01000001.1	3p	+	43	6	4	4	3	17	0	0	0	1	0	0	0	0	0	0	0	0	0	0	0	0	0	0	0	0	0
NZ_UGQW01000001.1	3p	+	44	2	5	7	3	17	0	1	0	0	0	0	0	0	0	0	1	0	0	0	0	0	0	0	0	0	0
NZ_UGQW01000001.1	3p	+	45	3	5	4	3	15	0	0	1	0	0	0	0	0	0	0	0	0	0	0	0	0	0	0	0	0	0
NZ_UGQW01000001.1	3p	+	46	3	8	2	2	15	0	2	0	0	0	0	0	0	0	0	0	0	0	0	0	0	0	0	0	0	0
NZ_UGQW01000001.1	3p	+	47	2	5	4	4	15	0	0	0	0	0	0	0	0	0	0	0	0	0	0	0	0	0	0	0	0	0
NZ_UGQW01000001.1	3p	+	48	4	1	4	4	13	0	0	0	0	0	0	0	0	0	0	0	0	0	0	0	0	0	0	0	0	0
NZ_UGQW01000001.1	3p	+	49	5	2	2	4	13	0	1	0	0	1	0	0	0	0	0	0	0	0	0	0	0	0	0	0	0	0
NZ_UGQW01000001.1	3p	+	50	4	3	2	3	12	0	0	0	0	0	0	0	0	0	0	0	1	0	0	0	0	0	0	0	0	0
NZ_UGQW01000001.1	3p	+	51	4	3	4	1	12	0	1	0	0	0	0	0	0	0	0	0	0	0	0	0	0	0	0	0	0	0
NZ_UGQW01000001.1	3p	+	52	4	1	5	1	11	0	0	0	0	0	0	0	0	0	0	0	0	0	0	0	0	0	0	0	0	0
NZ_UGQW01000001.1	3p	+	53	1	3	2	3	9	0	0	0	1	0	0	0	0	0	0	0	0	0	0	0	0	0	0	0	0	0
NZ_UGQW01000001.1	3p	+	54	0	3	3	3	9	1	0	0	0	0	0	0	0	0	0	0	0	0	0	0	0	0	0	0	0	0
NZ_UGQW01000001.1	3p	+	55	1	5	0	3	9	0	1	0	0	0	0	0	0	0	0	0	0	0	0	0	0	0	0	0	0	0
NZ_UGQW01000001.1	3p	+	56	0	3	5	1	9	0	0	0	0	0	0	0	0	0	0	0	0	0	0	0	0	0	0	0	0	0
NZ_UGQW01000001.1	3p	+	57	3	3	2	1	9	0	0	0	0	0	0	0	0	0	0	0	0	0	0	0	0	0	0	0	0	0
NZ_UGQW01000001.1	3p	+	58	2	5	1	1	9	0	0	0	0	0	0	0	0	0	0	0	0	0	0	0	0	0	0	0	0	0
NZ_UGQW01000001.1	3p	+	59	3	1	5	0	9	0	0	0	0	0	0	0	0	0	0	0	0	0	0	0	0	0	0	0	0	0
NZ_UGQW01000001.1	3p	+	60	1	2	5	1	9	0	0	0	0	0	0	0	0	0	0	0	0	0	0	0	0	0	0	0	0	0
NZ_UGQW01000001.1	3p	+	61	3	2	2	0	7	0	0	0	0	0	0	0	0	0	0	0	0	0	0	0	0	0	0	0	0	0
NZ_UGQW01000001.1	3p	+	62	2	2	3	0	7	0	0	0	0	0	0	0	0	0	0	0	0	0	0	0	0	0	0	0	0	0
NZ_UGQW01000001.1	3p	+	63	3	1	2	1	7	0	0	0	0	0	0	0	0	0	0	0	0	0	0	0	0	0	0	0	0	0
NZ_UGQW01000001.1	3p	+	64	1	0	6	0	7	0	0	0	0	0	0	0	0	0	0	0	0	0	0	0	0	0	0	0	0	0
NZ_UGQW01000001.1	3p	+	65	0	4	2	1	7	0	0	0	0	0	0	0	0	0	0	0	0	0	0	0	0	0	0	0	0	0
NZ_UGQW01000001.1	3p	+	66	1	1	3	2	7	0	0	0	0	0	0	0	0	0	0	0	0	0	0	0	0	0	0	0	0	0
NZ_UGQW01000001.1	3p	+	67	1	2	1	2	6	0	1	0	0	0	0	0	0	0	0	0	0	0	0	0	0	0	0	0	0	0
NZ_UGQW01000001.1	3p	+	68	1	2	0	2	5	0	0	0	0	0	0	0	0	0	0	0	0	0	0	0	0	0	0	0	0	0
NZ_UGQW01000001.1	3p	+	69	0	1	2	1	4	0	0	0	0	0	0	0	0	0	0	0	0	0	0	0	0	0	0	0	0	0
NZ_UGQW01000001.1	3p	+	70	1	0	3	0	4	0	0	0	0	0	0	0	0	0	0	0	0	0	0	0	0	0	0	0	0	0
NZ_UGQW01000001.1	3p	-	1	10	14	9	6	39	0	2	0	0	0	0	0	1	0	0	0	0	0	0	0	0	0	0	0	0	0
NZ_UGQW01000001.1	3p	-	2	13	12	9	5	39	2	2	2	0	0	0	0	0	0	0	1	0	0	0	0	0	0	0	0	0	0
NZ_UGQW01000001.1	3p	-	3	7	13	10	9	39	0	1	0	0	0	0	0	0	0	0	0	0	0	0	0	0	0	0	0	0	0
NZ_UGQW01000001.1	3p	-	4	11	6	13	9	39	0	0	0	1	0	0	1	0	0	0	0	0	0	0	0	0	0	0	0	0	0
NZ_UGQW01000001.1	3p	-	5	14	10	10	5	39	0	0	1	0	0	0	0	0	0	0	0	0	0	0	0	0	0	0	0	0	0
NZ_UGQW01000001.1	3p	-	6	14	14	4	7	39	0	2	1	0	0	0	1	0	0	0	0	0	0	0	0	0	0	0	0	0	0
NZ_UGQW01000001.1	3p	-	7	10	11	11	7	39	1	2	0	0	0	0	0	1	0	0	0	0	0	0	0	0	0	0	0	0	0
NZ_UGQW01000001.1	3p	-	8	15	7	11	6	39	0	0	0	0	1	0	0	0	0	0	1	0	0	0	0	0	0	0	0	0	0
NZ_UGQW01000001.1	3p	-	9	6	13	9	11	39	0	2	0	0	0	0	0	0	0	0	0	0	0	0	0	0	0	0	0	0	0
NZ_UGQW01000001.1	3p	-	10	5	12	17	5	39	0	0	0	0	0	0	1	0	0	0	0	0	0	0	0	0	0	0	0	0	0
NZ_UGQW01000001.1	3p	-	11	8	12	11	8	39	1	2	0	0	0	0	0	0	0	0	0	0	0	0	0	0	0	0	0	0	0
NZ_UGQW01000001.1	3p	-	12	11	12	10	6	39	0	1	0	2	0	0	0	0	0	0	0	0	0	0	0	0	0	0	0	0	0
NZ_UGQW01000001.1	3p	-	13	12	14	4	9	39	0	1	0	0	0	0	0	0	0	0	0	0	0	0	0	0	0	0	0	0	0
NZ_UGQW01000001.1	3p	-	14	11	7	8	13	39	0	0	2	1	0	0	0	0	0	0	0	0	0	0	0	0	0	0	0	0	0
NZ_UGQW01000001.1	3p	-	15	10	10	11	8	39	0	0	0	0	0	0	0	0	0	0	0	0	0	0	0	0	0	0	0	0	0
NZ_UGQW01000001.1	3p	-	16	9	12	9	9	39	0	0	0	0	0	0	0	0	0	0	0	0	0	0	0	0	0	0	0	0	0
NZ_UGQW01000001.1	3p	-	17	14	11	8	6	39	0	1	1	0	1	0	0	0	0	0	0	0	0	0	0	0	0	0	0	0	0
NZ_UGQW01000001.1	3p	-	18	8	14	10	7	39	0	0	0	0	0	0	0	0	0	0	0	0	0	0	0	0	0	0	0	0	0
NZ_UGQW01000001.1	3p	-	19	6	13	11	9	39	0	1	0	0	0	0	0	0	0	0	1	0	0	0	0	0	0	0	0	0	0
NZ_UGQW01000001.1	3p	-	20	9	6	9	15	39	0	0	0	0	0	0	0	0	0	0	0	0	0	0	0	0	0	0	0	0	0
NZ_UGQW01000001.1	3p	-	21	11	7	11	10	39	0	0	1	0	0	0	0	0	0	0	0	0	0	0	0	0	0	0	0	0	0
NZ_UGQW01000001.1	3p	-	22	6	15	6	12	39	0	1	0	1	0	0	0	0	0	0	0	0	0	0	0	0	0	0	0	0	0
NZ_UGQW01000001.1	3p	-	23	10	18	8	3	39	0	0	1	0	0	0	0	0	0	0	0	0	0	0	0	0	0	0	0	0	0
NZ_UGQW01000001.1	3p	-	24	9	10	12	8	39	0	1	0	0	0	0	0	0	0	0	0	0	0	0	0	0	0	0	0	0	0
NZ_UGQW01000001.1	3p	-	25	4	14	8	13	39	1	0	1	0	0	0	0	0	0	0	0	0	0	0	0	0	0	0	0	0	0
NZ_UGQW01000001.1	3p	-	26	10	6	12	11	39	2	0	1	0	0	0	0	0	0	0	0	0	0	0	0	0	0	0	0	0	0
NZ_UGQW01000001.1	3p	-	27	7	10	9	13	39	0	1	1	0	0	0	0	0	0	0	0	0	0	0	0	0	0	0	0	0	0
NZ_UGQW01000001.1	3p	-	28	6	9	12	12	39	0	0	0	0	0	0	0	0	0	0	0	1	0	0	0	0	0	0	0	0	0
NZ_UGQW01000001.1	3p	-	29	8	9	9	13	39	0	0	1	0	0	1	1	0	0	0	0	0	0	0	0	0	0	0	0	0	0
NZ_UGQW01000001.1	3p	-	30	6	11	11	11	39	0	1	0	0	0	0	0	0	0	0	0	0	0	0	0	0	0	0	0	0	0
NZ_UGQW01000001.1	3p	-	31	9	12	8	8	37	0	1	1	0	0	0	0	0	0	0	0	0	0	0	0	0	0	0	0	0	0
NZ_UGQW01000001.1	3p	-	32	5	10	15	6	36	0	2	1	0	0	0	0	0	0	0	1	0	0	0	0	0	0	0	0	0	0
NZ_UGQW01000001.1	3p	-	33	5	11	10	7	33	1	2	0	0	0	0	0	0	0	0	0	0	0	0	0	0	0	0	0	0	0
NZ_UGQW01000001.1	3p	-	34	8	7	8	6	29	1	0	0	0	0	0	0	0	0	0	0	0	0	0	0	0	0	0	0	0	0
NZ_UGQW01000001.1	3p	-	35	9	7	6	7	29	0	0	0	0	0	0	0	0	0	0	0	0	0	0	0	0	0	0	0	0	0
NZ_UGQW01000001.1	3p	-	36	6	6	15	2	29	0	0	0	0	0	0	0	0	0	0	1	0	0	0	0	0	0	0	0	0	0
NZ_UGQW01000001.1	3p	-	37	3	8	10	6	27	0	0	0	0	0	0	0	0	0	0	0	0	0	0	0	0	0	0	0	0	0
NZ_UGQW01000001.1	3p	-	38	8	6	5	6	25	0	0	0	0	0	0	0	0	0	0	0	0	0	0	0	0	0	0	0	0	0
NZ_UGQW01000001.1	3p	-	39	8	5	4	7	24	2	1	0	0	0	0	0	0	0	0	0	0	0	0	0	0	0	0	0	0	0
NZ_UGQW01000001.1	3p	-	40	5	8	9	2	24	0	1	0	0	0	0	0	0	0	0	0	0	0	0	0	0	0	0	0	0	0
NZ_UGQW01000001.1	3p	-	41	6	4	8	6	24	0	0	0	0	0	0	0	0	0	0	0	0	0	0	0	0	0	0	0	0	0
NZ_UGQW01000001.1	3p	-	42	2	6	7	7	22	0	1	0	0	0	0	0	0	0	0	0	0	0	0	0	0	0	0	0	0	0
NZ_UGQW01000001.1	3p	-	43	6	3	5	6	20	0	0	0	0	0	0	0	0	0	0	0	0	0	0	0	0	0	0	0	0	0
NZ_UGQW01000001.1	3p	-	44	4	5	3	7	19	0	0	0	0	0	0	0	0	0	0	0	0	0	0	0	0	0	0	0	0	0
NZ_UGQW01000001.1	3p	-	45	5	4	8	1	18	0	1	0	0	0	0	0	0	0	0	0	0	0	0	0	0	0	0	0	0	0
NZ_UGQW01000001.1	3p	-	46	7	3	2	5	17	0	0	0	1	0	0	0	0	0	0	0	0	0	0	0	0	0	0	0	0	0
NZ_UGQW01000001.1	3p	-	47	4	2	6	5	17	1	0	0	0	0	0	0	0	0	0	0	0	0	0	0	0	0	0	0	0	0
NZ_UGQW01000001.1	3p	-	48	3	5	4	4	16	0	0	0	0	0	0	0	0	0	0	0	0	0	0	0	0	0	0	0	0	0
NZ_UGQW01000001.1	3p	-	49	2	6	4	4	16	0	1	0	0	0	0	0	0	0	0	0	0	0	0	0	0	0	0	0	0	0
NZ_UGQW01000001.1	3p	-	50	4	3	3	5	15	0	0	0	0	0	0	0	0	0	0	0	0	0	0	0	0	0	0	0	0	0
NZ_UGQW01000001.1	3p	-	51	4	6	2	3	15	0	1	0	0	0	0	0	0	0	0	0	0	0	0	0	0	0	0	0	0	0
NZ_UGQW01000001.1	3p	-	52	3	6	2	1	12	0	1	0	0	0	0	0	0	0	0	0	0	0	0	0	0	0	0	0	0	0
NZ_UGQW01000001.1	3p	-	53	5	0	3	4	12	0	0	1	0	0	0	0	0	0	0	0	0	0	0	0	0	0	0	0	0	0
NZ_UGQW01000001.1	3p	-	54	2	6	1	3	12	0	0	0	0	0	0	0	0	0	0	0	0	0	0	0	0	0	0	0	0	0
NZ_UGQW01000001.1	3p	-	55	3	2	3	2	10	0	0	0	0	0	0	0	0	0	0	0	0	0	0	0	0	0	0	0	0	0
NZ_UGQW01000001.1	3p	-	56	1	5	2	2	10	0	0	0	1	0	0	0	0	0	0	0	0	0	0	0	0	0	0	0	0	0
NZ_UGQW01000001.1	3p	-	57	2	3	2	2	9	0	0	1	0	0	0	0	0	0	0	0	0	0	0	0	0	0	0	0	0	0
NZ_UGQW01000001.1	3p	-	58	1	3	3	2	9	0	0	0	0	0	0	0	0	0	0	0	0	0	0	0	0	0	0	0	0	0
NZ_UGQW01000001.1	3p	-	59	2	0	4	3	9	0	0	0	0	0	0	0	0	0	0	0	0	0	0	0	0	0	0	0	0	0
NZ_UGQW01000001.1	3p	-	60	0	3	2	2	7	0	0	0	0	0	0	0	0	0	0	0	0	0	0	0	0	0	0	0	0	0
NZ_UGQW01000001.1	3p	-	61	2	3	1	1	7	0	0	0	0	0	0	0	0	0	0	0	0	0	0	0	0	0	0	0	0	0
NZ_UGQW01000001.1	3p	-	62	1	1	3	2	7	0	0	0	0	0	0	0	0	0	0	0	0	0	0	0	0	0	0	0	0	0
NZ_UGQW01000001.1	3p	-	63	1	1	3	2	7	0	0	0	0	0	0	0	0	0	0	0	0	0	0	0	0	0	0	0	0	0
NZ_UGQW01000001.1	3p	-	64	0	3	0	4	7	0	0	0	0	0	0	0	0	0	0	0	0	0	0	0	0	0	0	0	0	0
NZ_UGQW01000001.1	3p	-	65	1	2	3	1	7	0	0	0	0	0	0	0	0	0	0	0	0	0	0	0	0	0	0	0	0	0
NZ_UGQW01000001.1	3p	-	66	0	2	2	3	7	0	0	0	0	0	0	0	0	0	0	0	0	0	0	0	0	0	0	0	0	0
NZ_UGQW01000001.1	3p	-	67	3	1	3	0	7	0	0	0	0	0	0	0	0	0	0	0	0	0	0	0	0	0	0	0	0	0
NZ_UGQW01000001.1	3p	-	68	2	3	1	1	7	0	1	0	0	0	0	0	0	0	0	0	0	0	0	0	0	0	0	0	0	0
NZ_UGQW01000001.1	3p	-	69	1	2	2	1	6	0	0	0	0	0	0	0	0	0	0	0	0	0	0	0	0	0	0	0	0	0
NZ_UGQW01000001.1	3p	-	70	3	0	0	3	6	0	0	0	0	0	0	0	0	0	0	0	0	0	0	0	0	0	0	0	0	0
NZ_UGQW01000001.1	5p	+	1	12	12	5	11	40	0	2	0	0	0	0	0	0	0	0	0	0	0	0	0	0	0	0	0	0	0
NZ_UGQW01000001.1	5p	+	2	16	6	10	8	40	0	1	0	0	0	0	0	2	0	0	0	0	0	0	0	0	0	0	0	0	0
NZ_UGQW01000001.1	5p	+	3	10	6	12	12	40	0	0	0	0	0	0	0	0	0	0	0	0	0	0	0	0	0	0	0	0	0
NZ_UGQW01000001.1	5p	+	4	10	12	12	6	40	1	2	0	1	1	0	0	0	0	0	0	0	0	0	0	0	0	0	0	0	0
NZ_UGQW01000001.1	5p	+	5	10	14	12	4	40	1	0	1	0	0	0	1	0	0	0	0	0	0	0	0	0	0	0	0	0	0
NZ_UGQW01000001.1	5p	+	6	9	14	9	8	40	0	4	0	0	0	0	0	0	0	0	0	0	0	0	0	0	0	0	0	0	0
NZ_UGQW01000001.1	5p	+	7	8	10	16	6	40	0	1	0	0	0	0	0	0	0	0	0	0	0	0	0	0	0	0	0	0	0
NZ_UGQW01000001.1	5p	+	8	5	11	11	13	40	0	1	1	0	0	0	0	0	0	0	0	0	0	0	0	0	0	0	0	0	0
NZ_UGQW01000001.1	5p	+	9	7	13	10	10	40	0	1	2	0	0	0	0	0	0	0	0	0	0	0	0	0	0	0	0	0	0
NZ_UGQW01000001.1	5p	+	10	6	12	9	13	40	0	0	0	0	0	0	0	0	0	0	1	0	0	0	0	0	0	0	0	0	0
NZ_UGQW01000001.1	5p	+	11	10	6	17	7	40	0	0	0	0	0	0	0	0	0	0	1	0	0	0	0	0	0	0	0	0	0
NZ_UGQW01000001.1	5p	+	12	7	11	13	9	40	0	1	0	1	0	0	0	0	0	0	0	0	0	1	0	0	0	0	0	0	0
NZ_UGQW01000001.1	5p	+	13	10	10	13	7	40	0	1	0	0	1	0	0	0	0	0	1	0	0	0	0	0	0	0	0	0	0
NZ_UGQW01000001.1	5p	+	14	7	15	10	8	40	0	0	2	0	0	0	0	0	0	0	0	0	0	0	0	0	0	0	0	0	0
NZ_UGQW01000001.1	5p	+	15	12	10	13	5	40	1	1	0	0	0	0	0	0	0	0	0	0	0	0	0	0	0	0	0	0	0
NZ_UGQW01000001.1	5p	+	16	9	8	15	8	40	0	0	0	1	0	0	0	0	0	0	0	0	0	0	0	0	0	0	0	0	0
NZ_UGQW01000001.1	5p	+	17	6	16	8	10	40	0	0	0	0	1	0	0	0	0	0	0	1	0	0	0	0	0	0	0	0	0
NZ_UGQW01000001.1	5p	+	18	11	8	13	8	40	0	0	1	0	0	0	0	0	0	0	0	0	0	0	0	0	0	0	0	0	0
NZ_UGQW01000001.1	5p	+	19	7	14	10	9	40	0	1	0	0	0	0	0	0	0	0	0	0	0	0	0	0	0	0	0	0	0
NZ_UGQW01000001.1	5p	+	20	15	7	5	13	40	0	0	0	1	0	1	0	0	0	0	0	0	0	0	0	0	0	0	0	0	0
NZ_UGQW01000001.1	5p	+	21	9	12	12	7	40	0	0	0	0	0	0	0	0	0	0	0	0	0	0	0	0	0	0	0	0	0
NZ_UGQW01000001.1	5p	+	22	10	10	8	12	40	1	0	1	1	0	0	0	1	0	0	0	1	0	0	0	0	0	0	0	0	0
NZ_UGQW01000001.1	5p	+	23	11	11	7	11	40	1	1	0	0	0	0	0	0	0	0	0	0	0	0	0	0	0	0	0	0	0
NZ_UGQW01000001.1	5p	+	24	11	8	16	5	40	1	0	0	2	0	0	0	0	0	0	0	0	0	0	0	0	0	0	0	0	0
NZ_UGQW01000001.1	5p	+	25	12	8	10	10	40	0	0	0	0	0	0	0	0	0	0	1	0	0	0	0	0	0	0	0	0	0
NZ_UGQW01000001.1	5p	+	26	7	7	17	9	40	0	0	0	0	0	0	0	0	0	1	0	0	0	0	0	0	0	0	0	0	0
NZ_UGQW01000001.1	5p	+	27	13	9	6	12	40	0	0	0	0	0	0	0	0	0	0	0	0	1	0	0	0	0	0	0	0	0
NZ_UGQW01000001.1	5p	+	28	10	11	8	11	40	0	1	0	1	0	0	0	0	0	1	0	0	0	0	0	0	0	0	0	0	0
NZ_UGQW01000001.1	5p	+	29	6	13	11	10	40	0	0	0	0	0	0	1	0	0	0	0	0	0	0	0	0	0	0	0	0	0
NZ_UGQW01000001.1	5p	+	30	6	12	10	12	40	0	0	0	2	0	0	0	0	0	0	0	0	0	0	0	0	0	0	0	0	0
NZ_UGQW01000001.1	5p	+	31	9	11	15	2	37	0	0	0	0	0	1	0	0	0	0	0	0	0	0	0	0	0	0	0	0	0
NZ_UGQW01000001.1	5p	+	32	7	12	10	5	34	0	1	0	0	0	0	0	0	0	0	0	2	0	0	0	0	0	0	0	0	0
NZ_UGQW01000001.1	5p	+	33	6	7	6	9	28	0	1	0	0	0	0	0	0	0	0	0	0	0	0	0	0	0	0	0	0	0
NZ_UGQW01000001.1	5p	+	34	5	8	7	6	26	0	1	0	0	0	0	0	0	0	0	0	0	0	0	0	0	0	0	0	0	0
NZ_UGQW01000001.1	5p	+	35	7	7	7	3	24	0	0	0	0	0	0	0	0	0	0	0	0	0	0	0	0	0	0	0	0	0
NZ_UGQW01000001.1	5p	+	36	4	8	8	3	23	1	0	0	0	0	0	0	0	1	0	0	0	0	0	0	0	0	0	0	0	0
NZ_UGQW01000001.1	5p	+	37	1	6	8	6	21	0	0	0	0	0	0	0	0	0	0	0	0	0	0	0	0	0	0	0	0	0
NZ_UGQW01000001.1	5p	+	38	4	5	10	2	21	0	0	0	1	0	0	1	0	0	0	0	0	0	0	0	0	0	0	0	0	0
NZ_UGQW01000001.1	5p	+	39	7	6	3	5	21	0	1	0	0	0	0	0	0	0	0	0	0	0	0	0	0	0	0	0	0	0
NZ_UGQW01000001.1	5p	+	40	4	4	5	6	19	1	0	0	0	0	0	0	0	0	0	0	0	0	0	0	0	0	0	0	0	0
NZ_UGQW01000001.1	5p	+	41	3	4	6	6	19	0	1	0	0	0	0	0	0	0	0	0	0	0	0	0	0	0	0	0	0	0
NZ_UGQW01000001.1	5p	+	42	4	5	7	1	17	0	0	0	0	0	0	0	0	0	0	0	0	0	0	0	0	0	0	0	0	0
NZ_UGQW01000001.1	5p	+	43	6	7	4	0	17	0	1	0	0	0	0	0	0	0	0	0	0	0	0	0	0	0	0	0	0	0
NZ_UGQW01000001.1	5p	+	44	5	6	5	1	17	1	1	0	0	0	0	0	0	0	0	0	0	0	0	0	0	0	0	0	0	0
NZ_UGQW01000001.1	5p	+	45	7	2	2	4	15	0	0	0	0	0	0	0	0	0	0	0	0	0	0	0	0	0	0	0	0	0
NZ_UGQW01000001.1	5p	+	46	5	1	5	4	15	0	0	0	0	0	0	0	0	0	0	0	0	0	0	0	0	0	0	0	0	0
NZ_UGQW01000001.1	5p	+	47	2	6	2	5	15	0	0	0	0	0	0	0	0	0	0	0	0	0	0	0	0	0	0	0	0	0
NZ_UGQW01000001.1	5p	+	48	2	2	3	6	13	0	0	0	1	0	0	0	0	0	0	0	0	0	0	0	0	0	0	0	0	0
NZ_UGQW01000001.1	5p	+	49	6	2	2	3	13	0	1	0	0	0	0	0	0	0	0	0	0	0	0	0	0	0	0	0	0	0
NZ_UGQW01000001.1	5p	+	50	2	2	3	5	12	0	0	0	0	0	0	0	0	0	0	0	0	0	0	0	0	0	0	0	0	0
NZ_UGQW01000001.1	5p	+	51	2	6	2	2	12	0	0	0	0	0	0	0	0	0	0	0	0	0	0	0	0	0	0	0	0	0
NZ_UGQW01000001.1	5p	+	52	3	4	3	1	11	0	1	0	0	0	0	0	0	0	0	0	0	0	0	0	0	0	0	0	0	0
NZ_UGQW01000001.1	5p	+	53	4	2	1	2	9	0	0	0	0	0	0	0	0	0	0	0	0	0	0	0	0	0	0	0	0	0
NZ_UGQW01000001.1	5p	+	54	2	2	2	3	9	0	0	0	0	0	0	0	0	0	0	0	0	0	0	0	0	0	0	0	0	0
NZ_UGQW01000001.1	5p	+	55	3	2	0	4	9	0	0	0	0	0	0	0	0	0	0	0	0	0	0	0	0	0	0	0	0	0
NZ_UGQW01000001.1	5p	+	56	2	4	1	2	9	0	0	0	0	0	0	0	0	0	0	0	0	0	0	0	0	0	0	0	0	0
NZ_UGQW01000001.1	5p	+	57	0	1	6	2	9	0	1	0	0	0	0	0	0	0	0	0	0	0	0	0	0	0	0	0	0	0
NZ_UGQW01000001.1	5p	+	58	3	2	1	3	9	0	0	0	0	0	0	0	0	0	0	0	0	0	0	0	0	0	0	0	0	0
NZ_UGQW01000001.1	5p	+	59	2	2	4	1	9	0	0	0	0	0	0	0	0	0	0	0	0	0	0	0	0	0	0	0	0	0
NZ_UGQW01000001.1	5p	+	60	3	0	3	3	9	0	0	1	0	0	0	0	0	0	0	0	0	0	0	0	0	0	0	0	0	0
NZ_UGQW01000001.1	5p	+	61	0	1	1	5	7	0	0	0	0	0	0	0	0	0	0	0	0	0	0	0	0	0	0	0	0	0
NZ_UGQW01000001.1	5p	+	62	1	3	1	2	7	0	0	0	0	0	0	0	0	0	0	0	0	0	0	0	0	0	0	0	0	0
NZ_UGQW01000001.1	5p	+	63	2	2	2	1	7	0	0	0	0	0	0	0	0	0	0	0	0	0	0	0	0	0	0	0	0	0
NZ_UGQW01000001.1	5p	+	64	2	1	1	3	7	0	0	1	0	0	0	0	0	0	0	0	0	0	0	0	0	0	0	0	0	0
NZ_UGQW01000001.1	5p	+	65	2	3	1	1	7	0	0	0	1	0	0	0	0	0	0	0	0	0	0	0	0	0	0	0	0	0
NZ_UGQW01000001.1	5p	+	66	2	1	2	2	7	0	0	0	0	0	0	0	0	0	0	0	0	0	0	0	0	0	0	0	0	0
NZ_UGQW01000001.1	5p	+	67	1	1	2	2	6	0	0	0	0	0	0	0	0	0	0	0	0	0	0	0	0	0	0	0	0	0
NZ_UGQW01000001.1	5p	+	68	0	2	1	2	5	0	0	0	1	0	0	0	0	0	0	0	0	0	0	0	0	0	0	0	0	0
NZ_UGQW01000001.1	5p	+	69	2	0	1	1	4	0	0	0	0	0	0	0	0	0	0	0	0	0	0	0	0	0	0	0	0	0
NZ_UGQW01000001.1	5p	+	70	1	1	1	1	4	0	0	0	0	0	0	0	0	0	0	0	0	0	0	0	0	0	0	0	0	0
NZ_UGQW01000001.1	5p	-	1	5	10	9	15	39	0	5	0	0	0	0	0	0	0	0	1	0	0	0	0	0	0	0	0	0	0
NZ_UGQW01000001.1	5p	-	2	14	8	7	10	39	0	0	0	0	0	0	0	0	0	0	0	0	0	0	0	0	0	0	0	0	0
NZ_UGQW01000001.1	5p	-	3	9	14	10	6	39	1	2	1	0	0	0	0	0	0	0	1	0	0	0	0	0	0	0	0	0	0
NZ_UGQW01000001.1	5p	-	4	10	15	7	7	39	1	1	0	0	0	1	0	0	0	0	0	0	0	0	0	0	0	0	0	0	0
NZ_UGQW01000001.1	5p	-	5	11	10	11	7	39	0	1	0	0	0	0	0	0	0	0	0	0	0	0	0	0	0	0	0	0	0
NZ_UGQW01000001.1	5p	-	6	9	8	11	11	39	1	0	0	1	0	0	0	0	0	0	0	0	0	0	0	0	0	0	0	0	0
NZ_UGQW01000001.1	5p	-	7	8	10	10	11	39	0	0	0	0	0	0	0	0	0	0	0	0	0	0	0	0	0	0	0	0	0
NZ_UGQW01000001.1	5p	-	8	6	6	15	12	39	0	0	2	0	0	0	0	0	0	0	0	0	0	0	0	0	0	0	0	0	0
NZ_UGQW01000001.1	5p	-	9	9	7	12	11	39	1	0	0	0	0	0	0	0	0	0	0	0	0	0	0	0	0	0	0	0	0
NZ_UGQW01000001.1	5p	-	10	11	6	13	9	39	0	0	0	1	0	0	0	0	0	0	0	0	0	0	0	0	0	0	0	0	0
NZ_UGQW01000001.1	5p	-	11	12	9	8	10	39	2	1	1	0	0	0	0	0	0	0	0	0	0	0	0	0	0	0	0	0	0
NZ_UGQW01000001.1	5p	-	12	7	13	12	7	39	0	0	0	0	0	0	0	0	0	0	1	0	0	0	0	0	0	0	0	0	0
NZ_UGQW01000001.1	5p	-	13	9	14	8	8	39	0	0	0	0	0	0	0	0	0	0	0	0	0	0	0	0	0	0	0	0	0
NZ_UGQW01000001.1	5p	-	14	12	12	11	4	39	0	0	0	0	1	0	0	0	0	0	0	0	0	0	0	0	0	0	0	0	0
NZ_UGQW01000001.1	5p	-	15	5	14	13	7	39	0	1	1	0	0	0	0	0	0	0	0	0	0	0	0	0	0	0	0	0	0
NZ_UGQW01000001.1	5p	-	16	9	12	10	8	39	0	1	0	1	0	0	0	0	0	0	0	0	0	0	0	0	0	0	0	0	0
NZ_UGQW01000001.1	5p	-	17	13	10	10	6	39	0	0	1	0	0	0	0	0	0	0	0	0	0	0	0	0	0	0	0	0	0
NZ_UGQW01000001.1	5p	-	18	10	12	8	9	39	0	0	0	0	0	0	0	0	0	0	0	0	0	0	0	0	0	0	0	0	0
NZ_UGQW01000001.1	5p	-	19	9	9	12	9	39	0	0	1	0	0	0	0	0	0	0	0	0	0	0	0	0	0	0	0	0	0
NZ_UGQW01000001.1	5p	-	20	7	14	11	7	39	0	0	2	0	0	0	0	0	0	0	0	0	0	0	0	0	0	0	0	0	0
NZ_UGQW01000001.1	5p	-	21	12	11	5	11	39	0	0	1	1	0	0	0	0	0	0	0	0	0	0	0	0	0	0	0	0	0
NZ_UGQW01000001.1	5p	-	22	5	9	13	12	39	1	1	0	0	0	0	0	0	0	0	0	0	0	0	0	0	0	0	0	0	0
NZ_UGQW01000001.1	5p	-	23	7	14	7	11	39	0	0	0	1	1	0	0	0	0	0	0	0	0	0	0	0	0	0	0	0	0
NZ_UGQW01000001.1	5p	-	24	6	9	13	11	39	0	0	0	0	0	0	1	0	0	0	0	0	0	0	0	0	0	0	0	0	0
NZ_UGQW01000001.1	5p	-	25	9	12	14	4	39	0	2	0	0	0	0	0	0	0	0	0	0	0	0	0	0	0	0	0	0	0
NZ_UGQW01000001.1	5p	-	26	10	16	9	4	39	0	1	0	0	0	0	1	1	0	0	1	0	0	0	0	0	0	0	0	0	0
NZ_UGQW01000001.1	5p	-	27	9	9	12	9	39	0	1	0	1	0	0	0	0	0	0	0	0	0	0	0	0	0	0	0	0	0
NZ_UGQW01000001.1	5p	-	28	6	12	10	11	39	0	2	0	0	0	0	0	0	0	0	0	0	0	0	0	0	0	0	0	0	0
NZ_UGQW01000001.1	5p	-	29	6	14	11	8	39	0	0	0	0	0	0	0	0	0	0	0	0	0	0	0	0	0	0	0	0	0
NZ_UGQW01000001.1	5p	-	30	9	12	9	9	39	0	0	0	0	0	0	1	0	0	0	0	0	0	0	0	0	0	0	0	0	0
NZ_UGQW01000001.1	5p	-	31	9	15	11	2	37	0	1	0	0	0	0	0	0	0	0	0	0	0	0	0	0	0	0	0	0	0
NZ_UGQW01000001.1	5p	-	32	9	6	13	8	36	1	0	0	0	0	0	0	0	0	0	0	1	0	0	0	0	0	0	0	0	0
NZ_UGQW01000001.1	5p	-	33	12	8	7	6	33	0	0	0	0	0	0	1	0	0	0	0	0	0	0	0	0	0	0	0	0	0
NZ_UGQW01000001.1	5p	-	34	9	5	7	8	29	1	0	0	0	0	0	0	0	0	0	0	0	0	0	0	0	0	0	0	0	0
NZ_UGQW01000001.1	5p	-	35	8	8	8	5	29	1	1	0	0	0	0	0	0	0	0	0	0	0	0	0	0	0	0	0	0	0
NZ_UGQW01000001.1	5p	-	36	10	3	8	8	29	0	1	1	0	0	0	0	0	0	0	0	0	0	0	0	0	0	0	0	0	0
NZ_UGQW01000001.1	5p	-	37	5	13	6	3	27	0	1	1	0	0	0	0	0	0	0	0	0	0	0	0	0	0	0	0	0	0
NZ_UGQW01000001.1	5p	-	38	4	9	7	5	25	0	1	0	0	0	0	0	0	0	0	0	0	0	0	0	0	0	0	0	0	0
NZ_UGQW01000001.1	5p	-	39	7	6	7	4	24	0	1	0	0	0	0	0	0	0	0	0	0	0	0	0	0	0	0	0	0	0
NZ_UGQW01000001.1	5p	-	40	7	6	4	7	24	0	1	0	1	0	0	0	0	0	0	0	0	0	0	0	0	0	0	0	0	0
NZ_UGQW01000001.1	5p	-	41	10	3	5	6	24	0	1	0	0	0	0	0	0	0	0	0	0	0	0	0	0	0	0	0	0	0
NZ_UGQW01000001.1	5p	-	42	6	7	3	6	22	0	1	0	0	0	0	0	0	0	0	0	0	0	0	0	0	0	0	0	0	0
NZ_UGQW01000001.1	5p	-	43	2	7	6	5	20	0	1	1	0	0	0	0	1	0	0	0	0	0	0	0	0	0	0	0	0	0
NZ_UGQW01000001.1	5p	-	44	4	6	5	4	19	1	1	0	0	0	0	0	0	0	0	0	0	0	0	0	0	0	0	0	0	0
NZ_UGQW01000001.1	5p	-	45	4	5	4	5	18	1	1	0	0	0	0	0	0	0	0	0	0	0	0	0	0	0	0	0	0	0
NZ_UGQW01000001.1	5p	-	46	5	4	3	5	17	0	0	0	0	0	0	0	0	0	0	0	0	0	0	0	0	0	0	0	0	0
NZ_UGQW01000001.1	5p	-	47	2	8	2	5	17	0	0	0	0	0	0	0	0	0	0	0	0	0	0	0	0	0	0	0	0	0
NZ_UGQW01000001.1	5p	-	48	2	3	4	7	16	0	0	0	0	0	0	0	0	0	0	0	0	0	0	0	0	0	0	0	0	0
NZ_UGQW01000001.1	5p	-	49	3	7	3	3	16	0	0	0	0	0	0	0	0	0	0	0	0	0	0	0	0	0	0	0	0	0
NZ_UGQW01000001.1	5p	-	50	6	4	2	3	15	0	0	1	0	0	0	0	0	0	0	0	0	0	0	0	0	0	0	0	0	0
NZ_UGQW01000001.1	5p	-	51	5	3	3	4	15	0	0	0	0	0	0	0	0	0	0	0	0	0	0	0	0	0	0	0	0	0
NZ_UGQW01000001.1	5p	-	52	4	1	1	6	12	0	0	0	0	0	0	0	0	0	0	0	0	0	0	0	0	0	0	0	0	0
NZ_UGQW01000001.1	5p	-	53	1	2	5	4	12	0	0	0	0	0	0	0	0	0	0	1	0	0	0	0	0	0	0	0	0	0
NZ_UGQW01000001.1	5p	-	54	2	4	2	4	12	0	0	0	0	0	0	0	0	0	0	0	0	0	0	0	0	0	0	0	0	0
NZ_UGQW01000001.1	5p	-	55	1	1	6	2	10	0	0	0	0	0	0	0	0	0	0	0	0	0	0	0	0	0	0	0	0	0
NZ_UGQW01000001.1	5p	-	56	0	3	4	3	10	0	1	0	0	0	0	0	0	0	0	0	0	0	0	0	0	0	0	0	0	0
NZ_UGQW01000001.1	5p	-	57	1	2	3	3	9	0	0	0	0	0	0	0	0	0	0	0	0	0	0	0	0	0	0	0	0	0
NZ_UGQW01000001.1	5p	-	58	5	2	0	2	9	0	0	1	0	0	0	0	0	0	0	0	0	0	0	0	0	0	0	0	0	0
NZ_UGQW01000001.1	5p	-	59	5	1	2	1	9	0	0	0	0	0	0	0	0	0	0	0	0	0	0	0	0	0	0	0	0	0
NZ_UGQW01000001.1	5p	-	60	1	2	3	1	7	0	0	0	0	0	0	0	0	0	0	0	0	0	0	0	0	0	0	0	0	0
NZ_UGQW01000001.1	5p	-	61	0	2	2	3	7	0	0	0	0	0	0	0	0	0	0	0	0	0	0	0	0	0	0	0	0	0
NZ_UGQW01000001.1	5p	-	62	1	1	4	1	7	0	0	0	0	0	0	0	0	0	0	0	0	0	0	0	0	0	0	0	0	0
NZ_UGQW01000001.1	5p	-	63	0	3	4	0	7	0	1	0	0	0	0	0	0	0	0	0	0	0	0	0	0	0	0	0	0	0
NZ_UGQW01000001.1	5p	-	64	1	2	2	2	7	0	0	0	0	0	0	0	0	0	0	0	0	0	0	0	0	0	0	0	0	0
NZ_UGQW01000001.1	5p	-	65	2	2	2	1	7	0	0	0	0	0	0	0	0	0	0	0	0	0	0	0	0	0	0	0	0	0
NZ_UGQW01000001.1	5p	-	66	4	2	1	0	7	0	0	0	0	0	0	0	0	0	0	0	0	0	0	0	0	0	0	0	0	0
NZ_UGQW01000001.1	5p	-	67	2	3	1	1	7	0	0	1	0	0	0	0	0	0	0	0	0	0	0	0	0	0	0	0	0	0
NZ_UGQW01000001.1	5p	-	68	3	2	1	1	7	0	0	0	0	0	0	0	0	0	0	0	0	0	0	0	0	0	0	0	0	0
NZ_UGQW01000001.1	5p	-	69	1	1	2	2	6	0	0	0	0	0	0	0	0	0	0	0	0	0	0	0	0	0	0	0	0	0
NZ_UGQW01000001.1	5p	-	70	1	1	1	3	6	0	0	1	0	0	0	0	0	0	0	0	0	0	0	0	0	0	0	0	0	0
NZ_UGQW01000002.1	3p	+	1	108	124	85	70	387	1	17	2	7	2	2	2	6	1	2	2	1	0	0	0	0	0	0	0	0	0
NZ_UGQW01000002.1	3p	+	2	110	103	101	73	387	2	11	4	2	0	1	0	0	1	2	2	2	0	0	0	0	0	0	0	0	0
NZ_UGQW01000002.1	3p	+	3	87	105	119	76	387	2	14	5	3	0	1	2	1	2	2	2	0	0	0	0	0	0	0	0	0	0
NZ_UGQW01000002.1	3p	+	4	103	105	106	73	387	4	12	3	4	1	0	0	3	4	0	3	1	0	0	0	0	0	0	0	0	0
NZ_UGQW01000002.1	3p	+	5	104	98	100	85	387	3	11	4	1	0	0	0	1	0	1	2	1	0	0	0	0	0	0	0	0	0
NZ_UGQW01000002.1	3p	+	6	101	105	103	78	387	2	8	3	1	0	0	0	2	0	0	0	1	0	0	0	0	0	0	0	0	0
NZ_UGQW01000002.1	3p	+	7	103	99	99	86	387	6	4	1	0	1	1	0	0	0	1	1	1	0	0	0	0	0	0	0	0	0
NZ_UGQW01000002.1	3p	+	8	86	115	100	86	387	1	10	2	3	0	0	0	1	1	0	0	0	0	0	0	0	0	0	0	0	0
NZ_UGQW01000002.1	3p	+	9	70	109	122	86	387	1	3	4	3	1	0	1	0	0	1	2	3	0	0	0	0	0	0	0	0	0
NZ_UGQW01000002.1	3p	+	10	97	105	105	80	387	5	5	4	2	1	0	0	1	1	0	0	1	0	0	0	1	0	0	0	0	0
NZ_UGQW01000002.1	3p	+	11	92	104	102	89	387	3	3	5	2	0	0	2	0	0	1	0	1	0	0	0	0	0	0	0	0	0
NZ_UGQW01000002.1	3p	+	12	86	121	109	71	387	2	6	1	1	1	0	1	0	0	0	3	2	0	0	0	0	0	0	0	0	0
NZ_UGQW01000002.1	3p	+	13	82	102	119	84	387	2	3	4	1	0	0	0	0	0	0	1	1	0	0	0	0	0	0	0	0	0
NZ_UGQW01000002.1	3p	+	14	82	124	93	88	387	0	10	0	8	0	0	0	0	0	0	0	0	0	0	0	0	0	0	0	0	0
NZ_UGQW01000002.1	3p	+	15	92	110	104	81	387	4	2	2	2	0	1	1	1	0	0	0	0	0	0	0	0	0	0	0	0	0
NZ_UGQW01000002.1	3p	+	16	84	107	111	85	387	2	4	3	4	1	0	2	1	1	2	0	0	0	0	0	1	0	0	0	0	0
NZ_UGQW01000002.1	3p	+	17	88	106	103	90	387	4	5	2	4	1	0	2	1	2	0	0	0	0	0	0	0	0	0	0	0	0
NZ_UGQW01000002.1	3p	+	18	70	109	126	82	387	3	5	1	4	2	0	3	0	0	0	3	0	0	0	0	0	0	0	0	0	0
NZ_UGQW01000002.1	3p	+	19	79	110	118	79	386	2	7	1	1	0	0	0	0	0	0	0	1	0	0	0	0	0	0	1	0	0
NZ_UGQW01000002.1	3p	+	20	87	121	112	67	387	0	3	3	4	0	0	5	1	0	1	3	1	0	0	0	0	0	0	0	0	0
NZ_UGQW01000002.1	3p	+	21	86	110	108	83	387	3	4	4	2	0	0	3	2	1	0	3	0	0	0	0	0	0	0	0	0	0
NZ_UGQW01000002.1	3p	+	22	79	111	114	83	387	3	6	1	4	0	0	1	0	0	1	0	0	0	0	0	1	0	0	0	0	0
NZ_UGQW01000002.1	3p	+	23	82	106	115	84	387	0	5	3	6	0	0	1	1	0	0	3	1	1	0	0	0	0	0	0	0	0
NZ_UGQW01000002.1	3p	+	24	81	141	94	71	387	2	7	2	2	0	0	5	1	1	0	3	2	0	0	0	0	0	0	0	0	0
NZ_UGQW01000002.1	3p	+	25	82	107	103	94	386	4	6	3	6	1	1	0	2	1	1	2	0	0	0	0	0	0	0	0	1	0
NZ_UGQW01000002.1	3p	+	26	82	126	97	82	387	0	8	1	4	2	0	1	2	2	0	0	1	0	0	0	0	0	0	0	0	0
NZ_UGQW01000002.1	3p	+	27	96	104	109	78	387	4	7	3	2	3	1	0	2	2	0	0	2	0	0	0	0	0	0	0	0	0
NZ_UGQW01000002.1	3p	+	28	92	103	103	89	387	2	2	0	4	1	0	1	1	0	0	0	0	1	0	0	0	0	0	0	0	0
NZ_UGQW01000002.1	3p	+	29	95	123	91	78	387	2	0	2	3	1	0	1	1	1	0	1	0	1	0	1	0	0	0	0	0	0
NZ_UGQW01000002.1	3p	+	30	93	132	91	71	387	1	9	6	5	0	0	3	1	0	0	1	0	0	0	0	0	0	0	0	0	0
NZ_UGQW01000002.1	3p	+	31	79	95	101	81	356	4	7	3	4	2	0	1	0	2	1	1	2	0	0	0	0	0	0	0	0	0
NZ_UGQW01000002.1	3p	+	32	64	94	88	76	322	0	6	1	3	2	0	0	2	1	1	1	2	0	0	0	0	0	0	0	0	0
NZ_UGQW01000002.1	3p	+	33	74	89	71	66	300	3	7	1	0	0	0	1	1	0	0	0	0	0	0	0	0	0	1	0	0	0
NZ_UGQW01000002.1	3p	+	34	63	84	60	70	277	2	4	2	3	1	2	2	0	0	0	0	0	0	0	0	0	0	0	0	0	0
NZ_UGQW01000002.1	3p	+	35	72	59	65	64	260	2	4	3	1	0	0	0	0	0	0	1	0	0	0	1	0	0	0	0	0	0
NZ_UGQW01000002.1	3p	+	36	56	68	61	57	242	0	6	3	0	0	1	1	0	0	0	0	1	0	0	0	0	0	0	0	0	0
NZ_UGQW01000002.1	3p	+	37	54	64	59	51	228	2	4	0	1	0	0	2	0	0	1	1	0	0	0	0	0	0	0	0	0	0
NZ_UGQW01000002.1	3p	+	38	49	51	61	52	213	2	4	2	0	0	1	1	0	0	0	0	0	0	0	0	0	0	0	0	0	0
NZ_UGQW01000002.1	3p	+	39	43	68	48	43	202	1	4	1	0	1	0	1	0	0	0	1	1	0	0	0	0	0	0	0	0	0
NZ_UGQW01000002.1	3p	+	40	40	51	45	48	184	2	3	0	1	0	1	0	1	1	0	1	0	0	1	0	0	0	0	0	0	0
NZ_UGQW01000002.1	3p	+	41	39	44	52	37	172	1	3	4	0	1	0	0	0	0	0	0	1	0	0	0	0	0	0	0	0	0
NZ_UGQW01000002.1	3p	+	42	43	45	53	29	170	1	6	1	0	0	0	1	0	0	1	0	0	0	0	0	0	0	0	0	0	0
NZ_UGQW01000002.1	3p	+	43	37	39	45	36	157	0	5	1	0	0	0	0	0	0	0	0	0	0	0	0	0	0	0	0	0	0
NZ_UGQW01000002.1	3p	+	44	27	38	44	33	142	0	4	0	1	0	1	0	1	0	0	0	0	0	0	0	0	0	0	0	0	0
NZ_UGQW01000002.1	3p	+	45	30	39	40	23	132	1	4	1	1	0	0	1	0	0	0	0	0	0	0	0	0	0	0	0	0	0
NZ_UGQW01000002.1	3p	+	46	28	36	29	31	124	1	6	1	0	0	0	0	1	0	1	0	0	0	0	0	0	0	0	0	0	0
NZ_UGQW01000002.1	3p	+	47	28	31	33	22	114	2	2	0	0	0	0	0	2	0	0	0	0	0	0	0	0	0	0	0	0	0
NZ_UGQW01000002.1	3p	+	48	26	34	24	20	104	1	2	0	0	0	0	0	0	0	1	1	1	0	0	0	0	0	0	0	0	0
NZ_UGQW01000002.1	3p	+	49	21	25	22	27	95	1	0	0	1	0	0	0	0	0	0	0	0	0	0	0	0	0	0	0	0	0
NZ_UGQW01000002.1	3p	+	50	22	24	19	21	86	0	1	0	2	0	0	0	1	0	0	0	0	0	0	0	0	0	0	0	0	0
NZ_UGQW01000002.1	3p	+	51	24	27	8	20	79	0	1	2	1	0	0	0	0	0	0	1	0	0	0	0	0	0	0	0	0	0
NZ_UGQW01000002.1	3p	+	52	17	22	21	15	75	0	1	1	1	0	0	0	0	0	0	0	0	0	0	0	0	0	0	0	0	0
NZ_UGQW01000002.1	3p	+	53	8	28	26	7	69	0	1	0	0	0	0	0	0	0	0	0	0	0	0	0	0	0	0	0	0	0
NZ_UGQW01000002.1	3p	+	54	10	22	22	9	63	0	1	0	0	0	0	0	0	0	0	1	0	0	0	0	0	0	0	0	0	0
NZ_UGQW01000002.1	3p	+	55	12	18	17	16	63	0	0	2	0	0	0	0	0	0	0	0	0	0	0	0	0	0	0	0	0	0
NZ_UGQW01000002.1	3p	+	56	12	14	17	17	60	1	2	0	1	0	0	0	1	0	0	0	0	0	0	0	0	0	0	0	0	0
NZ_UGQW01000002.1	3p	+	57	17	15	12	14	58	0	0	0	0	0	0	0	0	0	0	0	0	0	0	0	0	0	0	0	0	0
NZ_UGQW01000002.1	3p	+	58	10	18	17	8	53	0	2	0	0	0	0	1	0	0	0	0	1	0	0	0	0	0	0	0	0	0
NZ_UGQW01000002.1	3p	+	59	8	15	17	12	52	0	2	0	0	0	0	1	0	1	0	0	0	0	0	0	0	0	0	0	0	0
NZ_UGQW01000002.1	3p	+	60	15	11	8	15	49	0	0	0	0	0	0	0	0	0	0	0	0	0	0	0	0	0	0	0	0	0
NZ_UGQW01000002.1	3p	+	61	8	14	11	12	45	0	1	0	0	0	0	0	1	0	0	0	0	0	0	0	0	0	0	0	0	0
NZ_UGQW01000002.1	3p	+	62	9	10	12	12	43	0	1	0	0	0	0	0	0	0	0	0	0	0	0	0	0	0	0	0	0	0
NZ_UGQW01000002.1	3p	+	63	9	13	11	8	41	0	0	1	1	0	0	0	0	0	0	0	0	0	0	0	0	0	0	0	0	0
NZ_UGQW01000002.1	3p	+	64	7	8	8	15	38	0	0	0	0	1	0	0	0	0	0	0	0	0	0	0	0	0	0	0	0	0
NZ_UGQW01000002.1	3p	+	65	9	9	12	8	38	0	1	0	0	0	0	0	0	0	0	0	0	0	0	0	0	0	0	0	0	0
NZ_UGQW01000002.1	3p	+	66	13	7	9	7	36	0	3	1	0	0	0	0	0	0	0	0	0	0	0	0	0	0	0	0	0	0
NZ_UGQW01000002.1	3p	+	67	9	10	8	8	35	1	0	0	0	0	0	0	0	0	0	0	0	0	0	0	0	0	0	0	0	0
NZ_UGQW01000002.1	3p	+	68	5	12	6	8	31	0	1	0	1	0	0	0	1	0	0	0	0	0	0	0	0	0	0	0	0	0
NZ_UGQW01000002.1	3p	+	69	3	7	11	10	31	0	0	0	1	0	0	0	0	0	0	0	0	0	0	0	0	0	0	0	0	0
NZ_UGQW01000002.1	3p	+	70	4	11	11	4	30	0	0	0	0	0	0	0	0	0	0	0	0	0	0	0	0	0	0	0	0	0
NZ_UGQW01000002.1	3p	-	1	86	117	94	77	374	3	26	7	2	4	1	0	0	0	1	2	2	0	0	0	0	0	0	0	0	0
NZ_UGQW01000002.1	3p	-	2	101	96	104	73	374	2	12	4	2	0	0	1	2	1	1	0	0	0	0	0	0	0	0	0	0	0
NZ_UGQW01000002.1	3p	-	3	83	91	118	82	374	1	5	4	1	0	1	1	2	2	1	0	1	0	0	0	0	0	0	0	0	0
NZ_UGQW01000002.1	3p	-	4	95	90	99	90	374	1	9	4	1	2	0	1	1	0	0	1	1	0	0	0	0	0	0	0	0	0
NZ_UGQW01000002.1	3p	-	5	87	82	111	94	374	3	7	1	2	0	0	2	1	1	0	2	3	0	0	0	0	0	0	0	0	0
NZ_UGQW01000002.1	3p	-	6	77	101	113	83	374	7	7	2	4	0	0	1	1	1	2	0	0	0	0	0	0	0	0	0	0	0
NZ_UGQW01000002.1	3p	-	7	71	109	106	88	374	2	9	2	6	0	2	0	1	2	0	1	0	0	0	0	0	0	0	0	0	0
NZ_UGQW01000002.1	3p	-	8	89	105	105	75	374	1	5	1	4	0	0	0	1	1	1	0	1	0	0	0	0	0	0	0	0	0
NZ_UGQW01000002.1	3p	-	9	79	102	118	75	374	2	5	1	2	0	0	1	1	0	0	2	0	0	0	0	0	0	0	0	0	0
NZ_UGQW01000002.1	3p	-	10	79	110	92	93	374	1	6	3	4	2	0	2	0	0	0	2	0	1	1	1	1	0	0	0	0	0
NZ_UGQW01000002.1	3p	-	11	91	94	107	82	374	4	6	2	0	1	0	0	0	1	1	2	1	0	0	0	0	0	0	0	0	0
NZ_UGQW01000002.1	3p	-	12	67	102	120	85	374	5	5	2	4	0	0	1	1	2	2	2	1	0	0	0	1	0	0	0	0	0
NZ_UGQW01000002.1	3p	-	13	63	96	119	96	374	2	2	1	3	1	1	4	1	1	0	2	0	0	0	0	0	0	0	0	0	0
NZ_UGQW01000002.1	3p	-	14	91	91	107	85	374	2	5	3	1	1	0	1	0	1	0	1	2	0	0	0	0	0	0	0	0	0
NZ_UGQW01000002.1	3p	-	15	57	107	126	84	374	2	6	2	3	0	0	1	0	0	2	3	2	0	0	0	0	0	0	0	0	0
NZ_UGQW01000002.1	3p	-	16	70	103	110	91	374	1	5	2	2	1	0	0	0	0	0	2	1	0	0	0	0	0	0	0	0	0
NZ_UGQW01000002.1	3p	-	17	72	95	116	91	374	4	5	4	1	1	0	1	0	0	0	0	2	0	0	0	0	0	0	0	0	0
NZ_UGQW01000002.1	3p	-	18	73	109	115	77	374	1	4	5	6	0	0	2	0	0	0	1	0	0	0	0	0	0	0	0	0	0
NZ_UGQW01000002.1	3p	-	19	80	106	105	83	374	4	1	4	3	0	1	0	1	0	0	0	0	0	1	0	1	0	0	0	0	0
NZ_UGQW01000002.1	3p	-	20	75	107	100	92	374	1	5	0	4	1	2	1	0	1	1	1	0	0	0	0	0	0	0	0	0	0
NZ_UGQW01000002.1	3p	-	21	84	96	101	93	374	3	2	5	2	0	0	3	1	1	0	0	1	0	0	0	0	0	0	0	0	0
NZ_UGQW01000002.1	3p	-	22	80	104	101	89	374	3	1	0	1	3	0	3	0	0	0	0	2	0	0	0	0	0	0	0	0	0
NZ_UGQW01000002.1	3p	-	23	83	93	101	97	374	2	3	2	1	1	1	0	0	1	0	1	1	0	0	0	0	0	0	0	0	0
NZ_UGQW01000002.1	3p	-	24	79	106	110	79	374	3	5	3	1	2	1	0	0	2	0	1	0	0	0	0	0	0	0	0	0	0
NZ_UGQW01000002.1	3p	-	25	74	116	100	84	374	1	4	1	3	0	1	0	0	0	0	1	0	0	0	0	0	0	0	0	0	0
NZ_UGQW01000002.1	3p	-	26	81	106	107	80	374	5	4	2	2	0	0	0	0	1	0	2	0	0	0	0	0	0	0	0	0	0
NZ_UGQW01000002.1	3p	-	27	72	86	122	94	374	2	4	0	5	0	0	0	1	1	0	1	0	0	0	0	0	0	0	0	0	0
NZ_UGQW01000002.1	3p	-	28	75	110	105	84	374	3	10	6	0	0	0	2	1	1	0	2	0	0	0	0	0	0	0	0	0	0
NZ_UGQW01000002.1	3p	-	29	81	102	109	82	374	3	7	1	3	0	0	1	0	1	0	2	0	0	0	0	0	0	0	0	0	0
NZ_UGQW01000002.1	3p	-	30	71	120	106	77	374	3	11	1	3	0	1	4	1	1	0	3	0	0	0	0	0	0	0	0	0	0
NZ_UGQW01000002.1	3p	-	31	73	92	98	83	346	1	10	4	3	0	0	0	0	1	1	2	2	0	0	0	0	0	0	0	0	0
NZ_UGQW01000002.1	3p	-	32	69	77	80	83	309	1	2	3	1	0	0	0	1	0	0	1	0	0	0	0	0	0	0	0	0	0
NZ_UGQW01000002.1	3p	-	33	66	69	90	68	293	3	5	2	2	0	0	1	0	0	0	2	1	0	0	0	0	0	0	0	0	0
NZ_UGQW01000002.1	3p	-	34	61	87	65	61	274	1	4	2	3	0	0	1	0	1	0	2	2	0	0	0	0	0	0	0	0	0
NZ_UGQW01000002.1	3p	-	35	48	75	73	58	254	2	6	1	0	0	0	1	0	0	0	0	1	0	0	0	1	0	0	0	0	0
NZ_UGQW01000002.1	3p	-	36	61	73	60	44	238	2	5	2	1	1	1	0	1	0	0	0	1	0	0	0	0	0	0	0	0	0
NZ_UGQW01000002.1	3p	-	37	60	73	47	48	228	0	7	1	0	2	0	0	0	0	0	1	0	1	0	0	0	0	0	0	0	0
NZ_UGQW01000002.1	3p	-	38	48	58	64	43	213	2	5	0	2	0	1	0	0	0	0	0	0	0	1	0	0	0	0	0	0	0
NZ_UGQW01000002.1	3p	-	39	45	54	54	47	200	1	5	1	0	0	0	0	0	0	0	0	0	0	0	0	0	0	0	0	0	0
NZ_UGQW01000002.1	3p	-	40	51	56	40	42	189	2	3	2	3	0	0	0	0	0	0	0	0	0	0	0	0	0	0	0	0	0
NZ_UGQW01000002.1	3p	-	41	48	49	43	42	182	2	4	1	1	2	0	1	0	0	0	0	0	0	0	0	0	0	0	0	0	0
NZ_UGQW01000002.1	3p	-	42	33	56	42	41	172	0	8	2	2	0	0	0	0	0	0	0	1	0	0	0	0	0	0	0	0	0
NZ_UGQW01000002.1	3p	-	43	35	45	47	33	160	0	7	1	1	0	0	0	0	0	0	0	0	0	0	0	0	0	0	0	0	0
NZ_UGQW01000002.1	3p	-	44	29	43	40	32	144	1	4	0	1	1	0	0	0	0	0	0	1	0	0	0	0	0	0	0	0	0
NZ_UGQW01000002.1	3p	-	45	36	40	35	23	134	1	3	0	1	0	0	0	0	0	0	0	0	0	0	0	0	0	0	0	0	0
NZ_UGQW01000002.1	3p	-	46	20	37	35	28	120	0	5	0	1	0	0	0	0	0	0	0	0	0	0	0	0	0	0	0	0	0
NZ_UGQW01000002.1	3p	-	47	22	35	24	31	112	0	3	0	1	0	0	0	0	0	0	0	0	0	0	0	0	0	0	0	0	0
NZ_UGQW01000002.1	3p	-	48	21	34	28	20	103	0	1	0	0	0	0	1	0	0	0	1	0	0	0	0	0	0	0	0	0	0
NZ_UGQW01000002.1	3p	-	49	19	26	25	29	99	1	2	0	0	1	0	0	0	0	0	0	0	0	0	0	0	0	0	0	0	0
NZ_UGQW01000002.1	3p	-	50	17	29	25	18	89	0	0	0	1	0	0	1	0	0	0	0	0	0	0	0	0	0	0	0	0	0
NZ_UGQW01000002.1	3p	-	51	20	18	21	27	86	1	1	1	2	0	0	0	0	0	0	0	0	0	0	0	0	0	0	0	0	0
NZ_UGQW01000002.1	3p	-	52	28	21	19	17	85	0	1	0	0	0	0	0	0	0	0	0	0	0	0	0	0	0	0	0	0	0
NZ_UGQW01000002.1	3p	-	53	17	19	20	24	80	0	1	0	0	0	0	0	0	0	0	0	0	0	0	0	0	0	0	0	0	0
NZ_UGQW01000002.1	3p	-	54	13	21	14	25	73	0	2	1	0	0	0	0	0	0	0	0	0	0	0	0	0	0	0	0	0	0
NZ_UGQW01000002.1	3p	-	55	20	13	16	19	68	0	2	0	0	0	0	0	0	0	0	0	0	1	0	0	0	0	0	0	0	0
NZ_UGQW01000002.1	3p	-	56	24	14	17	11	66	0	1	0	0	0	0	0	0	0	0	0	0	0	0	0	0	0	0	0	0	0
NZ_UGQW01000002.1	3p	-	57	17	17	15	15	64	1	0	1	0	0	0	0	0	0	0	0	0	0	0	0	0	0	0	0	0	0
NZ_UGQW01000002.1	3p	-	58	16	10	17	19	62	1	0	1	0	0	0	0	0	0	0	0	0	0	0	0	0	0	0	0	0	0
NZ_UGQW01000002.1	3p	-	59	15	19	13	12	59	0	1	1	0	0	0	0	0	0	0	0	0	0	0	0	0	0	0	0	0	0
NZ_UGQW01000002.1	3p	-	60	10	18	16	13	57	0	1	0	0	0	0	0	0	0	0	0	0	0	0	0	0	0	0	0	0	0
NZ_UGQW01000002.1	3p	-	61	12	19	18	7	56	0	4	0	0	0	0	0	0	0	0	0	0	0	0	0	0	0	0	0	0	0
NZ_UGQW01000002.1	3p	-	62	9	19	15	12	55	0	1	0	0	0	0	0	1	0	0	0	0	0	0	0	0	0	0	0	0	0
NZ_UGQW01000002.1	3p	-	63	12	9	14	16	51	1	2	0	0	0	0	0	0	0	1	0	0	0	0	0	0	0	0	0	0	0
NZ_UGQW01000002.1	3p	-	64	8	12	12	16	48	0	2	0	0	0	0	0	0	0	0	0	0	0	0	0	0	0	0	0	0	0
NZ_UGQW01000002.1	3p	-	65	9	13	8	16	46	1	1	0	2	0	0	0	0	0	0	0	0	0	0	0	0	0	0	0	0	0
NZ_UGQW01000002.1	3p	-	66	11	12	8	13	44	0	1	0	0	0	1	0	0	0	0	0	0	0	0	0	0	0	0	0	0	0
NZ_UGQW01000002.1	3p	-	67	13	11	10	8	42	0	0	0	0	0	0	0	0	0	0	0	0	0	0	0	0	0	0	0	0	0
NZ_UGQW01000002.1	3p	-	68	19	7	11	5	42	0	0	0	0	0	0	0	0	0	0	0	0	0	0	0	0	0	0	0	0	0
NZ_UGQW01000002.1	3p	-	69	11	13	6	9	39	0	0	1	0	0	0	0	0	0	0	0	0	0	0	0	0	0	0	0	0	0
NZ_UGQW01000002.1	3p	-	70	7	11	11	6	35	0	1	0	0	0	0	0	0	0	0	0	0	0	0	0	0	0	0	0	0	0
NZ_UGQW01000002.1	5p	+	1	85	120	65	117	387	2	25	2	2	1	1	2	1	0	3	1	2	0	0	0	0	0	0	0	0	0
NZ_UGQW01000002.1	5p	+	2	99	101	103	84	387	2	14	2	5	0	2	3	2	1	1	3	2	0	0	0	0	0	0	0	0	0
NZ_UGQW01000002.1	5p	+	3	104	100	113	70	387	3	10	4	0	1	0	3	2	2	0	1	1	0	0	0	0	0	0	0	0	0
NZ_UGQW01000002.1	5p	+	4	111	104	93	79	387	3	5	3	0	2	0	1	1	0	0	0	1	0	0	0	0	0	0	0	0	0
NZ_UGQW01000002.1	5p	+	5	90	117	102	78	387	3	5	4	1	2	1	0	2	0	0	0	2	0	0	0	0	0	0	0	0	0
NZ_UGQW01000002.1	5p	+	6	82	112	103	90	387	2	9	4	4	2	1	1	2	0	1	1	0	0	0	0	0	0	0	0	0	0
NZ_UGQW01000002.1	5p	+	7	81	130	95	81	387	4	6	3	0	1	0	1	0	0	0	1	0	0	0	0	0	0	0	0	0	0
NZ_UGQW01000002.1	5p	+	8	84	106	112	85	387	0	3	5	6	0	0	4	1	1	1	1	1	0	0	1	0	0	0	0	0	0
NZ_UGQW01000002.1	5p	+	9	82	112	110	83	387	1	5	3	2	2	1	2	0	1	0	1	1	0	0	1	0	0	0	0	0	0
NZ_UGQW01000002.1	5p	+	10	82	111	109	85	387	2	6	4	3	1	1	0	2	1	0	3	2	0	0	0	0	0	0	0	0	0
NZ_UGQW01000002.1	5p	+	11	79	125	111	72	387	5	5	1	2	0	1	2	0	0	0	2	1	1	0	0	0	0	0	0	0	0
NZ_UGQW01000002.1	5p	+	12	95	98	111	82	386	2	5	2	5	1	0	3	1	0	1	0	0	0	0	0	0	0	0	0	1	0
NZ_UGQW01000002.1	5p	+	13	88	108	106	85	387	0	7	2	4	0	0	1	0	1	0	2	0	0	0	0	0	0	0	0	0	0
NZ_UGQW01000002.1	5p	+	14	73	119	103	92	387	1	9	3	4	2	0	3	0	1	0	0	1	1	0	0	0	0	0	0	0	0
NZ_UGQW01000002.1	5p	+	15	79	117	109	82	387	1	6	0	4	1	0	2	1	0	2	1	1	1	0	0	0	0	0	0	0	0
NZ_UGQW01000002.1	5p	+	16	90	106	110	81	387	1	4	2	1	0	0	3	2	1	0	2	0	0	0	0	0	0	0	0	0	0
NZ_UGQW01000002.1	5p	+	17	80	119	112	76	387	2	4	2	3	0	0	1	1	1	0	0	0	0	0	0	0	0	0	0	0	0
NZ_UGQW01000002.1	5p	+	18	91	119	103	74	387	3	5	4	6	0	0	1	0	0	0	2	1	0	0	0	0	0	0	0	0	0
NZ_UGQW01000002.1	5p	+	19	92	107	93	95	387	3	2	1	3	0	1	0	1	1	0	1	0	0	0	0	0	0	0	0	0	0
NZ_UGQW01000002.1	5p	+	20	80	114	108	85	387	2	3	4	2	0	0	1	0	0	0	2	1	0	0	0	0	0	0	0	0	0
NZ_UGQW01000002.1	5p	+	21	78	105	115	89	387	2	2	3	2	0	0	5	0	0	0	1	2	0	0	0	0	0	0	0	0	0
NZ_UGQW01000002.1	5p	+	22	93	110	105	79	387	2	6	1	4	1	0	0	0	0	0	1	0	0	0	0	0	0	0	0	0	0
NZ_UGQW01000002.1	5p	+	23	85	115	116	71	387	4	7	5	3	1	0	0	0	2	0	4	0	0	0	0	0	0	0	0	0	0
NZ_UGQW01000002.1	5p	+	24	88	120	106	72	386	3	6	4	3	0	0	1	2	1	1	1	2	0	0	0	0	0	1	0	0	0
NZ_UGQW01000002.1	5p	+	25	89	110	97	91	387	1	2	4	2	0	0	1	1	0	0	0	2	0	0	0	0	0	0	0	0	0
NZ_UGQW01000002.1	5p	+	26	84	111	106	86	387	0	5	1	2	1	0	0	1	0	0	1	0	0	0	0	0	0	0	0	0	0
NZ_UGQW01000002.1	5p	+	27	95	96	111	85	387	4	8	4	7	1	0	0	0	2	0	3	1	0	0	0	0	0	0	0	0	0
NZ_UGQW01000002.1	5p	+	28	75	115	103	94	387	2	3	1	3	0	1	1	1	0	0	0	1	0	0	0	0	0	0	0	0	0
NZ_UGQW01000002.1	5p	+	29	92	107	103	85	387	5	6	5	4	0	0	0	0	1	4	0	1	0	0	0	1	0	0	0	0	0
NZ_UGQW01000002.1	5p	+	30	89	99	117	82	387	2	7	1	4	1	1	2	1	4	1	1	0	0	0	0	1	0	0	0	0	0
NZ_UGQW01000002.1	5p	+	31	89	98	92	77	356	0	9	2	2	0	0	1	2	1	1	2	1	0	0	0	0	0	0	0	0	0
NZ_UGQW01000002.1	5p	+	32	83	90	80	69	322	2	10	3	2	2	0	1	3	0	0	1	0	0	0	0	0	0	0	0	0	0
NZ_UGQW01000002.1	5p	+	33	64	79	86	72	301	1	4	1	3	0	0	1	2	0	1	1	1	0	0	0	0	0	0	0	0	0
NZ_UGQW01000002.1	5p	+	34	71	79	71	56	277	2	4	2	1	0	1	0	2	1	1	1	0	0	0	0	0	0	0	0	0	0
NZ_UGQW01000002.1	5p	+	35	60	70	69	61	260	1	7	1	1	2	0	0	2	1	0	0	0	0	0	0	0	0	0	0	0	0
NZ_UGQW01000002.1	5p	+	36	52	76	65	49	242	2	6	2	2	0	0	0	0	0	0	0	0	0	0	0	0	0	0	0	0	0
NZ_UGQW01000002.1	5p	+	37	64	57	61	46	228	0	3	1	1	0	0	0	0	0	0	0	1	0	0	0	0	0	0	0	0	0
NZ_UGQW01000002.1	5p	+	38	56	49	66	42	213	1	4	3	0	0	1	0	0	1	0	0	1	0	0	0	0	0	0	0	0	0
NZ_UGQW01000002.1	5p	+	39	52	56	49	45	202	0	6	0	1	0	0	0	0	0	0	0	0	0	0	0	0	0	0	0	0	0
NZ_UGQW01000002.1	5p	+	40	37	58	51	38	184	2	5	0	1	0	0	0	1	0	0	0	0	0	0	0	0	0	0	0	0	0
NZ_UGQW01000002.1	5p	+	41	33	58	46	35	172	0	4	1	1	1	1	0	1	0	0	0	0	0	0	0	0	0	0	0	0	0
NZ_UGQW01000002.1	5p	+	42	47	41	51	31	170	2	1	1	2	0	0	0	0	0	0	1	0	0	0	0	0	0	0	0	0	0
NZ_UGQW01000002.1	5p	+	43	42	43	38	34	157	1	3	0	0	0	0	0	0	0	0	0	0	0	0	0	0	0	0	0	0	0
NZ_UGQW01000002.1	5p	+	44	35	38	42	27	142	0	8	1	1	0	0	0	0	0	0	1	0	0	0	0	0	0	0	0	0	0
NZ_UGQW01000002.1	5p	+	45	31	39	33	29	132	0	1	1	1	0	0	1	0	0	0	1	1	0	0	0	0	0	0	0	0	0
NZ_UGQW01000002.1	5p	+	46	27	45	31	21	124	2	6	0	0	0	0	0	1	0	1	0	0	0	0	0	0	0	0	0	0	0
NZ_UGQW01000002.1	5p	+	47	26	29	30	29	114	1	3	2	0	0	0	0	0	0	0	0	0	0	1	0	0	0	0	0	0	0
NZ_UGQW01000002.1	5p	+	48	27	28	23	26	104	3	1	0	0	0	0	0	0	0	1	0	0	0	0	0	0	0	0	0	0	0
NZ_UGQW01000002.1	5p	+	49	25	26	29	15	95	2	1	0	1	0	1	0	0	0	0	0	1	0	0	0	0	0	0	0	0	0
NZ_UGQW01000002.1	5p	+	50	23	22	19	22	86	0	0	0	1	0	0	0	1	0	0	0	0	0	0	0	0	0	0	0	0	0
NZ_UGQW01000002.1	5p	+	51	22	20	20	17	79	1	2	1	0	0	0	0	0	1	0	0	0	0	0	0	0	0	0	0	0	0
NZ_UGQW01000002.1	5p	+	52	7	25	22	21	75	0	1	1	1	0	0	0	0	0	0	0	0	0	0	0	0	0	0	0	0	0
NZ_UGQW01000002.1	5p	+	53	14	25	17	13	69	0	1	0	2	0	0	0	0	0	0	0	0	0	0	0	0	0	0	0	0	0
NZ_UGQW01000002.1	5p	+	54	18	17	16	12	63	0	1	0	0	0	0	0	0	0	0	0	0	0	0	0	0	0	0	0	0	0
NZ_UGQW01000002.1	5p	+	55	13	24	17	8	62	0	2	0	0	0	0	0	0	0	0	0	0	0	0	0	0	0	0	1	0	0
NZ_UGQW01000002.1	5p	+	56	13	16	22	9	60	0	0	1	0	0	0	1	0	0	0	0	0	0	0	0	1	0	0	0	0	0
NZ_UGQW01000002.1	5p	+	57	15	12	21	10	58	0	3	0	1	0	0	0	1	0	0	0	0	0	0	0	0	0	0	0	0	0
NZ_UGQW01000002.1	5p	+	58	7	19	13	14	53	0	2	0	0	0	0	0	0	0	0	0	0	0	0	0	0	0	0	0	0	0
NZ_UGQW01000002.1	5p	+	59	9	14	20	9	52	4	2	0	0	0	0	0	0	0	0	1	0	0	0	0	0	0	0	0	0	0
NZ_UGQW01000002.1	5p	+	60	14	12	11	12	49	0	0	0	0	0	0	0	0	0	0	0	0	0	0	0	0	0	0	0	0	0
NZ_UGQW01000002.1	5p	+	61	14	9	12	10	45	1	2	0	0	0	0	0	0	0	0	0	0	0	0	0	0	0	0	0	0	0
NZ_UGQW01000002.1	5p	+	62	10	16	8	9	43	0	0	1	0	0	0	0	0	0	0	0	0	0	0	0	0	0	0	0	0	0
NZ_UGQW01000002.1	5p	+	63	11	12	12	6	41	0	0	0	0	0	0	0	0	0	0	0	0	0	0	0	0	0	0	0	0	0
NZ_UGQW01000002.1	5p	+	64	6	13	12	7	38	0	2	0	1	0	0	0	0	0	0	0	0	0	0	0	0	0	0	0	0	0
NZ_UGQW01000002.1	5p	+	65	11	13	7	7	38	0	0	1	0	0	0	0	1	0	0	0	0	0	0	0	0	0	0	0	0	0
NZ_UGQW01000002.1	5p	+	66	12	9	6	9	36	0	0	0	0	0	0	0	0	0	0	0	0	0	0	0	0	0	0	0	0	0
NZ_UGQW01000002.1	5p	+	67	10	9	6	10	35	0	0	0	0	0	0	0	0	0	0	0	0	0	0	0	0	0	0	0	0	0
NZ_UGQW01000002.1	5p	+	68	7	11	6	7	31	0	0	0	0	0	0	1	0	0	0	0	0	0	0	0	0	0	0	0	0	0
NZ_UGQW01000002.1	5p	+	69	7	8	5	11	31	0	0	0	0	0	0	0	0	0	0	0	0	0	0	0	0	0	0	0	0	0
NZ_UGQW01000002.1	5p	+	70	6	10	8	6	30	0	0	0	0	0	0	0	0	0	0	0	0	0	0	0	0	0	0	0	0	0
NZ_UGQW01000002.1	5p	-	1	77	111	59	127	374	3	35	2	2	1	0	2	0	1	1	0	1	0	0	0	0	0	0	0	0	0
NZ_UGQW01000002.1	5p	-	2	91	112	79	92	374	2	17	3	3	2	0	2	1	0	0	1	0	0	0	0	0	0	0	0	0	0
NZ_UGQW01000002.1	5p	-	3	91	91	118	74	374	3	6	2	3	0	0	2	0	2	0	1	1	0	0	0	0	0	0	0	0	0
NZ_UGQW01000002.1	5p	-	4	99	108	83	84	374	0	16	2	1	0	0	0	1	1	0	1	1	0	0	0	0	0	0	0	0	0
NZ_UGQW01000002.1	5p	-	5	78	106	109	81	374	6	8	2	5	1	0	2	0	0	0	5	1	0	0	0	0	0	0	0	0	0
NZ_UGQW01000002.1	5p	-	6	84	94	119	77	374	3	5	0	5	0	2	1	0	1	0	2	0	0	0	0	0	0	0	0	0	0
NZ_UGQW01000002.1	5p	-	7	75	121	92	86	374	3	9	2	3	1	2	0	0	1	0	2	0	0	0	0	0	0	0	0	0	0
NZ_UGQW01000002.1	5p	-	8	79	105	126	64	374	1	8	3	2	2	0	0	0	0	0	2	2	0	0	0	0	0	0	0	0	0
NZ_UGQW01000002.1	5p	-	9	72	97	119	86	374	0	2	3	1	1	0	3	0	1	1	2	0	0	0	0	1	0	0	0	0	0
NZ_UGQW01000002.1	5p	-	10	76	103	91	104	374	2	4	1	1	0	0	1	1	0	0	0	1	0	0	0	0	0	0	0	0	0
NZ_UGQW01000002.1	5p	-	11	76	112	103	83	374	4	3	3	2	1	0	2	1	2	0	2	1	1	0	0	0	0	0	0	0	0
NZ_UGQW01000002.1	5p	-	12	82	94	116	82	374	2	2	4	5	1	0	1	0	0	0	0	1	0	0	0	0	0	0	0	0	0
NZ_UGQW01000002.1	5p	-	13	73	120	97	84	374	4	2	2	2	0	1	1	1	0	0	1	1	0	0	0	0	0	0	0	0	0
NZ_UGQW01000002.1	5p	-	14	75	109	104	86	374	2	5	5	3	1	1	0	0	0	0	0	0	0	0	0	0	0	0	0	0	0
NZ_UGQW01000002.1	5p	-	15	74	106	113	81	374	2	4	3	2	1	0	1	1	0	0	0	0	1	0	0	0	0	0	0	0	0
NZ_UGQW01000002.1	5p	-	16	82	119	83	90	374	3	6	2	4	0	0	1	0	0	0	1	0	0	0	0	0	0	0	0	0	0
NZ_UGQW01000002.1	5p	-	17	89	112	98	75	374	2	8	5	2	1	0	2	0	1	0	1	0	0	0	0	0	0	0	0	0	0
NZ_UGQW01000002.1	5p	-	18	78	86	118	92	374	3	4	2	0	2	0	0	0	0	0	1	0	0	0	0	0	0	0	0	0	0
NZ_UGQW01000002.1	5p	-	19	86	95	103	90	374	0	6	2	2	0	2	0	0	1	0	1	0	0	0	0	0	0	0	0	0	0
NZ_UGQW01000002.1	5p	-	20	71	110	102	91	374	4	5	1	5	0	1	0	0	2	1	0	1	0	0	0	0	0	0	0	0	0
NZ_UGQW01000002.1	5p	-	21	64	96	132	82	374	4	1	2	1	1	0	1	0	0	1	2	1	0	0	0	0	0	0	0	0	0
NZ_UGQW01000002.1	5p	-	22	75	96	118	85	374	2	7	0	3	1	0	1	0	0	0	1	2	0	1	0	0	0	0	0	0	0
NZ_UGQW01000002.1	5p	-	23	87	113	91	83	374	0	5	2	2	0	0	0	1	0	0	5	0	0	0	0	0	0	0	0	0	0
NZ_UGQW01000002.1	5p	-	24	84	93	121	76	374	3	3	3	2	0	0	1	2	1	0	1	0	0	0	0	0	0	0	0	0	0
NZ_UGQW01000002.1	5p	-	25	96	93	106	79	374	1	1	3	3	1	1	0	0	0	0	1	1	1	0	0	0	0	0	0	0	0
NZ_UGQW01000002.1	5p	-	26	81	108	108	77	374	2	1	4	1	0	1	0	0	0	0	0	1	0	0	0	0	0	0	0	0	0
NZ_UGQW01000002.1	5p	-	27	77	87	124	86	374	2	6	3	1	0	0	3	2	1	1	3	3	0	0	0	0	0	0	0	0	0
NZ_UGQW01000002.1	5p	-	28	75	99	119	81	374	2	7	0	3	0	0	0	0	0	0	1	0	0	0	0	0	0	0	0	0	0
NZ_UGQW01000002.1	5p	-	29	74	109	109	82	374	1	7	2	2	1	0	1	0	0	1	2	1	0	0	0	1	0	0	0	0	0
NZ_UGQW01000002.1	5p	-	30	80	102	105	87	374	4	8	4	4	1	0	1	1	0	0	1	1	0	0	0	0	0	0	0	0	0
NZ_UGQW01000002.1	5p	-	31	70	83	98	95	346	2	3	3	3	0	1	0	2	1	2	1	1	0	1	0	0	0	0	0	0	0
NZ_UGQW01000002.1	5p	-	32	55	92	92	70	309	1	8	4	2	1	0	0	0	0	0	1	0	0	1	0	0	0	0	0	0	0
NZ_UGQW01000002.1	5p	-	33	65	69	88	71	293	1	7	1	1	2	0	0	0	1	1	1	2	0	0	0	0	0	0	0	0	0
NZ_UGQW01000002.1	5p	-	34	66	79	59	70	274	1	8	1	1	0	0	1	0	0	0	1	0	0	0	0	1	0	0	0	0	0
NZ_UGQW01000002.1	5p	-	35	43	78	78	55	254	2	1	3	1	1	0	0	0	1	0	0	0	0	0	0	0	0	0	0	0	0
NZ_UGQW01000002.1	5p	-	36	64	58	73	43	238	5	4	2	0	0	0	1	0	2	0	0	0	0	0	0	0	0	0	0	0	0
NZ_UGQW01000002.1	5p	-	37	58	76	49	45	228	1	5	0	0	0	0	2	0	0	0	1	0	0	0	1	0	0	0	0	0	0
NZ_UGQW01000002.1	5p	-	38	49	52	64	48	213	3	4	0	3	0	0	2	0	1	0	0	1	0	0	0	0	0	0	0	0	0
NZ_UGQW01000002.1	5p	-	39	39	42	64	55	200	1	5	1	3	0	0	0	0	0	1	0	1	0	0	0	0	0	0	0	0	0
NZ_UGQW01000002.1	5p	-	40	52	51	44	42	189	0	4	0	1	0	0	0	0	0	0	0	0	0	0	0	0	0	0	0	0	0
NZ_UGQW01000002.1	5p	-	41	36	58	48	40	182	1	4	3	2	0	1	0	0	2	0	0	0	0	0	0	0	0	0	0	0	0
NZ_UGQW01000002.1	5p	-	42	38	42	44	48	172	0	4	5	1	0	0	0	2	1	0	0	0	0	0	0	0	0	0	0	0	0
NZ_UGQW01000002.1	5p	-	43	31	42	55	32	160	1	4	1	1	0	0	0	0	0	0	0	0	0	0	0	0	0	0	0	0	0
NZ_UGQW01000002.1	5p	-	44	23	51	34	36	144	0	3	1	2	0	0	0	1	0	0	0	0	0	0	0	0	0	0	0	0	0
NZ_UGQW01000002.1	5p	-	45	32	36	39	27	134	1	4	0	0	0	0	0	0	0	0	0	0	0	0	0	0	0	0	0	0	0
NZ_UGQW01000002.1	5p	-	46	21	37	32	30	120	0	1	0	0	0	0	0	0	0	0	0	0	0	0	0	0	0	0	0	0	0
NZ_UGQW01000002.1	5p	-	47	25	28	25	34	112	0	2	0	0	0	0	1	0	0	1	0	0	0	0	0	0	0	0	0	0	0
NZ_UGQW01000002.1	5p	-	48	20	20	31	32	103	0	1	1	1	0	0	0	1	0	1	0	0	0	0	0	0	0	0	0	0	0
NZ_UGQW01000002.1	5p	-	49	24	26	29	20	99	1	3	0	1	0	0	0	0	0	0	0	0	0	0	0	0	0	0	0	0	0
NZ_UGQW01000002.1	5p	-	50	23	27	15	24	89	0	2	0	1	0	0	0	1	0	1	0	0	0	0	0	0	0	0	0	0	0
NZ_UGQW01000002.1	5p	-	51	22	22	21	21	86	1	1	0	0	0	0	0	0	0	0	0	0	0	0	0	0	0	0	0	0	0
NZ_UGQW01000002.1	5p	-	52	14	20	28	23	85	0	0	0	0	0	0	0	0	0	0	0	0	0	0	0	0	0	0	0	0	0
NZ_UGQW01000002.1	5p	-	53	12	25	24	19	80	0	2	0	1	0	0	0	0	0	0	0	0	0	0	0	0	0	0	0	0	0
NZ_UGQW01000002.1	5p	-	54	19	23	17	14	73	0	2	0	0	0	0	0	0	0	0	1	0	0	0	0	0	0	0	0	0	0
NZ_UGQW01000002.1	5p	-	55	23	21	11	13	68	0	3	0	1	0	0	0	0	0	0	0	0	0	0	0	0	0	0	0	0	0
NZ_UGQW01000002.1	5p	-	56	16	21	18	11	66	1	2	0	0	0	0	0	0	0	0	0	3	0	0	0	0	0	0	0	0	0
NZ_UGQW01000002.1	5p	-	57	16	22	13	13	64	0	3	0	0	1	0	0	0	0	0	0	0	0	0	0	0	0	0	0	0	0
NZ_UGQW01000002.1	5p	-	58	15	13	15	19	62	1	1	0	0	0	0	0	0	0	0	0	0	0	0	0	0	0	0	0	0	0
NZ_UGQW01000002.1	5p	-	59	8	21	17	13	59	0	0	0	0	0	0	0	0	0	0	0	0	0	0	0	0	0	0	0	0	0
NZ_UGQW01000002.1	5p	-	60	17	14	12	14	57	0	2	0	1	0	0	0	0	0	0	0	0	0	0	0	0	0	0	0	0	0
NZ_UGQW01000002.1	5p	-	61	18	10	18	10	56	0	0	1	0	0	0	0	0	0	0	0	0	0	0	0	0	0	0	0	0	0
NZ_UGQW01000002.1	5p	-	62	18	14	12	11	55	1	2	1	0	1	0	0	0	0	0	0	0	0	0	0	0	0	0	0	0	0
NZ_UGQW01000002.1	5p	-	63	6	16	15	14	51	0	2	1	0	0	0	0	0	0	0	0	0	0	0	0	0	0	0	0	0	0
NZ_UGQW01000002.1	5p	-	64	12	7	14	15	48	0	0	0	1	0	0	0	0	0	0	0	0	0	0	0	0	0	0	0	0	0
NZ_UGQW01000002.1	5p	-	65	13	8	12	13	46	0	1	0	0	0	0	0	0	0	0	0	0	0	0	0	0	0	0	0	0	0
NZ_UGQW01000002.1	5p	-	66	8	10	16	10	44	0	2	1	0	0	0	0	0	0	1	0	0	0	0	0	0	0	0	0	0	0
NZ_UGQW01000002.1	5p	-	67	10	9	15	8	42	1	2	0	0	0	0	0	0	0	0	0	0	0	0	0	0	0	0	0	0	0
NZ_UGQW01000002.1	5p	-	68	10	12	11	9	42	1	1	1	0	0	0	0	0	0	0	0	0	0	0	0	0	0	0	0	0	0
NZ_UGQW01000002.1	5p	-	69	6	12	12	9	39	0	2	0	1	0	0	0	0	1	0	0	0	0	0	0	0	0	0	0	0	0
NZ_UGQW01000002.1	5p	-	70	6	9	12	8	35	1	1	0	0	0	1	0	0	0	0	0	0	0	0	0	0	0	0	0	0	0
