# table produced by mapDamage version 2.2.3
# using mapped file /mnt/archgen/microbiome_calculus/library_ds_vs_ss/04-analysis/normalize_kraken/mapping/lautropia_mirabilis/out/PES001.B0101.SG1.3_5M.mapped_l_mirabilis_q25l30_rmdup.bam and /mnt/archgen/microbiome_calculus/library_ds_vs_ss/04-analysis/normalize_kraken/mapping/lautropia_mirabilis/input/GCF_900637555.1_51726_E01_genomic.fna as reference file
# Chr: reference from sam/bam header, End: from which termini of DNA sequences, Std: strand of reads
Chr	End	Std	Pos	A	C	G	T	Total	G>A	C>T	A>G	T>C	A>C	A>T	C>G	C>A	T>G	T>A	G>C	G>T	A>-	T>-	C>-	G>-	->A	->T	->C	->G	S
NZ_LR134378.1	3p	+	1	3235	3373	4808	1763	13179	1995	52	54	59	9	7	35	42	8	17	28	9	0	0	0	0	0	0	0	0	0
NZ_LR134378.1	3p	+	2	2700	4307	4085	2087	13179	959	88	61	106	12	5	39	32	10	13	45	11	0	0	0	0	0	0	0	0	0
NZ_LR134378.1	3p	+	3	2295	4521	4161	2202	13179	599	85	60	57	19	5	27	26	18	6	35	24	0	0	0	0	0	0	0	0	0
NZ_LR134378.1	3p	+	4	2494	3975	4367	2343	13179	440	68	68	70	12	3	26	20	15	12	24	27	0	0	0	0	0	0	0	0	0
NZ_LR134378.1	3p	+	5	2284	4240	4499	2156	13179	295	67	63	89	13	6	33	26	19	8	39	21	0	0	0	0	0	0	0	0	0
NZ_LR134378.1	3p	+	6	2279	4412	4214	2273	13178	219	80	62	89	13	4	27	20	19	5	37	13	1	0	0	0	0	0	0	1	0
NZ_LR134378.1	3p	+	7	2408	4182	4256	2331	13177	207	62	64	61	13	3	38	13	4	10	26	15	1	0	0	0	2	0	0	0	0
NZ_LR134378.1	3p	+	8	2234	4336	4457	2148	13175	194	66	67	77	15	6	45	30	11	12	40	21	1	0	0	0	1	1	1	1	0
NZ_LR134378.1	3p	+	9	2286	4395	4277	2220	13178	108	78	72	76	7	6	31	15	16	8	40	10	2	0	2	0	0	1	0	0	0
NZ_LR134378.1	3p	+	10	2309	4136	4434	2298	13177	149	54	67	68	8	6	26	19	14	5	31	21	1	0	0	1	0	0	1	1	0
NZ_LR134378.1	3p	+	11	2083	4395	4559	2140	13177	152	76	82	71	5	7	40	27	13	6	34	14	0	0	0	1	0	1	1	0	0
NZ_LR134378.1	3p	+	12	2157	4355	4420	2246	13178	131	75	64	80	13	5	34	21	18	11	30	21	0	0	0	0	0	0	0	1	0
NZ_LR134378.1	3p	+	13	2288	4257	4375	2258	13178	118	60	57	70	11	4	30	10	12	3	31	16	1	0	0	0	0	1	0	0	0
NZ_LR134378.1	3p	+	14	2220	4365	4546	2047	13178	140	58	79	72	9	6	36	29	20	1	43	12	2	0	1	0	0	0	1	0	0
NZ_LR134378.1	3p	+	15	2144	4468	4328	2238	13178	131	83	72	72	12	7	35	23	19	7	35	19	0	2	0	0	0	0	0	1	0
NZ_LR134378.1	3p	+	16	2329	4238	4366	2244	13177	140	61	67	52	13	3	29	17	7	8	31	17	1	0	0	0	0	0	2	0	0
NZ_LR134378.1	3p	+	17	2118	4330	4599	2131	13178	144	66	61	75	11	7	34	13	11	6	43	17	0	0	0	3	0	1	0	0	0
NZ_LR134378.1	3p	+	18	2132	4393	4419	2234	13178	115	80	70	69	9	3	34	9	16	8	42	17	0	1	2	0	0	0	0	1	0
NZ_LR134378.1	3p	+	19	2271	4253	4415	2238	13177	116	73	57	61	5	9	33	23	13	2	33	18	0	0	0	1	1	0	0	1	0
NZ_LR134378.1	3p	+	20	2130	4500	4584	1965	13179	140	80	60	66	16	3	34	17	7	4	43	14	1	0	0	0	0	0	0	0	0
NZ_LR134378.1	3p	+	21	2119	4475	4381	2203	13178	126	81	60	52	12	3	47	19	11	4	39	15	0	0	0	0	0	0	1	0	0
NZ_LR134378.1	3p	+	22	2271	4264	4372	2270	13177	98	91	66	63	10	7	29	18	11	5	34	12	0	0	2	0	1	0	0	1	0
NZ_LR134378.1	3p	+	23	2201	4362	4608	2008	13179	123	89	59	60	15	4	33	11	23	6	38	15	0	0	0	0	0	0	0	0	0
NZ_LR134378.1	3p	+	24	2133	4495	4387	2164	13179	88	88	64	65	14	2	32	20	9	5	34	19	0	0	0	0	0	0	0	0	0
NZ_LR134378.1	3p	+	25	2213	4236	4435	2294	13178	93	102	69	61	12	4	25	18	14	6	24	16	0	0	0	0	0	1	0	0	0
NZ_LR134378.1	3p	+	26	2228	4319	4463	2168	13178	112	131	54	63	11	3	37	23	10	11	39	21	0	0	0	2	0	0	0	1	0
NZ_LR134378.1	3p	+	27	2197	4463	4297	2220	13177	89	114	66	77	9	10	38	23	10	6	32	25	2	1	2	0	0	0	2	0	0
NZ_LR134378.1	3p	+	28	2306	4224	4317	2331	13178	85	142	68	66	13	4	25	19	11	4	34	17	0	1	0	0	1	0	0	0	0
NZ_LR134378.1	3p	+	29	2176	4417	4587	1999	13179	105	157	72	63	15	6	35	23	9	9	35	19	1	1	2	1	0	0	0	0	0
NZ_LR134378.1	3p	+	30	2150	4430	4308	2288	13176	88	214	67	66	12	5	29	18	10	10	36	19	0	0	1	0	0	1	0	2	0
NZ_LR134378.1	3p	+	31	2336	4190	4052	2244	12822	78	226	57	67	14	7	31	19	11	2	38	17	0	0	1	0	0	0	1	1	0
NZ_LR134378.1	3p	+	32	2083	4153	4152	2002	12390	95	235	74	77	14	9	33	22	8	8	35	20	1	0	1	1	0	0	0	1	0
NZ_LR134378.1	3p	+	33	2025	4040	3897	2022	11984	82	216	62	73	12	5	37	18	16	6	29	21	0	0	0	1	0	0	0	1	0
NZ_LR134378.1	3p	+	34	2166	3717	3626	2044	11553	70	265	57	56	9	5	33	18	10	3	29	25	0	0	0	0	1	0	0	1	0
NZ_LR134378.1	3p	+	35	1864	3770	3658	1799	11091	80	232	61	64	17	9	25	13	11	1	23	16	1	1	0	1	2	0	0	1	0
NZ_LR134378.1	3p	+	36	1766	3487	3400	1957	10610	71	225	64	57	8	2	25	15	10	2	33	15	1	0	1	1	0	0	0	0	0
NZ_LR134378.1	3p	+	37	1840	3250	3268	1789	10147	75	195	53	32	12	3	23	18	10	2	26	13	0	0	0	1	0	0	0	0	0
NZ_LR134378.1	3p	+	38	1657	3238	3189	1609	9693	74	203	47	47	6	3	24	12	9	3	27	17	0	0	0	1	0	0	0	0	0
NZ_LR134378.1	3p	+	39	1541	3115	2976	1669	9301	70	223	49	51	10	3	29	11	8	5	24	14	1	1	1	0	0	0	0	0	0
NZ_LR134378.1	3p	+	40	1563	2784	2899	1637	8883	56	194	36	40	8	5	17	9	8	7	19	16	0	0	0	0	0	1	0	0	0
NZ_LR134378.1	3p	+	41	1445	2762	2852	1421	8480	55	194	37	35	6	3	23	17	13	2	21	12	0	0	1	0	0	0	0	0	0
NZ_LR134378.1	3p	+	42	1359	2709	2571	1446	8085	51	235	29	41	6	2	21	7	10	6	20	10	1	0	0	0	0	0	1	0	0
NZ_LR134378.1	3p	+	43	1371	2533	2322	1410	7636	54	209	32	36	5	2	24	13	1	2	23	8	0	0	1	0	0	0	0	0	0
NZ_LR134378.1	3p	+	44	1217	2367	2387	1198	7169	50	225	30	42	7	3	15	7	9	4	14	17	0	0	0	0	0	0	0	1	0
NZ_LR134378.1	3p	+	45	1107	2315	2172	1152	6746	45	202	39	31	6	2	10	13	9	1	12	8	0	0	1	0	0	0	0	0	0
NZ_LR134378.1	3p	+	46	1129	2077	2051	1104	6361	38	175	29	25	4	4	13	8	6	2	12	6	0	0	0	2	0	0	0	0	0
NZ_LR134378.1	3p	+	47	1009	1963	1927	1066	5965	40	150	29	33	3	2	11	9	5	0	16	6	0	1	0	0	0	0	0	0	0
NZ_LR134378.1	3p	+	48	978	1898	1757	974	5607	26	155	35	28	5	1	18	6	5	1	20	5	0	0	0	0	1	0	0	0	0
NZ_LR134378.1	3p	+	49	944	1658	1667	983	5252	27	140	21	24	3	2	13	7	3	1	19	6	0	0	0	0	0	0	0	0	0
NZ_LR134378.1	3p	+	50	811	1608	1622	887	4928	36	134	22	34	2	2	7	6	8	1	11	11	0	1	0	0	0	0	0	0	0
NZ_LR134378.1	3p	+	51	785	1580	1444	828	4637	25	122	26	25	4	2	12	7	3	3	6	9	0	0	1	0	0	0	1	0	0
NZ_LR134378.1	3p	+	52	783	1393	1405	782	4363	17	106	25	21	1	3	7	4	1	3	6	7	0	0	0	0	2	0	0	0	0
NZ_LR134378.1	3p	+	53	673	1422	1336	684	4115	27	112	21	14	6	5	10	6	7	3	5	3	1	0	0	0	0	0	0	0	0
NZ_LR134378.1	3p	+	54	689	1239	1273	684	3885	24	97	22	15	2	4	3	4	2	1	7	4	0	0	1	0	0	1	1	0	0
NZ_LR134378.1	3p	+	55	689	1147	1107	708	3651	20	87	23	16	3	1	5	5	3	1	4	4	0	0	0	0	0	0	0	0	0
NZ_LR134378.1	3p	+	56	608	1173	1076	588	3445	23	87	26	18	5	2	9	1	5	1	7	3	0	0	0	0	0	0	0	0	0
NZ_LR134378.1	3p	+	57	593	1052	1038	564	3247	21	93	20	17	2	1	3	4	4	3	6	3	0	0	0	0	0	0	1	0	0
NZ_LR134378.1	3p	+	58	545	979	981	559	3064	20	66	12	12	1	1	4	3	2	0	5	4	0	1	0	0	0	0	0	0	0
NZ_LR134378.1	3p	+	59	500	951	938	502	2891	26	49	8	13	3	0	7	5	2	0	7	1	0	0	0	1	0	0	1	0	0
NZ_LR134378.1	3p	+	60	471	928	838	519	2756	21	63	12	13	0	0	6	2	1	1	2	7	0	1	0	0	0	0	0	0	0
NZ_LR134378.1	3p	+	61	473	835	818	489	2615	12	69	9	11	4	2	6	4	0	3	5	2	0	0	0	0	0	0	0	0	0
NZ_LR134378.1	3p	+	62	443	823	801	400	2467	11	66	9	14	5	0	9	4	1	4	4	4	0	0	0	0	0	0	0	0	0
NZ_LR134378.1	3p	+	63	406	719	764	467	2356	9	60	8	15	2	0	2	5	2	2	2	6	0	0	0	0	0	0	0	0	0
NZ_LR134378.1	3p	+	64	398	733	701	403	2235	12	59	10	15	1	2	7	2	0	1	5	4	1	0	0	0	0	0	0	0	0
NZ_LR134378.1	3p	+	65	352	719	682	346	2099	13	70	14	12	2	1	3	3	0	1	6	1	0	0	0	0	0	0	0	0	0
NZ_LR134378.1	3p	+	66	313	674	642	358	1987	13	54	6	8	6	0	4	3	2	0	7	3	0	0	0	0	0	0	0	0	0
NZ_LR134378.1	3p	+	67	346	601	587	330	1864	11	49	10	5	1	2	7	4	1	2	2	2	0	0	0	0	0	0	0	0	0
NZ_LR134378.1	3p	+	68	299	631	540	287	1757	18	50	9	7	1	1	2	2	1	0	7	2	0	0	0	0	0	0	0	0	0
NZ_LR134378.1	3p	+	69	267	541	526	318	1652	5	36	7	10	0	1	4	3	2	1	1	1	0	0	0	0	0	0	0	0	0
NZ_LR134378.1	3p	+	70	276	482	491	320	1569	13	37	6	11	0	1	5	3	1	1	3	3	0	0	0	0	0	0	0	0	0
NZ_LR134378.1	3p	-	1	3233	3417	4847	1764	13261	2011	51	48	64	12	4	34	43	14	15	19	20	0	0	0	0	0	0	0	0	0
NZ_LR134378.1	3p	-	2	2746	4247	4267	2001	13261	1045	81	49	84	16	9	35	41	14	12	46	17	0	0	0	0	0	0	0	0	0
NZ_LR134378.1	3p	-	3	2239	4479	4312	2231	13261	613	69	52	75	12	7	30	22	15	11	29	21	0	0	0	0	0	0	0	0	0
NZ_LR134378.1	3p	-	4	2426	4073	4353	2408	13260	438	60	59	69	10	9	32	26	9	8	28	16	0	0	0	0	0	1	0	0	0
NZ_LR134378.1	3p	-	5	2272	4270	4497	2219	13258	324	71	73	71	15	8	31	25	12	10	43	18	0	0	1	0	0	3	0	0	0
NZ_LR134378.1	3p	-	6	2258	4385	4252	2363	13258	236	65	68	69	11	4	48	18	8	10	36	20	0	0	0	0	1	0	1	1	0
NZ_LR134378.1	3p	-	7	2314	4344	4320	2282	13260	231	60	77	62	9	2	24	29	13	5	37	17	0	0	0	1	1	0	0	0	0
NZ_LR134378.1	3p	-	8	2121	4317	4599	2223	13260	193	76	72	79	12	5	33	16	9	10	38	18	0	0	0	0	0	0	1	0	0
NZ_LR134378.1	3p	-	9	2206	4453	4364	2236	13259	139	72	80	66	10	6	32	19	8	4	32	15	1	0	0	1	2	0	0	0	0
NZ_LR134378.1	3p	-	10	2280	4249	4413	2318	13260	152	76	65	59	11	8	24	20	8	8	31	24	0	0	0	0	0	1	0	0	0
NZ_LR134378.1	3p	-	11	2296	4338	4591	2035	13260	155	82	77	63	13	12	32	19	10	3	30	23	0	1	1	0	0	0	0	1	0
NZ_LR134378.1	3p	-	12	2148	4466	4341	2304	13259	136	72	68	71	9	4	31	21	16	4	42	18	0	0	0	0	0	1	0	1	0
NZ_LR134378.1	3p	-	13	2296	4191	4475	2298	13260	142	77	61	67	12	8	26	22	10	6	29	13	0	0	1	0	1	0	0	0	0
NZ_LR134378.1	3p	-	14	2117	4364	4668	2109	13258	165	83	75	63	10	4	35	15	10	3	38	23	1	0	0	0	2	0	0	1	0
NZ_LR134378.1	3p	-	15	2174	4501	4383	2201	13259	137	92	67	68	7	7	40	24	19	6	30	16	0	1	0	0	0	0	1	1	0
NZ_LR134378.1	3p	-	16	2298	4314	4395	2252	13259	137	51	55	67	11	2	37	17	14	7	34	16	0	0	1	1	1	1	0	0	0
NZ_LR134378.1	3p	-	17	2081	4498	4601	2079	13259	147	90	73	79	19	7	26	17	11	5	37	16	1	0	0	0	0	0	1	1	0
NZ_LR134378.1	3p	-	18	2183	4411	4414	2250	13258	109	76	65	75	8	6	43	17	14	5	39	22	0	0	0	1	0	1	0	2	0
NZ_LR134378.1	3p	-	19	2332	4316	4325	2285	13258	130	64	66	56	14	6	27	19	10	5	35	14	1	0	1	0	0	1	0	2	0
NZ_LR134378.1	3p	-	20	2171	4492	4405	2189	13257	109	88	98	66	9	3	35	25	14	5	29	16	0	0	0	1	1	3	0	0	0
NZ_LR134378.1	3p	-	21	2178	4345	4496	2241	13260	118	73	69	58	14	5	29	25	6	6	34	16	0	0	0	1	0	0	1	0	0
NZ_LR134378.1	3p	-	22	2308	4329	4345	2279	13261	110	102	80	53	4	7	30	10	13	2	23	12	1	1	1	0	0	0	0	0	0
NZ_LR134378.1	3p	-	23	2200	4514	4459	2086	13259	116	100	91	77	8	9	38	22	10	11	34	18	0	1	0	1	1	0	1	0	0
NZ_LR134378.1	3p	-	24	2209	4400	4483	2167	13259	90	97	70	69	14	8	31	12	16	10	37	7	0	2	0	1	0	0	2	0	0
NZ_LR134378.1	3p	-	25	2347	4186	4445	2281	13259	110	87	55	79	17	8	27	20	9	6	35	16	1	2	1	0	1	0	0	1	0
NZ_LR134378.1	3p	-	26	2108	4494	4480	2177	13259	132	109	64	61	10	3	37	17	15	7	27	20	0	0	1	0	0	0	1	1	0
NZ_LR134378.1	3p	-	27	2167	4434	4369	2291	13261	94	113	62	62	16	2	30	17	11	10	33	16	0	2	0	0	0	0	0	0	0
NZ_LR134378.1	3p	-	28	2264	4272	4397	2327	13260	96	147	61	68	10	7	26	15	12	6	26	15	0	1	0	0	1	0	0	0	0
NZ_LR134378.1	3p	-	29	2233	4466	4408	2154	13261	115	185	81	73	11	6	33	14	5	10	38	18	1	2	0	0	0	0	0	0	0
NZ_LR134378.1	3p	-	30	2273	4431	4270	2286	13260	104	224	80	58	13	6	35	19	15	2	27	22	0	0	2	0	0	0	0	1	0
NZ_LR134378.1	3p	-	31	2299	4148	4113	2287	12847	71	232	66	58	11	3	25	15	15	7	31	13	0	0	2	1	1	0	1	0	0
NZ_LR134378.1	3p	-	32	2030	4204	4131	2072	12437	91	248	59	67	10	3	27	16	12	3	30	16	1	0	1	0	0	1	1	0	0
NZ_LR134378.1	3p	-	33	2026	4038	3862	2100	12026	80	261	60	75	7	7	21	17	8	7	34	25	0	0	0	0	0	1	0	0	0
NZ_LR134378.1	3p	-	34	2043	3828	3704	1998	11573	60	231	44	53	13	9	27	11	8	4	22	15	1	0	0	0	0	0	0	0	0
NZ_LR134378.1	3p	-	35	1752	3831	3621	1902	11106	93	226	55	61	4	4	37	20	13	5	18	22	0	0	3	0	0	1	0	0	0
NZ_LR134378.1	3p	-	36	1841	3590	3325	1868	10624	59	220	60	45	5	6	19	17	8	3	30	23	0	0	1	0	1	1	0	1	0
NZ_LR134378.1	3p	-	37	1761	3278	3334	1796	10169	62	223	51	41	3	3	14	19	9	7	22	9	0	0	1	0	0	0	0	0	0
NZ_LR134378.1	3p	-	38	1629	3304	3193	1575	9701	81	202	63	50	13	5	22	15	11	2	23	12	0	0	0	1	0	0	0	1	0
NZ_LR134378.1	3p	-	39	1543	3117	2867	1746	9273	53	223	42	47	13	5	29	17	7	4	14	14	0	0	1	1	0	0	0	1	0
NZ_LR134378.1	3p	-	40	1658	2794	2745	1654	8851	52	197	53	42	6	6	17	15	8	6	27	8	0	0	0	1	0	0	0	0	0
NZ_LR134378.1	3p	-	41	1401	2788	2836	1408	8433	65	193	33	48	15	1	22	14	4	6	28	13	0	0	1	0	0	0	0	0	0
NZ_LR134378.1	3p	-	42	1382	2647	2544	1498	8071	48	202	46	51	6	2	24	15	9	3	25	11	0	0	0	0	0	0	0	0	0
NZ_LR134378.1	3p	-	43	1326	2499	2431	1355	7611	55	214	30	42	7	6	18	6	8	3	14	5	0	1	0	0	0	0	0	0	0
NZ_LR134378.1	3p	-	44	1206	2412	2369	1202	7189	60	208	29	30	8	3	17	10	4	5	17	6	0	0	0	0	0	0	0	0	0
NZ_LR134378.1	3p	-	45	1130	2243	2147	1256	6776	44	189	30	40	8	5	17	12	8	3	14	13	0	0	0	0	1	0	0	0	0
NZ_LR134378.1	3p	-	46	1126	2039	2030	1160	6355	41	165	37	31	5	4	16	12	5	4	11	10	0	0	0	1	0	0	1	0	0
NZ_LR134378.1	3p	-	47	1008	2011	1938	1005	5962	43	165	38	26	8	5	12	5	6	3	12	10	0	0	0	0	0	0	1	1	0
NZ_LR134378.1	3p	-	48	914	1913	1775	988	5590	35	130	32	26	6	3	11	6	3	2	15	10	0	0	0	0	0	0	0	0	0
NZ_LR134378.1	3p	-	49	978	1679	1623	974	5254	40	136	20	27	6	0	4	6	2	4	8	8	0	1	0	0	0	0	0	1	0
NZ_LR134378.1	3p	-	50	845	1631	1623	844	4943	34	124	19	15	4	2	11	6	4	0	15	6	0	0	0	0	0	0	0	0	0
NZ_LR134378.1	3p	-	51	815	1542	1427	865	4649	25	132	19	23	4	2	8	6	1	0	12	8	0	1	0	0	1	0	0	0	0
NZ_LR134378.1	3p	-	52	796	1405	1397	795	4393	25	97	16	17	2	3	9	7	2	7	15	5	0	0	0	0	0	0	0	0	0
NZ_LR134378.1	3p	-	53	750	1345	1379	677	4151	22	96	16	13	5	3	10	6	2	5	9	6	0	0	0	0	0	1	0	0	0
NZ_LR134378.1	3p	-	54	662	1304	1242	716	3924	14	112	14	21	1	1	7	8	2	1	9	4	0	0	0	0	0	1	0	0	0
NZ_LR134378.1	3p	-	55	655	1156	1169	723	3703	25	79	17	27	2	4	10	5	3	1	13	7	0	0	0	0	0	0	1	0	0
NZ_LR134378.1	3p	-	56	562	1204	1141	587	3494	32	95	16	17	5	1	11	4	3	0	6	3	0	0	0	0	0	0	0	0	0
NZ_LR134378.1	3p	-	57	597	1121	958	620	3296	18	74	14	20	3	0	10	3	4	1	8	6	0	0	0	1	0	0	0	0	0
NZ_LR134378.1	3p	-	58	589	1062	920	557	3128	14	77	15	7	5	3	5	5	4	1	3	1	0	0	0	0	0	0	0	0	0
NZ_LR134378.1	3p	-	59	496	955	953	537	2941	21	64	18	23	1	1	4	3	4	2	2	10	0	0	0	0	0	0	0	0	0
NZ_LR134378.1	3p	-	60	492	913	844	532	2781	16	68	15	14	1	2	8	3	3	0	8	1	0	0	0	1	0	0	0	0	0
NZ_LR134378.1	3p	-	61	501	829	832	486	2648	18	43	10	9	2	1	3	2	4	0	6	9	0	0	0	0	0	0	0	0	0
NZ_LR134378.1	3p	-	62	424	828	830	433	2515	6	72	17	10	0	1	5	1	5	1	8	7	0	0	0	0	0	0	0	0	0
NZ_LR134378.1	3p	-	63	459	788	725	440	2412	11	67	9	10	1	0	7	4	1	1	4	3	0	0	0	0	0	0	0	0	0
NZ_LR134378.1	3p	-	64	404	752	720	421	2297	11	78	11	11	2	0	5	1	3	2	3	7	0	0	0	0	0	0	0	0	0
NZ_LR134378.1	3p	-	65	342	698	742	349	2131	16	54	18	5	2	2	10	5	5	2	4	5	0	1	0	0	0	0	0	0	0
NZ_LR134378.1	3p	-	66	356	675	612	366	2009	9	60	10	7	1	1	4	3	4	2	2	5	0	0	1	0	0	0	0	0	0
NZ_LR134378.1	3p	-	67	330	586	578	370	1864	14	49	4	5	1	0	6	3	1	1	7	0	0	0	0	0	0	0	0	0	0
NZ_LR134378.1	3p	-	68	313	574	568	302	1757	11	55	6	10	1	1	2	3	2	0	4	3	0	1	0	0	0	0	0	0	0
NZ_LR134378.1	3p	-	69	282	546	511	313	1652	15	35	7	8	1	1	0	1	4	1	1	3	0	0	0	0	0	0	0	0	0
NZ_LR134378.1	3p	-	70	290	475	488	305	1558	5	38	6	10	1	4	2	6	2	0	8	1	0	0	0	0	0	0	0	0	0
NZ_LR134378.1	5p	+	1	1802	4923	3243	3211	13179	52	2000	62	67	13	16	27	10	8	5	37	48	0	0	0	0	0	0	0	0	1
NZ_LR134378.1	5p	+	2	2254	4218	4109	2598	13179	78	842	70	64	12	8	36	21	15	6	35	29	0	0	0	0	0	0	0	0	0
NZ_LR134378.1	5p	+	3	2389	4232	4473	2084	13178	63	460	66	55	6	3	38	19	21	4	34	22	0	0	2	0	0	0	0	1	0
NZ_LR134378.1	5p	+	4	2418	4414	3990	2357	13179	69	407	55	59	16	3	25	21	16	9	34	19	2	1	2	0	0	0	0	0	0
NZ_LR134378.1	5p	+	5	2259	4464	4198	2256	13177	72	325	68	73	10	6	35	27	10	3	41	27	0	0	3	3	2	0	0	0	0
NZ_LR134378.1	5p	+	6	2292	4193	4474	2219	13178	76	231	72	62	15	9	33	19	14	6	27	20	1	0	2	0	0	0	1	0	0
NZ_LR134378.1	5p	+	7	2336	4287	4319	2233	13175	64	177	75	64	13	5	21	19	6	5	38	17	0	1	0	0	0	0	3	1	0
NZ_LR134378.1	5p	+	8	2239	4363	4388	2186	13176	74	143	82	66	13	7	31	24	11	8	32	22	0	0	0	1	2	1	0	0	0
NZ_LR134378.1	5p	+	9	2229	4371	4387	2190	13177	63	152	79	76	20	2	26	19	11	9	36	14	0	0	0	2	0	1	0	1	0
NZ_LR134378.1	5p	+	10	2328	4278	4285	2288	13179	65	131	68	64	13	8	36	22	18	4	29	14	0	0	1	0	0	0	0	0	0
NZ_LR134378.1	5p	+	11	2123	4511	4365	2178	13177	77	139	68	59	4	8	35	12	10	6	34	20	0	2	0	0	1	0	0	1	0
NZ_LR134378.1	5p	+	12	2226	4505	4428	2020	13179	68	148	71	70	10	6	40	22	13	6	32	23	0	1	0	0	0	0	0	0	0
NZ_LR134378.1	5p	+	13	2271	4278	4404	2226	13179	85	110	56	49	14	7	22	18	10	4	36	14	0	1	0	0	0	0	0	0	0
NZ_LR134378.1	5p	+	14	2124	4509	4414	2132	13179	76	142	45	59	16	5	36	13	15	5	37	11	0	0	0	1	0	0	0	0	0
NZ_LR134378.1	5p	+	15	2246	4467	4325	2140	13178	81	127	90	77	19	5	39	19	12	5	38	11	0	1	1	0	1	0	0	0	0
NZ_LR134378.1	5p	+	16	2272	4271	4382	2253	13178	70	120	56	82	14	4	25	18	8	7	36	13	0	0	2	0	0	0	0	1	0
NZ_LR134378.1	5p	+	17	2165	4427	4428	2159	13179	91	141	55	58	8	6	35	15	12	8	36	17	0	0	0	0	0	0	0	0	0
NZ_LR134378.1	5p	+	18	2187	4287	4537	2167	13178	94	114	63	68	13	9	45	19	12	5	52	25	2	0	0	1	0	0	1	0	0
NZ_LR134378.1	5p	+	19	2356	4210	4377	2236	13179	82	98	59	70	12	2	31	23	12	7	37	15	0	0	0	1	0	0	0	0	0
NZ_LR134378.1	5p	+	20	2127	4543	4372	2136	13178	75	103	75	83	12	3	25	11	15	7	38	14	1	0	0	0	1	0	0	0	0
NZ_LR134378.1	5p	+	21	2156	4433	4450	2139	13178	89	116	74	65	16	9	39	22	12	3	32	14	0	0	0	2	0	0	1	0	0
NZ_LR134378.1	5p	+	22	2303	4340	4382	2153	13178	84	103	63	74	11	7	28	21	16	5	21	14	0	0	0	0	0	0	0	1	0
NZ_LR134378.1	5p	+	23	2167	4351	4514	2147	13179	106	110	66	76	12	6	27	18	10	7	38	11	0	0	1	0	0	0	0	0	0
NZ_LR134378.1	5p	+	24	2176	4405	4449	2149	13179	95	89	79	68	10	7	30	21	12	3	38	21	1	0	0	0	0	0	0	0	0
NZ_LR134378.1	5p	+	25	2222	4380	4326	2249	13177	110	89	54	63	10	2	37	13	13	11	27	14	2	0	0	1	0	1	1	0	0
NZ_LR134378.1	5p	+	26	2140	4397	4450	2192	13179	110	99	66	83	10	5	39	15	15	3	36	29	0	0	0	1	0	0	0	0	0
NZ_LR134378.1	5p	+	27	2260	4309	4472	2136	13177	143	89	74	66	8	2	34	25	18	4	31	18	1	0	1	0	1	0	1	0	0
NZ_LR134378.1	5p	+	28	2285	4240	4364	2288	13177	157	95	64	70	16	4	39	13	13	9	39	13	2	0	1	0	1	0	1	0	0
NZ_LR134378.1	5p	+	29	2218	4429	4266	2263	13176	190	114	70	69	8	3	39	15	18	4	45	15	0	0	0	0	0	2	0	1	0
NZ_LR134378.1	5p	+	30	2290	4291	4338	2260	13179	234	90	78	73	7	5	37	29	17	5	43	15	0	1	0	1	0	0	0	0	0
NZ_LR134378.1	5p	+	31	2260	4217	4112	2234	12823	231	67	65	59	14	3	33	24	15	8	27	24	0	2	0	0	0	1	0	0	0
NZ_LR134378.1	5p	+	32	2114	4093	4178	2005	12390	252	89	56	62	13	6	34	21	11	8	29	23	1	0	0	1	0	0	0	1	0
NZ_LR134378.1	5p	+	33	2069	3885	4060	1970	11984	260	84	63	73	12	5	37	16	10	10	29	13	1	0	1	0	0	0	0	1	0
NZ_LR134378.1	5p	+	34	2153	3659	3734	2009	11555	234	64	45	57	14	12	36	19	16	8	31	19	0	0	0	0	0	0	0	0	0
NZ_LR134378.1	5p	+	35	1915	3672	3628	1878	11093	252	72	49	71	8	2	23	15	13	7	26	16	1	0	1	0	0	0	0	1	0
NZ_LR134378.1	5p	+	36	1878	3424	3619	1686	10607	244	71	57	51	11	1	23	12	8	5	35	15	0	0	0	0	0	2	1	0	0
NZ_LR134378.1	5p	+	37	1816	3225	3313	1791	10145	198	81	47	69	9	1	22	16	8	4	25	11	1	0	1	0	1	0	0	1	0
NZ_LR134378.1	5p	+	38	1721	3109	3251	1611	9692	210	64	51	59	2	4	19	11	7	4	22	14	0	0	1	0	1	0	0	0	0
NZ_LR134378.1	5p	+	39	1683	2992	3120	1506	9301	225	66	49	37	11	5	20	14	12	1	20	11	0	0	0	0	0	0	0	0	0
NZ_LR134378.1	5p	+	40	1570	2900	2832	1581	8883	207	51	36	42	5	5	20	21	8	5	20	12	0	0	0	0	0	1	0	0	0
NZ_LR134378.1	5p	+	41	1479	2731	2837	1433	8480	228	45	49	50	8	5	26	16	13	9	23	15	0	0	0	1	0	0	0	0	0
NZ_LR134378.1	5p	+	42	1449	2643	2667	1327	8086	239	59	48	43	8	2	20	10	7	10	23	19	1	0	0	0	0	0	0	0	0
NZ_LR134378.1	5p	+	43	1451	2389	2509	1286	7635	220	42	38	28	7	2	15	19	1	0	13	7	0	0	0	0	0	1	0	0	0
NZ_LR134378.1	5p	+	44	1231	2295	2405	1239	7170	212	53	34	42	9	0	24	10	6	3	15	11	0	0	0	1	0	0	0	0	0
NZ_LR134378.1	5p	+	45	1238	2166	2292	1049	6745	192	39	38	41	9	1	14	15	9	4	17	7	0	0	0	0	0	0	0	1	0
NZ_LR134378.1	5p	+	46	1183	1999	2046	1133	6361	192	38	37	27	5	3	16	11	3	3	12	7	0	0	0	0	0	0	0	0	0
NZ_LR134378.1	5p	+	47	1062	1932	1963	1008	5965	167	37	17	34	2	3	19	13	6	2	9	5	0	0	1	0	0	0	0	0	0
NZ_LR134378.1	5p	+	48	989	1750	1934	934	5607	164	27	19	30	6	2	13	11	4	4	14	6	0	1	0	0	0	0	1	0	0
NZ_LR134378.1	5p	+	49	1004	1617	1732	898	5251	148	40	18	22	8	1	5	9	5	1	17	5	0	0	0	0	0	0	1	0	0
NZ_LR134378.1	5p	+	50	865	1590	1635	837	4927	143	29	24	26	6	1	11	8	5	4	10	5	0	0	1	0	0	0	0	1	0
NZ_LR134378.1	5p	+	51	824	1465	1568	780	4637	127	33	15	18	2	1	6	7	0	4	14	5	0	0	0	0	0	0	0	1	0
NZ_LR134378.1	5p	+	52	810	1397	1422	736	4365	120	26	17	11	3	1	11	6	4	3	8	3	0	0	0	0	0	0	0	0	0
NZ_LR134378.1	5p	+	53	747	1348	1327	693	4115	113	21	19	26	0	0	10	4	2	3	13	4	0	1	0	0	0	0	0	0	0
NZ_LR134378.1	5p	+	54	695	1219	1317	656	3887	112	19	17	21	3	2	7	8	6	2	5	1	0	0	0	0	0	0	0	0	0
NZ_LR134378.1	5p	+	55	658	1171	1187	634	3650	95	22	18	13	5	3	5	4	2	1	8	2	1	0	0	0	0	0	0	1	0
NZ_LR134378.1	5p	+	56	609	1136	1114	585	3444	94	21	12	21	1	0	4	6	2	5	2	2	0	0	0	0	0	0	1	0	0
NZ_LR134378.1	5p	+	57	561	1057	1076	554	3248	88	22	11	13	4	0	9	5	3	3	5	3	0	0	0	1	0	0	0	0	0
NZ_LR134378.1	5p	+	58	575	947	1039	503	3064	81	18	14	14	0	0	3	2	5	1	12	2	0	0	0	0	0	0	0	0	0
NZ_LR134378.1	5p	+	59	531	941	937	483	2892	72	23	19	15	2	0	5	5	0	2	8	5	0	0	1	0	0	0	0	0	0
NZ_LR134378.1	5p	+	60	469	934	880	473	2756	81	18	9	20	2	1	10	1	2	2	2	1	1	1	0	0	0	0	0	0	0
NZ_LR134378.1	5p	+	61	470	860	813	471	2614	59	15	10	9	1	0	8	6	1	0	2	1	0	0	0	0	0	0	0	1	0
NZ_LR134378.1	5p	+	62	426	777	845	419	2467	67	14	9	18	1	3	2	6	1	2	5	1	0	1	0	0	0	0	0	0	0
NZ_LR134378.1	5p	+	63	442	674	796	443	2355	66	15	11	13	1	1	3	2	1	0	6	4	0	0	0	0	1	0	0	0	0
NZ_LR134378.1	5p	+	64	400	698	747	390	2235	77	10	6	8	2	0	8	5	3	2	4	0	0	0	0	0	0	0	0	0	0
NZ_LR134378.1	5p	+	65	360	701	706	332	2099	49	10	10	16	1	0	5	4	1	0	8	5	0	0	0	0	0	0	0	0	0
NZ_LR134378.1	5p	+	66	373	611	681	322	1987	50	8	7	5	1	0	2	6	1	0	4	4	0	0	0	0	0	0	0	0	0
NZ_LR134378.1	5p	+	67	376	586	587	315	1864	50	14	7	5	1	1	7	3	4	0	10	4	0	0	0	1	0	0	0	0	0
NZ_LR134378.1	5p	+	68	303	548	608	298	1757	57	10	6	7	1	0	1	3	2	1	2	3	0	0	0	0	0	0	0	0	0
NZ_LR134378.1	5p	+	69	291	523	584	253	1651	54	9	4	9	1	1	4	7	0	0	8	2	0	0	0	0	0	0	1	0	0
NZ_LR134378.1	5p	+	70	310	467	530	261	1568	34	7	5	8	1	1	0	2	2	1	6	4	0	0	0	0	0	0	0	1	0
NZ_LR134378.1	5p	-	1	1830	4946	3230	3255	13261	58	1986	64	52	6	20	24	20	12	4	28	48	0	0	0	0	0	0	0	0	1
NZ_LR134378.1	5p	-	2	2264	4274	4099	2624	13261	80	855	74	66	16	9	38	21	14	13	33	40	0	0	1	0	0	0	0	0	0
NZ_LR134378.1	5p	-	3	2401	4283	4453	2124	13261	79	507	78	65	13	7	35	16	10	9	39	21	0	0	3	0	0	0	0	0	0
NZ_LR134378.1	5p	-	4	2512	4365	4018	2366	13261	70	371	64	59	23	8	21	18	9	6	35	11	0	1	0	0	0	0	0	0	0
NZ_LR134378.1	5p	-	5	2276	4522	4094	2368	13260	55	302	70	58	18	6	34	30	17	10	42	23	0	0	0	0	0	0	0	1	0
NZ_LR134378.1	5p	-	6	2251	4207	4501	2299	13258	69	212	66	79	9	3	34	26	15	7	40	18	0	0	2	0	1	0	0	2	0
NZ_LR134378.1	5p	-	7	2311	4254	4366	2329	13260	74	179	68	57	9	5	32	11	10	4	30	10	0	2	0	1	0	0	1	0	0
NZ_LR134378.1	5p	-	8	2190	4540	4323	2207	13260	76	166	67	66	15	3	43	20	12	11	40	22	0	1	0	0	0	1	0	0	0
NZ_LR134378.1	5p	-	9	2297	4509	4307	2148	13261	83	135	75	77	10	2	42	25	9	8	31	15	0	2	0	0	0	0	0	0	0
NZ_LR134378.1	5p	-	10	2294	4359	4288	2318	13259	75	135	59	73	6	5	29	20	12	6	31	19	0	0	1	0	1	0	1	0	0
NZ_LR134378.1	5p	-	11	2140	4501	4391	2229	13261	81	116	69	65	15	6	25	14	14	7	34	18	0	1	0	0	0	0	0	0	0
NZ_LR134378.1	5p	-	12	2243	4245	4580	2192	13260	85	140	64	75	10	7	28	15	15	5	28	19	0	1	0	0	0	0	0	1	0
NZ_LR134378.1	5p	-	13	2328	4306	4354	2272	13260	76	124	68	68	10	6	31	18	8	1	22	18	0	1	0	0	0	0	0	1	0
NZ_LR134378.1	5p	-	14	2183	4534	4336	2203	13256	82	133	79	75	14	5	46	20	13	10	18	10	1	0	0	0	1	2	1	1	0
NZ_LR134378.1	5p	-	15	2217	4477	4395	2170	13259	63	131	85	78	12	9	37	25	21	7	26	13	0	0	1	0	0	1	0	1	0
NZ_LR134378.1	5p	-	16	2255	4443	4339	2222	13259	76	139	79	81	12	4	33	13	6	7	30	18	0	0	0	0	0	1	0	1	0
NZ_LR134378.1	5p	-	17	2141	4469	4451	2200	13261	76	133	78	72	20	8	43	15	14	10	24	11	0	0	2	1	0	0	0	0	0
NZ_LR134378.1	5p	-	18	2133	4447	4539	2139	13258	84	135	70	67	8	6	20	20	11	4	47	13	0	0	2	0	1	0	2	0	0
NZ_LR134378.1	5p	-	19	2315	4395	4353	2196	13259	84	117	50	58	10	4	37	17	13	6	25	21	1	0	0	0	0	1	0	1	0
NZ_LR134378.1	5p	-	20	2104	4617	4388	2151	13260	104	115	69	63	8	4	35	17	15	6	28	14	0	0	1	1	1	0	0	0	0
NZ_LR134378.1	5p	-	21	2170	4395	4539	2154	13258	85	124	78	56	17	9	30	17	13	6	28	16	1	0	0	0	0	2	1	0	0
NZ_LR134378.1	5p	-	22	2275	4281	4362	2343	13261	111	96	66	70	12	8	28	19	14	6	27	22	0	1	1	0	0	0	0	0	0
NZ_LR134378.1	5p	-	23	2146	4508	4460	2147	13261	100	102	72	52	9	7	29	23	15	6	43	20	0	0	0	0	0	0	0	0	0
NZ_LR134378.1	5p	-	24	2230	4450	4455	2125	13260	112	100	87	69	17	5	34	17	14	5	36	20	1	0	0	1	0	1	0	0	0
NZ_LR134378.1	5p	-	25	2243	4358	4362	2297	13260	99	101	50	70	14	6	35	23	9	5	28	19	0	0	1	0	0	1	0	0	0
NZ_LR134378.1	5p	-	26	2229	4515	4381	2134	13259	124	94	73	70	15	4	36	16	10	6	38	17	0	0	0	1	0	0	0	2	0
NZ_LR134378.1	5p	-	27	2242	4297	4578	2143	13260	147	101	87	78	8	5	38	16	12	8	52	21	1	0	0	1	0	0	1	0	0
NZ_LR134378.1	5p	-	28	2285	4360	4301	2315	13261	136	80	80	62	8	4	34	19	6	8	25	15	1	0	1	0	0	0	0	0	0
NZ_LR134378.1	5p	-	29	2253	4401	4369	2238	13261	176	101	66	65	7	6	36	22	11	9	35	17	0	0	0	0	0	0	0	0	0
NZ_LR134378.1	5p	-	30	2207	4278	4550	2225	13260	236	104	69	87	6	6	32	23	13	4	34	18	0	0	0	0	0	0	1	0	0
NZ_LR134378.1	5p	-	31	2252	4217	4155	2223	12847	283	84	63	64	11	7	18	21	18	7	33	20	0	0	1	0	1	0	1	0	0
NZ_LR134378.1	5p	-	32	2151	4071	4132	2084	12438	245	82	73	68	8	6	29	28	10	4	39	17	2	1	0	2	1	0	0	0	0
NZ_LR134378.1	5p	-	33	2137	3808	4148	1932	12025	273	77	60	63	16	9	32	24	9	5	31	21	0	1	0	0	0	1	0	1	0
NZ_LR134378.1	5p	-	34	2113	3634	3763	2062	11572	244	87	45	54	12	7	13	21	8	7	34	11	0	0	1	1	0	0	0	1	0
NZ_LR134378.1	5p	-	35	1921	3618	3693	1875	11107	243	84	47	64	10	5	34	13	10	2	24	17	0	0	1	0	0	0	0	0	0
NZ_LR134378.1	5p	-	36	1860	3433	3608	1724	10625	255	75	55	42	14	5	27	15	14	3	36	12	0	0	1	0	1	1	0	0	0
NZ_LR134378.1	5p	-	37	1902	3205	3259	1800	10166	209	49	48	43	8	2	26	16	5	4	25	14	0	0	0	1	1	0	0	2	0
NZ_LR134378.1	5p	-	38	1635	3204	3210	1651	9700	233	61	49	40	4	5	19	12	9	3	18	16	0	0	0	0	1	0	0	1	0
NZ_LR134378.1	5p	-	39	1606	3095	3078	1495	9274	230	73	43	50	5	5	16	12	10	3	19	12	0	0	0	1	0	0	0	0	0
NZ_LR134378.1	5p	-	40	1610	2798	2884	1559	8851	194	55	40	34	6	5	18	16	4	7	26	16	0	0	0	0	0	0	0	0	0
NZ_LR134378.1	5p	-	41	1458	2770	2772	1433	8433	211	50	39	60	9	3	15	9	8	5	20	11	0	0	0	0	0	0	0	0	0
NZ_LR134378.1	5p	-	42	1441	2622	2690	1316	8069	242	53	39	40	6	4	20	19	8	6	21	16	0	0	0	1	1	0	1	0	0
NZ_LR134378.1	5p	-	43	1434	2317	2510	1348	7609	214	42	28	52	3	5	21	6	5	5	18	15	0	0	0	1	0	2	0	0	0
NZ_LR134378.1	5p	-	44	1237	2410	2329	1212	7188	192	47	26	42	9	5	13	18	8	3	16	6	0	1	0	0	0	0	1	0	0
NZ_LR134378.1	5p	-	45	1211	2157	2291	1116	6775	197	44	33	29	6	2	18	8	5	4	11	11	0	2	0	0	1	1	0	0	0
NZ_LR134378.1	5p	-	46	1135	2034	2071	1115	6355	217	38	23	23	7	4	18	10	8	2	13	8	0	0	0	0	1	0	0	0	0
NZ_LR134378.1	5p	-	47	1042	1931	2002	988	5963	185	36	27	30	7	3	14	12	3	4	14	9	0	0	0	0	1	0	0	0	0
NZ_LR134378.1	5p	-	48	988	1814	1902	886	5590	176	35	36	28	1	3	11	6	4	0	10	8	0	0	0	0	0	0	0	0	0
NZ_LR134378.1	5p	-	49	967	1647	1743	898	5255	149	29	19	22	4	2	6	7	3	2	12	3	0	0	0	0	0	0	0	0	0
NZ_LR134378.1	5p	-	50	836	1598	1601	908	4943	122	32	18	28	5	4	7	5	4	4	18	5	0	0	0	0	0	0	0	0	0
NZ_LR134378.1	5p	-	51	804	1491	1581	773	4649	150	31	29	21	6	3	15	8	4	1	12	5	0	0	0	0	0	0	0	1	0
NZ_LR134378.1	5p	-	52	815	1381	1414	782	4392	119	23	15	17	3	0	7	6	4	6	10	2	0	2	0	0	0	0	1	0	0
NZ_LR134378.1	5p	-	53	732	1357	1329	734	4152	108	35	11	28	3	2	5	7	2	4	8	5	0	0	0	0	0	0	0	0	0
NZ_LR134378.1	5p	-	54	659	1255	1332	679	3925	110	19	15	16	3	2	2	9	0	4	12	3	0	0	0	0	0	0	0	0	0
NZ_LR134378.1	5p	-	55	717	1164	1193	630	3704	104	19	16	14	2	3	6	11	3	2	8	3	0	0	0	0	0	0	0	0	0
NZ_LR134378.1	5p	-	56	615	1145	1133	601	3494	88	25	12	21	3	0	12	5	3	3	3	6	0	0	0	0	0	0	0	0	0
NZ_LR134378.1	5p	-	57	571	1055	1109	559	3294	101	29	20	16	4	1	10	3	1	1	11	2	1	0	0	0	0	0	2	0	0
NZ_LR134378.1	5p	-	58	572	969	1000	587	3128	94	8	15	12	3	0	5	5	2	1	9	4	0	0	1	0	0	0	0	0	0
NZ_LR134378.1	5p	-	59	504	944	970	523	2941	77	21	13	8	0	1	5	3	4	2	5	5	0	0	0	0	0	0	0	0	0
NZ_LR134378.1	5p	-	60	471	882	971	457	2781	86	8	13	16	1	1	4	5	3	4	7	4	0	0	0	0	0	0	0	0	0
NZ_LR134378.1	5p	-	61	505	876	793	474	2648	73	14	11	13	1	0	6	4	1	0	5	1	0	0	0	1	0	0	0	0	0
NZ_LR134378.1	5p	-	62	458	798	798	461	2515	68	20	18	12	3	0	9	2	2	0	8	6	0	0	0	0	0	0	0	0	0
NZ_LR134378.1	5p	-	63	440	725	829	417	2411	76	7	11	9	1	0	5	2	2	2	5	2	0	0	0	0	1	0	0	0	0
NZ_LR134378.1	5p	-	64	451	702	741	403	2297	72	11	11	9	2	0	4	5	1	2	3	1	0	0	0	0	0	0	0	0	0
NZ_LR134378.1	5p	-	65	405	667	690	368	2130	58	18	8	9	1	1	3	5	1	2	5	0	0	0	0	0	0	0	0	1	0
NZ_LR134378.1	5p	-	66	333	660	700	316	2009	68	11	11	6	1	0	5	4	0	2	2	2	0	0	0	0	0	0	0	0	0
NZ_LR134378.1	5p	-	67	348	590	617	309	1864	47	8	5	10	2	1	3	3	1	0	2	0	0	0	0	0	0	0	0	0	0
NZ_LR134378.1	5p	-	68	327	565	572	293	1757	48	9	8	8	2	1	2	3	2	1	2	1	0	0	0	0	0	0	0	0	0
NZ_LR134378.1	5p	-	69	289	513	570	279	1651	54	10	9	11	0	2	3	2	2	0	5	3	0	0	0	0	1	0	0	0	0
NZ_LR134378.1	5p	-	70	301	481	488	288	1558	42	16	4	9	2	0	4	3	1	0	3	0	0	0	0	0	0	0	0	0	0
