# table produced by mapDamage version 2.2.3
# using mapped file /mnt/archgen/microbiome_calculus/library_ds_vs_ss/04-analysis/normalize_kraken/mapping/neisseria_elongata/mapDamage2_ssLibs/input/VLD001.A0102.SG1.2_5M.mapped_n_elongata_q25l30_rmdup.bam and /mnt/archgen/microbiome_calculus/library_ds_vs_ss/04-analysis/normalize_kraken/mapping/neisseria_elongata/input/GCF_900453895.1_42925_E01_genomic.fna as reference file
# Chr: reference from sam/bam header, End: from which termini of DNA sequences, Std: strand of reads
Chr	End	Std	Pos	A	C	G	T	Total	G>A	C>T	A>G	T>C	A>C	A>T	C>G	C>A	T>G	T>A	G>C	G>T	A>-	T>-	C>-	G>-	->A	->T	->C	->G	S
NZ_UGQW01000001.1	3p	+	1	3	4	4	5	16	0	0	0	0	0	2	0	0	0	0	0	0	0	0	0	0	0	0	0	0	0
NZ_UGQW01000001.1	3p	+	2	2	4	8	2	16	0	0	1	0	1	0	1	0	0	0	0	0	0	0	0	0	0	0	0	0	0
NZ_UGQW01000001.1	3p	+	3	3	4	2	7	16	0	0	0	0	0	0	0	0	0	0	0	0	0	0	0	0	0	0	0	0	0
NZ_UGQW01000001.1	3p	+	4	3	5	5	3	16	0	0	0	0	0	0	0	0	0	0	0	0	0	0	0	0	0	0	0	0	0
NZ_UGQW01000001.1	3p	+	5	2	5	4	5	16	0	0	0	0	0	0	0	0	0	0	0	0	0	0	0	0	0	0	0	0	0
NZ_UGQW01000001.1	3p	+	6	4	3	4	5	16	1	0	1	1	0	0	0	0	0	0	0	0	0	0	0	0	0	0	0	0	0
NZ_UGQW01000001.1	3p	+	7	5	7	3	1	16	0	0	0	0	0	0	1	0	0	0	0	0	0	0	0	0	0	0	0	0	0
NZ_UGQW01000001.1	3p	+	8	2	4	5	4	15	0	1	0	0	0	0	0	0	0	0	0	0	0	0	0	0	1	0	0	0	0
NZ_UGQW01000001.1	3p	+	9	2	5	5	4	16	0	0	0	0	0	0	1	0	0	0	0	0	0	0	0	0	0	0	0	0	0
NZ_UGQW01000001.1	3p	+	10	5	4	2	5	16	0	0	0	0	0	0	0	0	0	0	0	0	0	0	0	0	0	0	0	0	0
NZ_UGQW01000001.1	3p	+	11	4	6	3	3	16	0	0	1	1	0	0	0	0	0	0	0	0	0	0	0	0	0	0	0	0	0
NZ_UGQW01000001.1	3p	+	12	6	3	4	2	15	0	1	0	0	0	0	0	0	0	0	0	0	0	0	0	0	1	0	0	0	0
NZ_UGQW01000001.1	3p	+	13	6	3	6	1	16	0	0	1	0	0	0	0	0	0	0	0	0	0	0	0	0	0	0	0	0	0
NZ_UGQW01000001.1	3p	+	14	5	7	2	2	16	0	0	1	0	0	0	1	0	0	0	0	0	0	0	0	0	0	0	0	0	0
NZ_UGQW01000001.1	3p	+	15	4	3	3	6	16	0	0	0	1	0	0	0	0	0	0	0	0	0	0	0	0	0	0	0	0	0
NZ_UGQW01000001.1	3p	+	16	4	3	6	3	16	0	0	0	0	0	0	0	0	0	0	0	0	0	0	0	0	0	0	0	0	0
NZ_UGQW01000001.1	3p	+	17	1	5	8	2	16	0	0	0	0	0	0	0	1	0	0	1	0	0	0	0	0	0	0	0	0	0
NZ_UGQW01000001.1	3p	+	18	2	9	3	2	16	0	0	0	0	0	0	0	0	0	0	0	0	0	0	0	0	0	0	0	0	0
NZ_UGQW01000001.1	3p	+	19	3	5	4	4	16	0	0	0	1	0	0	0	0	0	0	0	1	0	0	0	0	0	0	0	0	0
NZ_UGQW01000001.1	3p	+	20	1	5	6	4	16	1	0	0	0	0	0	0	0	0	0	1	0	0	0	0	0	0	0	0	0	0
NZ_UGQW01000001.1	3p	+	21	2	6	2	6	16	0	0	0	0	0	0	0	0	0	0	0	0	0	0	0	0	0	0	0	0	0
NZ_UGQW01000001.1	3p	+	22	4	5	3	4	16	0	0	1	0	0	0	1	0	0	0	0	0	0	0	0	0	0	0	0	0	0
NZ_UGQW01000001.1	3p	+	23	4	8	2	2	16	0	0	0	0	0	1	0	0	0	0	0	0	0	0	0	0	0	0	0	0	0
NZ_UGQW01000001.1	3p	+	24	4	4	6	2	16	0	0	0	0	0	0	0	0	0	0	0	0	0	0	0	0	0	0	0	0	0
NZ_UGQW01000001.1	3p	+	25	2	5	4	5	16	0	0	0	0	0	0	0	0	0	0	0	0	0	0	0	0	0	0	0	0	0
NZ_UGQW01000001.1	3p	+	26	4	8	3	1	16	0	0	1	0	0	0	0	0	0	0	0	1	0	0	0	0	0	0	0	0	0
NZ_UGQW01000001.1	3p	+	27	6	3	4	3	16	0	0	1	0	0	0	0	0	0	0	1	0	0	0	0	0	0	0	0	0	0
NZ_UGQW01000001.1	3p	+	28	4	7	1	4	16	0	0	0	0	0	0	0	0	0	0	0	0	0	0	0	0	0	0	0	0	0
NZ_UGQW01000001.1	3p	+	29	6	6	2	2	16	0	1	0	0	0	1	0	0	0	0	0	0	0	0	0	0	0	0	0	0	0
NZ_UGQW01000001.1	3p	+	30	4	4	5	3	16	0	0	0	0	0	0	0	0	0	0	0	0	0	0	0	0	0	0	0	0	0
NZ_UGQW01000001.1	3p	+	31	2	4	4	2	12	0	0	0	0	0	0	0	0	0	0	0	0	0	0	0	0	0	0	0	0	0
NZ_UGQW01000001.1	3p	+	32	2	1	1	5	9	0	0	0	1	0	0	0	0	1	0	1	0	0	0	0	0	0	0	0	0	0
NZ_UGQW01000001.1	3p	+	33	2	2	1	1	6	0	0	0	0	0	0	0	0	0	0	0	0	0	0	0	0	0	0	0	0	0
NZ_UGQW01000001.1	3p	+	34	2	3	0	0	5	0	0	0	0	0	0	0	0	0	0	0	0	0	0	0	0	0	0	0	0	0
NZ_UGQW01000001.1	3p	+	35	0	2	3	0	5	0	0	0	0	0	0	0	0	0	0	0	0	0	0	0	0	0	0	0	0	0
NZ_UGQW01000001.1	3p	+	36	1	1	1	1	4	0	0	0	0	0	0	0	0	0	0	0	0	0	0	0	0	0	0	0	0	0
NZ_UGQW01000001.1	3p	+	37	1	2	0	0	3	0	0	0	0	0	0	0	0	0	0	0	0	0	0	0	0	0	0	0	0	0
NZ_UGQW01000001.1	3p	+	38	2	0	1	0	3	0	0	0	0	0	0	0	0	0	0	0	0	0	0	0	0	0	0	0	0	0
NZ_UGQW01000001.1	3p	+	39	0	0	0	1	1	0	0	0	0	0	0	0	0	0	0	0	0	0	0	0	0	0	0	0	0	0
NZ_UGQW01000001.1	3p	+	40	0	0	0	0	0	0	0	0	0	0	0	0	0	0	0	0	0	0	0	0	0	0	0	0	0	0
NZ_UGQW01000001.1	3p	+	41	0	0	0	0	0	0	0	0	0	0	0	0	0	0	0	0	0	0	0	0	0	0	0	0	0	0
NZ_UGQW01000001.1	3p	+	42	0	0	0	0	0	0	0	0	0	0	0	0	0	0	0	0	0	0	0	0	0	0	0	0	0	0
NZ_UGQW01000001.1	3p	+	43	0	0	0	0	0	0	0	0	0	0	0	0	0	0	0	0	0	0	0	0	0	0	0	0	0	0
NZ_UGQW01000001.1	3p	+	44	0	0	0	0	0	0	0	0	0	0	0	0	0	0	0	0	0	0	0	0	0	0	0	0	0	0
NZ_UGQW01000001.1	3p	+	45	0	0	0	0	0	0	0	0	0	0	0	0	0	0	0	0	0	0	0	0	0	0	0	0	0	0
NZ_UGQW01000001.1	3p	+	46	0	0	0	0	0	0	0	0	0	0	0	0	0	0	0	0	0	0	0	0	0	0	0	0	0	0
NZ_UGQW01000001.1	3p	+	47	0	0	0	0	0	0	0	0	0	0	0	0	0	0	0	0	0	0	0	0	0	0	0	0	0	0
NZ_UGQW01000001.1	3p	+	48	0	0	0	0	0	0	0	0	0	0	0	0	0	0	0	0	0	0	0	0	0	0	0	0	0	0
NZ_UGQW01000001.1	3p	+	49	0	0	0	0	0	0	0	0	0	0	0	0	0	0	0	0	0	0	0	0	0	0	0	0	0	0
NZ_UGQW01000001.1	3p	+	50	0	0	0	0	0	0	0	0	0	0	0	0	0	0	0	0	0	0	0	0	0	0	0	0	0	0
NZ_UGQW01000001.1	3p	+	51	0	0	0	0	0	0	0	0	0	0	0	0	0	0	0	0	0	0	0	0	0	0	0	0	0	0
NZ_UGQW01000001.1	3p	+	52	0	0	0	0	0	0	0	0	0	0	0	0	0	0	0	0	0	0	0	0	0	0	0	0	0	0
NZ_UGQW01000001.1	3p	+	53	0	0	0	0	0	0	0	0	0	0	0	0	0	0	0	0	0	0	0	0	0	0	0	0	0	0
NZ_UGQW01000001.1	3p	+	54	0	0	0	0	0	0	0	0	0	0	0	0	0	0	0	0	0	0	0	0	0	0	0	0	0	0
NZ_UGQW01000001.1	3p	+	55	0	0	0	0	0	0	0	0	0	0	0	0	0	0	0	0	0	0	0	0	0	0	0	0	0	0
NZ_UGQW01000001.1	3p	+	56	0	0	0	0	0	0	0	0	0	0	0	0	0	0	0	0	0	0	0	0	0	0	0	0	0	0
NZ_UGQW01000001.1	3p	+	57	0	0	0	0	0	0	0	0	0	0	0	0	0	0	0	0	0	0	0	0	0	0	0	0	0	0
NZ_UGQW01000001.1	3p	+	58	0	0	0	0	0	0	0	0	0	0	0	0	0	0	0	0	0	0	0	0	0	0	0	0	0	0
NZ_UGQW01000001.1	3p	+	59	0	0	0	0	0	0	0	0	0	0	0	0	0	0	0	0	0	0	0	0	0	0	0	0	0	0
NZ_UGQW01000001.1	3p	+	60	0	0	0	0	0	0	0	0	0	0	0	0	0	0	0	0	0	0	0	0	0	0	0	0	0	0
NZ_UGQW01000001.1	3p	+	61	0	0	0	0	0	0	0	0	0	0	0	0	0	0	0	0	0	0	0	0	0	0	0	0	0	0
NZ_UGQW01000001.1	3p	+	62	0	0	0	0	0	0	0	0	0	0	0	0	0	0	0	0	0	0	0	0	0	0	0	0	0	0
NZ_UGQW01000001.1	3p	+	63	0	0	0	0	0	0	0	0	0	0	0	0	0	0	0	0	0	0	0	0	0	0	0	0	0	0
NZ_UGQW01000001.1	3p	+	64	0	0	0	0	0	0	0	0	0	0	0	0	0	0	0	0	0	0	0	0	0	0	0	0	0	0
NZ_UGQW01000001.1	3p	+	65	0	0	0	0	0	0	0	0	0	0	0	0	0	0	0	0	0	0	0	0	0	0	0	0	0	0
NZ_UGQW01000001.1	3p	+	66	0	0	0	0	0	0	0	0	0	0	0	0	0	0	0	0	0	0	0	0	0	0	0	0	0	0
NZ_UGQW01000001.1	3p	+	67	0	0	0	0	0	0	0	0	0	0	0	0	0	0	0	0	0	0	0	0	0	0	0	0	0	0
NZ_UGQW01000001.1	3p	+	68	0	0	0	0	0	0	0	0	0	0	0	0	0	0	0	0	0	0	0	0	0	0	0	0	0	0
NZ_UGQW01000001.1	3p	+	69	0	0	0	0	0	0	0	0	0	0	0	0	0	0	0	0	0	0	0	0	0	0	0	0	0	0
NZ_UGQW01000001.1	3p	+	70	0	0	0	0	0	0	0	0	0	0	0	0	0	0	0	0	0	0	0	0	0	0	0	0	0	0
NZ_UGQW01000001.1	3p	-	1	8	10	6	6	30	0	0	1	1	0	0	0	0	0	0	2	0	0	0	0	0	0	0	0	0	0
NZ_UGQW01000001.1	3p	-	2	6	8	12	4	30	0	1	0	0	0	0	1	0	0	0	0	0	0	0	0	0	0	0	0	0	0
NZ_UGQW01000001.1	3p	-	3	5	6	12	7	30	0	0	2	0	0	0	1	0	0	0	0	0	0	0	0	0	0	0	0	0	0
NZ_UGQW01000001.1	3p	-	4	8	7	10	5	30	1	0	0	0	1	0	0	0	0	0	1	0	0	0	0	0	0	0	0	0	0
NZ_UGQW01000001.1	3p	-	5	4	11	10	5	30	0	0	1	0	0	0	0	1	0	0	0	0	0	0	0	0	0	0	0	0	0
NZ_UGQW01000001.1	3p	-	6	6	8	10	6	30	0	1	0	0	1	0	0	0	1	0	0	0	0	0	0	0	0	0	0	0	0
NZ_UGQW01000001.1	3p	-	7	5	9	6	10	30	0	0	0	2	0	0	0	0	0	0	0	0	0	0	0	0	0	0	0	0	0
NZ_UGQW01000001.1	3p	-	8	7	8	5	10	30	0	0	0	1	0	0	0	0	0	0	0	0	0	0	0	0	0	0	0	0	0
NZ_UGQW01000001.1	3p	-	9	7	8	9	6	30	0	0	1	0	0	0	1	0	0	0	1	0	0	1	0	0	0	0	0	0	0
NZ_UGQW01000001.1	3p	-	10	4	10	9	7	30	0	0	0	0	0	0	1	0	0	0	0	0	0	0	0	0	0	0	0	0	0
NZ_UGQW01000001.1	3p	-	11	6	9	9	6	30	1	1	0	0	0	0	1	0	0	0	0	0	0	0	0	0	0	0	0	0	0
NZ_UGQW01000001.1	3p	-	12	5	7	11	6	29	0	0	0	0	0	0	0	0	0	0	0	0	0	0	0	0	1	0	0	0	0
NZ_UGQW01000001.1	3p	-	13	1	12	10	7	30	0	1	0	1	0	0	0	0	0	0	0	0	0	0	0	0	0	0	0	0	0
NZ_UGQW01000001.1	3p	-	14	8	7	6	8	29	0	1	0	1	0	0	0	0	0	0	0	0	0	0	0	0	0	0	1	0	0
NZ_UGQW01000001.1	3p	-	15	12	4	10	4	30	0	0	1	0	0	1	0	0	0	0	0	0	0	0	0	0	0	0	0	0	0
NZ_UGQW01000001.1	3p	-	16	8	11	7	4	30	0	1	0	0	0	0	0	0	0	0	0	0	0	0	0	0	0	0	0	0	0
NZ_UGQW01000001.1	3p	-	17	3	19	5	3	30	0	0	0	0	0	0	0	0	0	0	0	0	0	0	0	0	0	0	0	0	0
NZ_UGQW01000001.1	3p	-	18	8	7	12	3	30	0	0	0	0	1	0	0	1	0	0	0	0	0	0	0	0	0	0	0	0	0
NZ_UGQW01000001.1	3p	-	19	7	7	11	5	30	0	0	0	0	0	0	0	0	0	0	0	1	0	0	0	0	0	0	0	0	0
NZ_UGQW01000001.1	3p	-	20	7	13	5	5	30	0	0	1	1	0	0	0	0	0	0	0	0	0	0	0	0	0	0	0	0	0
NZ_UGQW01000001.1	3p	-	21	6	8	7	9	30	1	1	1	0	0	0	0	0	0	0	0	0	0	0	0	0	0	0	0	0	0
NZ_UGQW01000001.1	3p	-	22	4	15	7	4	30	0	1	1	0	1	0	0	0	0	0	0	0	0	0	0	0	0	0	0	0	0
NZ_UGQW01000001.1	3p	-	23	5	12	6	7	30	0	0	0	0	0	1	0	0	0	1	0	0	0	0	0	0	0	0	0	0	0
NZ_UGQW01000001.1	3p	-	24	3	10	9	8	30	0	0	0	0	0	0	1	0	0	0	0	0	0	0	0	0	0	0	0	0	0
NZ_UGQW01000001.1	3p	-	25	7	8	11	4	30	0	0	0	0	0	0	0	0	0	0	0	2	0	0	0	0	0	0	0	0	0
NZ_UGQW01000001.1	3p	-	26	5	10	10	4	29	0	0	1	0	0	0	0	0	0	0	1	1	0	0	0	0	0	0	0	1	0
NZ_UGQW01000001.1	3p	-	27	6	7	11	6	30	0	0	0	0	2	0	0	0	0	0	1	0	0	0	0	1	0	0	0	0	0
NZ_UGQW01000001.1	3p	-	28	7	8	10	4	29	0	0	0	1	1	0	0	1	0	0	0	0	0	0	0	0	0	1	0	0	0
NZ_UGQW01000001.1	3p	-	29	8	7	9	6	30	0	0	0	1	2	0	0	1	0	0	1	0	0	0	0	0	0	0	0	0	0
NZ_UGQW01000001.1	3p	-	30	4	9	8	9	30	0	0	0	1	0	0	0	1	0	0	0	0	0	0	0	0	0	0	0	0	0
NZ_UGQW01000001.1	3p	-	31	6	6	11	3	26	0	0	0	1	1	0	0	0	0	0	2	0	0	0	0	0	0	0	0	0	0
NZ_UGQW01000001.1	3p	-	32	4	2	5	4	15	0	0	0	1	0	0	0	0	0	0	0	0	0	0	0	0	0	0	0	0	0
NZ_UGQW01000001.1	3p	-	33	4	5	0	2	11	0	0	0	0	0	0	0	1	0	0	0	0	0	0	0	0	0	0	0	0	0
NZ_UGQW01000001.1	3p	-	34	2	3	3	1	9	0	1	0	0	0	1	0	0	0	0	0	0	0	0	0	0	0	0	0	0	0
NZ_UGQW01000001.1	3p	-	35	3	1	0	4	8	0	0	0	0	0	0	0	0	0	0	0	0	0	0	0	0	0	0	0	0	0
NZ_UGQW01000001.1	3p	-	36	1	0	2	3	6	0	0	0	0	0	0	0	0	0	0	0	0	0	0	0	0	0	0	0	0	0
NZ_UGQW01000001.1	3p	-	37	1	2	1	1	5	1	0	0	0	0	0	0	0	0	0	0	0	0	0	0	0	0	0	0	0	0
NZ_UGQW01000001.1	3p	-	38	1	1	1	1	4	0	0	0	0	0	0	0	0	0	0	0	0	0	0	0	0	0	0	0	0	0
NZ_UGQW01000001.1	3p	-	39	0	0	2	1	3	0	0	0	0	0	0	0	0	0	0	0	0	0	0	0	0	0	0	0	0	0
NZ_UGQW01000001.1	3p	-	40	1	0	1	0	2	0	0	0	0	0	0	0	0	0	0	0	0	0	0	0	0	0	0	0	0	0
NZ_UGQW01000001.1	3p	-	41	0	0	1	1	2	0	0	0	0	0	0	0	0	0	0	0	0	0	0	0	0	0	0	0	0	0
NZ_UGQW01000001.1	3p	-	42	0	0	1	0	1	0	0	0	0	0	0	0	0	0	0	0	0	0	0	0	0	0	0	0	0	0
NZ_UGQW01000001.1	3p	-	43	0	0	1	0	1	0	0	0	0	0	0	0	0	0	0	0	0	0	0	0	0	0	0	0	0	0
NZ_UGQW01000001.1	3p	-	44	0	0	1	0	1	0	0	0	0	0	0	0	0	0	0	0	0	0	0	0	0	0	0	0	0	0
NZ_UGQW01000001.1	3p	-	45	1	0	0	0	1	0	0	0	0	0	0	0	0	0	0	0	0	0	0	0	0	0	0	0	0	0
NZ_UGQW01000001.1	3p	-	46	0	0	1	0	1	0	0	0	0	0	0	0	0	0	0	0	0	0	0	0	0	0	0	0	0	0
NZ_UGQW01000001.1	3p	-	47	0	1	0	0	1	0	0	0	0	0	0	0	0	0	0	0	0	0	0	0	0	0	0	0	0	0
NZ_UGQW01000001.1	3p	-	48	0	1	0	0	1	0	0	0	0	0	0	0	0	0	0	0	0	0	0	0	0	0	0	0	0	0
NZ_UGQW01000001.1	3p	-	49	0	0	1	0	1	0	0	0	0	0	0	0	0	0	0	0	0	0	0	0	0	0	0	0	0	0
NZ_UGQW01000001.1	3p	-	50	0	1	0	0	1	0	0	0	0	0	0	0	0	0	0	0	0	0	0	0	0	0	0	0	0	0
NZ_UGQW01000001.1	3p	-	51	0	0	0	0	0	0	0	0	0	0	0	0	0	0	0	0	0	0	0	0	0	0	0	0	0	0
NZ_UGQW01000001.1	3p	-	52	0	0	0	0	0	0	0	0	0	0	0	0	0	0	0	0	0	0	0	0	0	0	0	0	0	0
NZ_UGQW01000001.1	3p	-	53	0	0	0	0	0	0	0	0	0	0	0	0	0	0	0	0	0	0	0	0	0	0	0	0	0	0
NZ_UGQW01000001.1	3p	-	54	0	0	0	0	0	0	0	0	0	0	0	0	0	0	0	0	0	0	0	0	0	0	0	0	0	0
NZ_UGQW01000001.1	3p	-	55	0	0	0	0	0	0	0	0	0	0	0	0	0	0	0	0	0	0	0	0	0	0	0	0	0	0
NZ_UGQW01000001.1	3p	-	56	0	0	0	0	0	0	0	0	0	0	0	0	0	0	0	0	0	0	0	0	0	0	0	0	0	0
NZ_UGQW01000001.1	3p	-	57	0	0	0	0	0	0	0	0	0	0	0	0	0	0	0	0	0	0	0	0	0	0	0	0	0	0
NZ_UGQW01000001.1	3p	-	58	0	0	0	0	0	0	0	0	0	0	0	0	0	0	0	0	0	0	0	0	0	0	0	0	0	0
NZ_UGQW01000001.1	3p	-	59	0	0	0	0	0	0	0	0	0	0	0	0	0	0	0	0	0	0	0	0	0	0	0	0	0	0
NZ_UGQW01000001.1	3p	-	60	0	0	0	0	0	0	0	0	0	0	0	0	0	0	0	0	0	0	0	0	0	0	0	0	0	0
NZ_UGQW01000001.1	3p	-	61	0	0	0	0	0	0	0	0	0	0	0	0	0	0	0	0	0	0	0	0	0	0	0	0	0	0
NZ_UGQW01000001.1	3p	-	62	0	0	0	0	0	0	0	0	0	0	0	0	0	0	0	0	0	0	0	0	0	0	0	0	0	0
NZ_UGQW01000001.1	3p	-	63	0	0	0	0	0	0	0	0	0	0	0	0	0	0	0	0	0	0	0	0	0	0	0	0	0	0
NZ_UGQW01000001.1	3p	-	64	0	0	0	0	0	0	0	0	0	0	0	0	0	0	0	0	0	0	0	0	0	0	0	0	0	0
NZ_UGQW01000001.1	3p	-	65	0	0	0	0	0	0	0	0	0	0	0	0	0	0	0	0	0	0	0	0	0	0	0	0	0	0
NZ_UGQW01000001.1	3p	-	66	0	0	0	0	0	0	0	0	0	0	0	0	0	0	0	0	0	0	0	0	0	0	0	0	0	0
NZ_UGQW01000001.1	3p	-	67	0	0	0	0	0	0	0	0	0	0	0	0	0	0	0	0	0	0	0	0	0	0	0	0	0	0
NZ_UGQW01000001.1	3p	-	68	0	0	0	0	0	0	0	0	0	0	0	0	0	0	0	0	0	0	0	0	0	0	0	0	0	0
NZ_UGQW01000001.1	3p	-	69	0	0	0	0	0	0	0	0	0	0	0	0	0	0	0	0	0	0	0	0	0	0	0	0	0	0
NZ_UGQW01000001.1	3p	-	70	0	0	0	0	0	0	0	0	0	0	0	0	0	0	0	0	0	0	0	0	0	0	0	0	0	0
NZ_UGQW01000001.1	5p	+	1	3	4	3	6	16	0	0	0	1	0	0	0	0	0	0	0	0	0	0	0	0	0	0	0	0	0
NZ_UGQW01000001.1	5p	+	2	4	7	4	1	16	0	0	0	0	0	1	0	0	0	0	0	0	0	0	0	0	0	0	0	0	0
NZ_UGQW01000001.1	5p	+	3	3	5	4	4	16	0	0	0	0	0	0	0	0	0	0	0	0	0	0	0	0	0	0	0	0	0
NZ_UGQW01000001.1	5p	+	4	6	4	2	4	16	0	1	0	0	0	0	0	0	0	0	1	0	0	0	0	0	0	0	0	0	0
NZ_UGQW01000001.1	5p	+	5	7	5	4	0	16	0	0	1	0	0	0	0	0	0	0	1	1	0	0	0	0	0	0	0	0	0
NZ_UGQW01000001.1	5p	+	6	6	3	5	2	16	0	0	1	0	0	0	0	0	0	0	0	0	0	0	0	0	0	0	0	0	0
NZ_UGQW01000001.1	5p	+	7	1	8	4	3	16	0	0	0	0	0	0	0	0	0	0	0	0	0	0	0	0	0	0	0	0	0
NZ_UGQW01000001.1	5p	+	8	2	8	3	3	16	0	0	0	0	0	1	0	0	1	0	0	0	0	0	0	0	0	0	0	0	0
NZ_UGQW01000001.1	5p	+	9	4	3	6	3	16	0	0	0	0	0	0	0	0	0	0	0	0	0	0	0	0	0	0	0	0	0
NZ_UGQW01000001.1	5p	+	10	2	8	2	4	16	0	0	0	0	0	0	1	0	0	0	0	0	0	0	0	0	0	0	0	0	0
NZ_UGQW01000001.1	5p	+	11	2	5	6	3	16	0	0	1	0	0	0	0	0	0	0	1	0	0	0	0	0	0	0	0	0	0
NZ_UGQW01000001.1	5p	+	12	5	4	3	4	16	0	0	0	0	0	0	0	0	0	0	0	0	0	0	0	0	0	0	0	0	0
NZ_UGQW01000001.1	5p	+	13	6	3	2	5	16	1	0	0	0	0	0	0	0	0	0	0	1	0	0	0	0	0	0	0	0	0
NZ_UGQW01000001.1	5p	+	14	2	7	4	3	16	0	0	0	0	0	0	0	0	0	0	1	0	0	0	0	0	0	0	0	0	0
NZ_UGQW01000001.1	5p	+	15	2	8	5	1	16	0	0	0	0	0	0	0	0	0	0	0	0	0	0	0	0	0	0	0	0	0
NZ_UGQW01000001.1	5p	+	16	4	5	6	1	16	0	0	0	0	0	0	0	1	0	0	0	0	0	0	0	0	0	0	0	0	0
NZ_UGQW01000001.1	5p	+	17	3	8	2	3	16	0	0	0	0	0	0	0	0	0	0	0	0	0	0	0	0	0	0	0	0	0
NZ_UGQW01000001.1	5p	+	18	5	5	2	4	16	0	0	1	0	0	0	0	0	0	0	0	0	0	0	0	0	0	0	0	0	0
NZ_UGQW01000001.1	5p	+	19	3	4	6	3	16	0	0	0	0	0	0	0	0	0	0	0	0	0	0	0	0	0	0	0	0	0
NZ_UGQW01000001.1	5p	+	20	4	6	5	1	16	0	0	0	1	0	0	0	0	0	0	0	0	0	0	0	0	0	0	0	0	0
NZ_UGQW01000001.1	5p	+	21	4	5	2	5	16	0	1	0	0	0	0	0	0	0	0	0	0	0	0	0	0	0	0	0	0	0
NZ_UGQW01000001.1	5p	+	22	4	4	2	6	16	0	0	0	0	0	0	1	0	0	0	0	0	0	0	0	0	0	0	0	0	0
NZ_UGQW01000001.1	5p	+	23	2	6	6	2	16	0	1	1	0	0	0	1	0	0	0	0	0	0	0	0	0	0	0	0	0	0
NZ_UGQW01000001.1	5p	+	24	6	5	2	3	16	0	0	0	1	0	0	0	0	0	0	0	0	0	0	0	0	0	0	0	0	0
NZ_UGQW01000001.1	5p	+	25	7	2	3	4	16	0	0	1	1	0	0	1	0	0	0	0	0	0	0	0	0	0	0	0	0	0
NZ_UGQW01000001.1	5p	+	26	3	3	8	2	16	0	0	1	1	0	0	0	0	0	0	0	0	0	0	0	0	0	0	0	0	0
NZ_UGQW01000001.1	5p	+	27	4	2	3	6	15	0	0	0	0	0	0	0	0	0	0	0	0	0	0	0	0	1	0	0	0	0
NZ_UGQW01000001.1	5p	+	28	2	7	3	4	16	0	0	0	0	0	0	0	0	0	0	0	0	0	0	0	0	0	0	0	0	0
NZ_UGQW01000001.1	5p	+	29	3	5	4	4	16	0	0	1	0	0	0	0	0	0	0	0	0	0	0	0	0	0	0	0	0	0
NZ_UGQW01000001.1	5p	+	30	3	6	4	3	16	0	0	0	0	0	0	0	0	0	0	0	0	0	0	0	0	0	0	0	0	0
NZ_UGQW01000001.1	5p	+	31	2	3	2	4	11	0	0	0	0	1	0	0	0	0	0	0	0	0	0	0	0	1	0	0	0	0
NZ_UGQW01000001.1	5p	+	32	1	2	5	1	9	0	0	0	0	0	1	0	0	0	0	0	0	0	0	0	0	0	0	0	0	0
NZ_UGQW01000001.1	5p	+	33	2	1	2	1	6	1	0	0	0	0	0	0	0	0	0	0	0	0	0	0	0	0	0	0	0	0
NZ_UGQW01000001.1	5p	+	34	1	1	1	2	5	0	0	0	0	0	0	0	0	0	0	0	0	0	0	0	0	0	0	0	0	0
NZ_UGQW01000001.1	5p	+	35	0	1	1	3	5	0	0	0	0	0	0	0	0	0	0	0	0	0	0	0	0	0	0	0	0	0
NZ_UGQW01000001.1	5p	+	36	0	1	2	1	4	0	0	0	0	0	0	0	0	0	0	0	0	0	0	0	0	0	0	0	0	0
NZ_UGQW01000001.1	5p	+	37	0	0	1	2	3	0	0	0	0	0	0	0	0	0	0	0	0	0	0	0	0	0	0	0	0	0
NZ_UGQW01000001.1	5p	+	38	1	1	0	1	3	0	0	0	0	0	1	1	0	0	0	0	0	0	0	0	0	0	0	0	0	0
NZ_UGQW01000001.1	5p	+	39	0	0	1	0	1	0	0	0	0	0	0	0	0	0	0	0	0	0	0	0	0	0	0	0	0	0
NZ_UGQW01000001.1	5p	+	40	0	0	0	0	0	0	0	0	0	0	0	0	0	0	0	0	0	0	0	0	0	0	0	0	0	0
NZ_UGQW01000001.1	5p	+	41	0	0	0	0	0	0	0	0	0	0	0	0	0	0	0	0	0	0	0	0	0	0	0	0	0	0
NZ_UGQW01000001.1	5p	+	42	0	0	0	0	0	0	0	0	0	0	0	0	0	0	0	0	0	0	0	0	0	0	0	0	0	0
NZ_UGQW01000001.1	5p	+	43	0	0	0	0	0	0	0	0	0	0	0	0	0	0	0	0	0	0	0	0	0	0	0	0	0	0
NZ_UGQW01000001.1	5p	+	44	0	0	0	0	0	0	0	0	0	0	0	0	0	0	0	0	0	0	0	0	0	0	0	0	0	0
NZ_UGQW01000001.1	5p	+	45	0	0	0	0	0	0	0	0	0	0	0	0	0	0	0	0	0	0	0	0	0	0	0	0	0	0
NZ_UGQW01000001.1	5p	+	46	0	0	0	0	0	0	0	0	0	0	0	0	0	0	0	0	0	0	0	0	0	0	0	0	0	0
NZ_UGQW01000001.1	5p	+	47	0	0	0	0	0	0	0	0	0	0	0	0	0	0	0	0	0	0	0	0	0	0	0	0	0	0
NZ_UGQW01000001.1	5p	+	48	0	0	0	0	0	0	0	0	0	0	0	0	0	0	0	0	0	0	0	0	0	0	0	0	0	0
NZ_UGQW01000001.1	5p	+	49	0	0	0	0	0	0	0	0	0	0	0	0	0	0	0	0	0	0	0	0	0	0	0	0	0	0
NZ_UGQW01000001.1	5p	+	50	0	0	0	0	0	0	0	0	0	0	0	0	0	0	0	0	0	0	0	0	0	0	0	0	0	0
NZ_UGQW01000001.1	5p	+	51	0	0	0	0	0	0	0	0	0	0	0	0	0	0	0	0	0	0	0	0	0	0	0	0	0	0
NZ_UGQW01000001.1	5p	+	52	0	0	0	0	0	0	0	0	0	0	0	0	0	0	0	0	0	0	0	0	0	0	0	0	0	0
NZ_UGQW01000001.1	5p	+	53	0	0	0	0	0	0	0	0	0	0	0	0	0	0	0	0	0	0	0	0	0	0	0	0	0	0
NZ_UGQW01000001.1	5p	+	54	0	0	0	0	0	0	0	0	0	0	0	0	0	0	0	0	0	0	0	0	0	0	0	0	0	0
NZ_UGQW01000001.1	5p	+	55	0	0	0	0	0	0	0	0	0	0	0	0	0	0	0	0	0	0	0	0	0	0	0	0	0	0
NZ_UGQW01000001.1	5p	+	56	0	0	0	0	0	0	0	0	0	0	0	0	0	0	0	0	0	0	0	0	0	0	0	0	0	0
NZ_UGQW01000001.1	5p	+	57	0	0	0	0	0	0	0	0	0	0	0	0	0	0	0	0	0	0	0	0	0	0	0	0	0	0
NZ_UGQW01000001.1	5p	+	58	0	0	0	0	0	0	0	0	0	0	0	0	0	0	0	0	0	0	0	0	0	0	0	0	0	0
NZ_UGQW01000001.1	5p	+	59	0	0	0	0	0	0	0	0	0	0	0	0	0	0	0	0	0	0	0	0	0	0	0	0	0	0
NZ_UGQW01000001.1	5p	+	60	0	0	0	0	0	0	0	0	0	0	0	0	0	0	0	0	0	0	0	0	0	0	0	0	0	0
NZ_UGQW01000001.1	5p	+	61	0	0	0	0	0	0	0	0	0	0	0	0	0	0	0	0	0	0	0	0	0	0	0	0	0	0
NZ_UGQW01000001.1	5p	+	62	0	0	0	0	0	0	0	0	0	0	0	0	0	0	0	0	0	0	0	0	0	0	0	0	0	0
NZ_UGQW01000001.1	5p	+	63	0	0	0	0	0	0	0	0	0	0	0	0	0	0	0	0	0	0	0	0	0	0	0	0	0	0
NZ_UGQW01000001.1	5p	+	64	0	0	0	0	0	0	0	0	0	0	0	0	0	0	0	0	0	0	0	0	0	0	0	0	0	0
NZ_UGQW01000001.1	5p	+	65	0	0	0	0	0	0	0	0	0	0	0	0	0	0	0	0	0	0	0	0	0	0	0	0	0	0
NZ_UGQW01000001.1	5p	+	66	0	0	0	0	0	0	0	0	0	0	0	0	0	0	0	0	0	0	0	0	0	0	0	0	0	0
NZ_UGQW01000001.1	5p	+	67	0	0	0	0	0	0	0	0	0	0	0	0	0	0	0	0	0	0	0	0	0	0	0	0	0	0
NZ_UGQW01000001.1	5p	+	68	0	0	0	0	0	0	0	0	0	0	0	0	0	0	0	0	0	0	0	0	0	0	0	0	0	0
NZ_UGQW01000001.1	5p	+	69	0	0	0	0	0	0	0	0	0	0	0	0	0	0	0	0	0	0	0	0	0	0	0	0	0	0
NZ_UGQW01000001.1	5p	+	70	0	0	0	0	0	0	0	0	0	0	0	0	0	0	0	0	0	0	0	0	0	0	0	0	0	0
NZ_UGQW01000001.1	5p	-	1	7	9	8	6	30	0	0	0	0	1	1	0	1	0	0	1	0	0	0	0	0	0	0	0	0	0
NZ_UGQW01000001.1	5p	-	2	7	7	10	6	30	0	1	0	2	1	0	0	0	0	0	1	0	0	0	0	0	0	0	0	0	0
NZ_UGQW01000001.1	5p	-	3	4	8	11	7	30	0	0	0	1	0	0	0	2	0	0	0	0	0	0	0	0	0	0	0	0	0
NZ_UGQW01000001.1	5p	-	4	7	9	9	5	30	0	0	0	1	0	0	0	1	0	0	0	0	0	0	0	0	0	0	0	0	0
NZ_UGQW01000001.1	5p	-	5	10	5	8	6	29	0	0	1	0	3	0	0	0	0	0	1	0	0	0	0	1	0	0	0	1	0
NZ_UGQW01000001.1	5p	-	6	5	10	10	5	30	0	0	0	0	0	0	0	0	0	0	0	0	0	0	0	0	0	0	0	0	0
NZ_UGQW01000001.1	5p	-	7	8	7	11	4	30	0	0	0	1	1	0	0	0	0	0	2	1	0	0	0	0	0	0	0	0	0
NZ_UGQW01000001.1	5p	-	8	4	10	8	7	29	0	0	0	0	0	0	1	0	0	1	0	0	0	0	0	0	0	1	0	0	0
NZ_UGQW01000001.1	5p	-	9	6	9	9	6	30	0	0	1	0	0	0	0	0	0	0	0	0	0	0	0	0	0	0	0	0	0
NZ_UGQW01000001.1	5p	-	10	8	14	5	3	30	0	1	0	0	0	1	0	0	0	0	0	0	0	0	0	0	0	0	0	0	0
NZ_UGQW01000001.1	5p	-	11	5	11	11	3	30	1	1	0	0	0	0	0	0	0	0	0	0	0	0	0	0	0	0	0	0	0
NZ_UGQW01000001.1	5p	-	12	7	9	10	4	30	0	0	0	1	0	0	0	0	0	0	0	1	0	0	0	0	0	0	0	0	0
NZ_UGQW01000001.1	5p	-	13	4	8	11	7	30	0	0	1	0	0	0	0	0	0	0	0	0	0	0	0	0	0	0	0	0	0
NZ_UGQW01000001.1	5p	-	14	4	8	16	2	30	1	0	0	0	1	0	0	0	0	0	0	2	0	0	0	0	0	0	0	0	0
NZ_UGQW01000001.1	5p	-	15	5	14	6	5	30	0	0	1	0	0	0	0	1	0	0	0	0	0	0	0	0	0	0	0	0	0
NZ_UGQW01000001.1	5p	-	16	8	7	7	8	30	0	1	0	0	1	0	0	0	0	0	0	0	0	0	0	0	0	0	0	0	0
NZ_UGQW01000001.1	5p	-	17	8	7	9	5	29	0	0	1	0	0	0	0	0	0	0	0	0	0	0	0	0	0	0	1	0	0
NZ_UGQW01000001.1	5p	-	18	5	8	6	11	30	0	2	0	0	0	0	0	0	0	0	0	0	0	0	0	0	0	0	0	0	0
NZ_UGQW01000001.1	5p	-	19	2	11	6	11	30	0	0	0	1	0	0	0	0	0	0	0	0	0	0	0	0	0	0	0	0	0
NZ_UGQW01000001.1	5p	-	20	5	12	9	4	30	0	1	0	0	0	0	0	0	0	0	0	0	0	0	0	0	0	0	0	0	0
NZ_UGQW01000001.1	5p	-	21	9	9	7	4	29	1	0	0	0	0	1	0	0	0	0	0	0	0	0	0	0	1	0	0	0	0
NZ_UGQW01000001.1	5p	-	22	7	8	7	8	30	0	0	0	0	0	0	0	0	0	0	0	0	0	0	0	0	0	0	0	0	0
NZ_UGQW01000001.1	5p	-	23	8	11	8	3	30	0	0	1	0	0	0	3	0	0	0	0	0	0	0	0	0	0	0	0	0	0
NZ_UGQW01000001.1	5p	-	24	4	10	8	8	30	0	0	0	0	0	0	0	0	0	0	0	0	0	1	0	0	0	0	0	0	0
NZ_UGQW01000001.1	5p	-	25	4	8	6	12	30	0	0	0	2	0	0	0	0	0	0	0	0	0	0	0	0	0	0	0	0	0
NZ_UGQW01000001.1	5p	-	26	5	9	9	7	30	0	0	0	2	1	0	0	0	0	0	0	0	0	0	0	0	0	0	0	0	0
NZ_UGQW01000001.1	5p	-	27	5	9	8	8	30	0	0	0	0	0	0	0	0	0	0	1	0	0	0	0	0	0	0	0	0	0
NZ_UGQW01000001.1	5p	-	28	7	10	8	5	30	0	0	0	0	0	0	0	0	0	0	0	0	0	0	0	0	0	0	0	0	0
NZ_UGQW01000001.1	5p	-	29	6	9	10	5	30	0	0	2	0	0	0	0	0	0	0	1	0	0	0	0	0	0	0	0	0	0
NZ_UGQW01000001.1	5p	-	30	4	5	15	6	30	0	1	0	0	0	0	0	0	0	0	1	0	0	0	0	0	0	0	0	0	0
NZ_UGQW01000001.1	5p	-	31	12	4	6	4	26	1	0	0	1	0	0	0	0	0	0	0	0	0	0	0	0	0	0	0	0	0
NZ_UGQW01000001.1	5p	-	32	2	6	3	4	15	0	0	0	0	0	0	0	1	0	0	0	0	0	0	0	0	0	0	0	0	0
NZ_UGQW01000001.1	5p	-	33	5	1	4	1	11	0	0	1	0	0	0	0	0	0	0	0	0	0	0	0	0	0	0	0	0	0
NZ_UGQW01000001.1	5p	-	34	1	4	1	3	9	0	1	0	0	1	0	1	0	0	0	0	0	0	0	0	0	0	0	0	0	0
NZ_UGQW01000001.1	5p	-	35	2	3	2	1	8	0	0	1	0	0	0	0	0	0	0	0	0	0	0	0	0	0	0	0	0	0
NZ_UGQW01000001.1	5p	-	36	1	1	2	2	6	0	0	0	0	0	0	0	0	1	0	0	0	0	0	0	0	0	0	0	0	0
NZ_UGQW01000001.1	5p	-	37	1	3	1	0	5	0	0	0	0	0	0	1	0	0	0	0	0	0	0	0	0	0	0	0	0	0
NZ_UGQW01000001.1	5p	-	38	1	1	2	0	4	0	0	0	0	0	0	0	0	0	0	0	0	0	0	0	0	0	0	0	0	0
NZ_UGQW01000001.1	5p	-	39	0	1	2	0	3	0	0	0	0	0	0	0	0	0	0	0	0	0	0	0	0	0	0	0	0	0
NZ_UGQW01000001.1	5p	-	40	0	1	1	0	2	0	0	0	0	0	0	0	0	0	0	0	0	0	0	0	0	0	0	0	0	0
NZ_UGQW01000001.1	5p	-	41	0	1	1	0	2	0	0	0	0	0	0	0	0	0	0	0	0	0	0	0	0	0	0	0	0	0
NZ_UGQW01000001.1	5p	-	42	1	0	0	0	1	0	0	0	0	0	0	0	0	0	0	0	0	0	0	0	0	0	0	0	0	0
NZ_UGQW01000001.1	5p	-	43	0	0	0	1	1	0	0	0	0	0	0	0	0	0	0	0	0	0	0	0	0	0	0	0	0	0
NZ_UGQW01000001.1	5p	-	44	0	0	1	0	1	0	0	0	0	0	0	0	0	0	0	0	0	0	0	0	0	0	0	0	0	0
NZ_UGQW01000001.1	5p	-	45	0	0	0	1	1	0	0	0	0	0	0	0	0	0	0	0	0	0	0	0	0	0	0	0	0	0
NZ_UGQW01000001.1	5p	-	46	0	1	0	0	1	0	0	0	0	0	0	0	0	0	0	0	0	0	0	0	0	0	0	0	0	0
NZ_UGQW01000001.1	5p	-	47	0	0	1	0	1	0	0	0	0	0	0	0	0	0	0	0	0	0	0	0	0	0	0	0	0	0
NZ_UGQW01000001.1	5p	-	48	0	0	0	1	1	0	0	0	0	0	0	0	0	0	0	0	0	0	0	0	0	0	0	0	0	0
NZ_UGQW01000001.1	5p	-	49	0	0	1	0	1	0	0	0	0	0	0	0	0	0	0	0	0	0	0	0	0	0	0	0	0	0
NZ_UGQW01000001.1	5p	-	50	0	0	1	0	1	0	0	0	0	0	0	0	0	0	0	1	0	0	0	0	0	0	0	0	0	0
NZ_UGQW01000001.1	5p	-	51	0	0	0	0	0	0	0	0	0	0	0	0	0	0	0	0	0	0	0	0	0	0	0	0	0	0
NZ_UGQW01000001.1	5p	-	52	0	0	0	0	0	0	0	0	0	0	0	0	0	0	0	0	0	0	0	0	0	0	0	0	0	0
NZ_UGQW01000001.1	5p	-	53	0	0	0	0	0	0	0	0	0	0	0	0	0	0	0	0	0	0	0	0	0	0	0	0	0	0
NZ_UGQW01000001.1	5p	-	54	0	0	0	0	0	0	0	0	0	0	0	0	0	0	0	0	0	0	0	0	0	0	0	0	0	0
NZ_UGQW01000001.1	5p	-	55	0	0	0	0	0	0	0	0	0	0	0	0	0	0	0	0	0	0	0	0	0	0	0	0	0	0
NZ_UGQW01000001.1	5p	-	56	0	0	0	0	0	0	0	0	0	0	0	0	0	0	0	0	0	0	0	0	0	0	0	0	0	0
NZ_UGQW01000001.1	5p	-	57	0	0	0	0	0	0	0	0	0	0	0	0	0	0	0	0	0	0	0	0	0	0	0	0	0	0
NZ_UGQW01000001.1	5p	-	58	0	0	0	0	0	0	0	0	0	0	0	0	0	0	0	0	0	0	0	0	0	0	0	0	0	0
NZ_UGQW01000001.1	5p	-	59	0	0	0	0	0	0	0	0	0	0	0	0	0	0	0	0	0	0	0	0	0	0	0	0	0	0
NZ_UGQW01000001.1	5p	-	60	0	0	0	0	0	0	0	0	0	0	0	0	0	0	0	0	0	0	0	0	0	0	0	0	0	0
NZ_UGQW01000001.1	5p	-	61	0	0	0	0	0	0	0	0	0	0	0	0	0	0	0	0	0	0	0	0	0	0	0	0	0	0
NZ_UGQW01000001.1	5p	-	62	0	0	0	0	0	0	0	0	0	0	0	0	0	0	0	0	0	0	0	0	0	0	0	0	0	0
NZ_UGQW01000001.1	5p	-	63	0	0	0	0	0	0	0	0	0	0	0	0	0	0	0	0	0	0	0	0	0	0	0	0	0	0
NZ_UGQW01000001.1	5p	-	64	0	0	0	0	0	0	0	0	0	0	0	0	0	0	0	0	0	0	0	0	0	0	0	0	0	0
NZ_UGQW01000001.1	5p	-	65	0	0	0	0	0	0	0	0	0	0	0	0	0	0	0	0	0	0	0	0	0	0	0	0	0	0
NZ_UGQW01000001.1	5p	-	66	0	0	0	0	0	0	0	0	0	0	0	0	0	0	0	0	0	0	0	0	0	0	0	0	0	0
NZ_UGQW01000001.1	5p	-	67	0	0	0	0	0	0	0	0	0	0	0	0	0	0	0	0	0	0	0	0	0	0	0	0	0	0
NZ_UGQW01000001.1	5p	-	68	0	0	0	0	0	0	0	0	0	0	0	0	0	0	0	0	0	0	0	0	0	0	0	0	0	0
NZ_UGQW01000001.1	5p	-	69	0	0	0	0	0	0	0	0	0	0	0	0	0	0	0	0	0	0	0	0	0	0	0	0	0	0
NZ_UGQW01000001.1	5p	-	70	0	0	0	0	0	0	0	0	0	0	0	0	0	0	0	0	0	0	0	0	0	0	0	0	0	0
NZ_UGQW01000002.1	3p	+	1	58	71	44	55	228	0	9	5	3	3	0	0	0	0	1	1	2	0	0	0	0	0	0	0	0	0
NZ_UGQW01000002.1	3p	+	2	65	55	52	56	228	4	4	2	4	1	1	0	2	2	3	0	1	0	0	0	0	0	0	0	0	0
NZ_UGQW01000002.1	3p	+	3	60	58	64	46	228	2	0	2	2	0	1	0	0	0	1	2	2	0	0	0	0	0	0	0	0	0
NZ_UGQW01000002.1	3p	+	4	57	71	54	46	228	0	4	3	3	0	0	2	2	0	1	2	2	0	0	0	0	0	0	0	0	0
NZ_UGQW01000002.1	3p	+	5	56	67	62	43	228	0	2	2	3	1	0	4	0	0	0	1	1	0	0	0	0	0	0	0	0	0
NZ_UGQW01000002.1	3p	+	6	58	61	72	37	228	1	1	2	1	2	1	0	1	0	0	3	1	0	0	0	0	0	0	0	0	0
NZ_UGQW01000002.1	3p	+	7	53	71	58	46	228	3	1	7	2	1	0	1	1	1	1	3	0	0	0	0	0	0	0	0	0	0
NZ_UGQW01000002.1	3p	+	8	53	67	61	47	228	2	3	2	2	0	0	1	1	0	0	2	1	0	0	0	0	0	0	0	0	0
NZ_UGQW01000002.1	3p	+	9	41	71	72	44	228	3	5	2	1	0	1	1	2	1	2	6	3	0	0	0	0	0	0	0	0	0
NZ_UGQW01000002.1	3p	+	10	52	60	70	46	228	2	1	5	2	0	2	0	1	1	0	2	0	0	0	0	0	0	0	0	0	0
NZ_UGQW01000002.1	3p	+	11	50	71	48	59	228	2	4	0	4	3	1	1	0	0	2	3	1	0	0	0	0	0	0	0	0	0
NZ_UGQW01000002.1	3p	+	12	46	72	59	51	228	1	3	2	5	1	1	1	1	2	1	5	0	0	0	0	0	0	0	0	0	0
NZ_UGQW01000002.1	3p	+	13	60	61	63	44	228	1	3	1	1	1	0	2	1	0	0	4	1	0	0	0	0	0	0	0	0	0
NZ_UGQW01000002.1	3p	+	14	67	64	55	42	228	3	2	3	3	0	0	1	1	0	0	2	1	0	0	0	0	0	0	0	0	0
NZ_UGQW01000002.1	3p	+	15	49	65	73	41	228	3	2	2	5	0	1	5	1	1	0	2	0	0	0	0	0	0	0	0	0	0
NZ_UGQW01000002.1	3p	+	16	39	81	65	43	228	5	8	2	2	1	0	1	0	1	0	1	0	0	0	0	0	0	0	0	0	0
NZ_UGQW01000002.1	3p	+	17	45	75	63	45	228	1	3	4	1	0	0	0	1	0	0	1	0	0	0	0	0	0	0	0	0	0
NZ_UGQW01000002.1	3p	+	18	57	72	59	40	228	2	3	3	5	1	0	2	1	0	0	0	0	0	0	0	0	0	0	0	0	0
NZ_UGQW01000002.1	3p	+	19	46	71	61	50	228	1	4	5	3	0	0	1	2	0	0	1	0	0	0	0	0	0	0	0	0	0
NZ_UGQW01000002.1	3p	+	20	48	69	69	42	228	2	2	3	1	0	0	3	1	0	0	2	1	0	0	0	0	0	0	0	0	0
NZ_UGQW01000002.1	3p	+	21	48	69	61	49	227	2	1	0	2	1	0	1	0	2	1	1	1	0	0	0	0	0	0	0	1	0
NZ_UGQW01000002.1	3p	+	22	54	76	48	50	228	3	2	3	2	0	0	0	0	0	0	1	0	0	0	0	0	0	0	0	0	0
NZ_UGQW01000002.1	3p	+	23	63	48	69	47	227	2	2	4	4	2	0	1	0	1	0	2	1	0	0	0	1	0	0	1	0	0
NZ_UGQW01000002.1	3p	+	24	50	77	51	50	228	2	4	2	2	1	0	2	1	0	0	1	0	0	1	0	0	0	0	0	0	0
NZ_UGQW01000002.1	3p	+	25	45	81	48	54	228	1	3	0	1	1	1	2	0	1	0	1	0	0	0	0	0	0	0	0	0	0
NZ_UGQW01000002.1	3p	+	26	39	69	67	53	228	4	4	1	0	1	1	0	0	1	0	4	0	0	0	0	0	0	0	0	0	0
NZ_UGQW01000002.1	3p	+	27	49	74	61	44	228	3	5	1	2	1	1	1	0	1	0	3	2	0	0	0	0	0	0	0	0	0
NZ_UGQW01000002.1	3p	+	28	55	65	55	51	226	1	0	1	4	1	0	3	2	0	1	2	1	0	0	0	0	0	1	1	0	0
NZ_UGQW01000002.1	3p	+	29	55	64	66	43	228	0	1	5	1	1	0	1	1	0	0	3	1	0	0	0	2	0	0	0	0	0
NZ_UGQW01000002.1	3p	+	30	48	59	69	52	228	0	2	4	5	1	1	1	0	1	0	1	2	0	0	0	0	0	0	0	0	0
NZ_UGQW01000002.1	3p	+	31	44	62	39	38	183	1	1	4	2	0	0	0	0	1	0	0	1	0	0	0	0	1	0	0	0	0
NZ_UGQW01000002.1	3p	+	32	31	47	39	31	148	3	1	1	2	0	0	0	0	0	0	1	0	1	0	0	0	0	0	0	0	0
NZ_UGQW01000002.1	3p	+	33	18	36	44	19	117	3	1	2	2	0	0	0	0	0	0	0	1	0	0	0	1	0	0	0	0	0
NZ_UGQW01000002.1	3p	+	34	18	27	18	32	95	1	2	1	3	0	0	0	1	0	0	1	0	0	1	0	0	0	0	0	0	0
NZ_UGQW01000002.1	3p	+	35	17	19	21	21	78	1	1	0	0	0	0	0	0	0	0	0	0	0	1	0	0	0	0	0	0	0
NZ_UGQW01000002.1	3p	+	36	20	13	22	16	71	2	0	0	0	1	1	0	0	0	0	0	0	0	0	0	0	0	0	0	0	0
NZ_UGQW01000002.1	3p	+	37	14	20	17	11	62	1	1	1	0	0	0	0	0	0	0	0	0	0	0	0	0	0	0	0	0	0
NZ_UGQW01000002.1	3p	+	38	9	23	13	5	50	0	0	0	0	0	0	0	0	0	0	0	0	0	0	0	0	0	0	0	0	0
NZ_UGQW01000002.1	3p	+	39	15	12	12	3	42	0	1	0	0	0	0	0	1	0	0	0	0	0	0	0	0	0	0	0	0	0
NZ_UGQW01000002.1	3p	+	40	6	19	7	4	36	1	2	1	0	0	0	1	0	0	0	0	0	0	0	0	0	0	0	0	0	0
NZ_UGQW01000002.1	3p	+	41	5	12	11	7	35	0	0	1	0	0	0	0	0	0	0	0	0	0	0	0	0	0	0	0	0	0
NZ_UGQW01000002.1	3p	+	42	9	5	9	7	30	1	0	0	0	0	0	1	0	0	0	0	0	0	0	0	0	0	0	0	0	0
NZ_UGQW01000002.1	3p	+	43	5	9	6	7	27	0	0	0	0	0	0	0	0	0	0	0	0	0	0	0	0	0	0	0	0	0
NZ_UGQW01000002.1	3p	+	44	1	6	9	7	23	0	1	0	0	0	0	0	0	0	0	0	0	0	0	0	0	0	0	0	0	0
NZ_UGQW01000002.1	3p	+	45	4	4	7	5	20	0	0	0	0	0	0	0	0	0	0	0	1	0	0	0	0	0	0	0	0	0
NZ_UGQW01000002.1	3p	+	46	5	8	4	1	18	0	0	0	0	0	0	0	0	0	0	0	0	0	0	0	0	0	0	0	0	0
NZ_UGQW01000002.1	3p	+	47	2	5	2	4	13	0	0	0	0	0	0	0	0	0	0	0	0	0	0	0	0	0	0	0	0	0
NZ_UGQW01000002.1	3p	+	48	2	3	3	3	11	0	0	0	0	0	0	0	0	0	1	0	0	0	0	0	0	0	0	0	0	0
NZ_UGQW01000002.1	3p	+	49	4	3	2	0	9	0	0	0	0	0	1	0	0	0	0	0	0	0	0	0	0	0	0	0	0	0
NZ_UGQW01000002.1	3p	+	50	2	2	4	1	9	0	0	0	0	0	0	0	0	0	0	0	0	0	0	0	0	0	0	0	0	0
NZ_UGQW01000002.1	3p	+	51	1	1	5	2	9	0	0	0	0	0	0	0	0	0	0	0	0	0	0	0	0	0	0	0	0	0
NZ_UGQW01000002.1	3p	+	52	2	2	2	2	8	0	0	0	0	0	0	0	0	0	0	0	0	0	0	0	0	0	0	0	0	0
NZ_UGQW01000002.1	3p	+	53	0	2	3	3	8	0	0	0	0	0	0	0	0	0	0	0	0	0	0	0	0	0	0	0	0	0
NZ_UGQW01000002.1	3p	+	54	1	1	2	3	7	0	0	0	0	0	0	0	0	0	0	0	0	0	0	0	0	0	0	0	0	0
NZ_UGQW01000002.1	3p	+	55	1	3	1	1	6	0	0	0	0	0	0	0	0	0	0	0	0	0	0	0	0	0	0	0	0	0
NZ_UGQW01000002.1	3p	+	56	1	1	1	2	5	0	0	0	0	0	0	0	0	0	0	0	0	0	0	0	0	0	0	0	0	0
NZ_UGQW01000002.1	3p	+	57	0	2	2	0	4	1	0	0	0	0	0	0	0	0	0	0	0	0	0	0	0	0	0	0	0	0
NZ_UGQW01000002.1	3p	+	58	1	1	0	2	4	0	0	0	0	0	0	0	0	0	0	0	0	0	0	0	0	0	0	0	0	0
NZ_UGQW01000002.1	3p	+	59	2	1	1	0	4	1	0	0	0	0	0	0	0	0	0	0	0	0	0	0	0	0	0	0	0	0
NZ_UGQW01000002.1	3p	+	60	1	1	0	0	2	0	0	0	0	0	0	0	0	0	0	0	0	0	0	0	0	0	0	0	0	0
NZ_UGQW01000002.1	3p	+	61	1	0	0	0	1	0	0	0	0	0	0	0	0	0	0	0	0	0	0	0	0	0	0	0	0	0
NZ_UGQW01000002.1	3p	+	62	1	0	0	0	1	0	0	0	0	0	0	0	0	0	0	0	0	0	0	0	0	0	0	0	0	0
NZ_UGQW01000002.1	3p	+	63	1	0	0	0	1	0	0	0	0	0	0	0	0	0	0	0	0	0	0	0	0	0	0	0	0	0
NZ_UGQW01000002.1	3p	+	64	1	0	0	0	1	0	0	0	0	0	0	0	0	0	0	0	0	0	0	0	0	0	0	0	0	0
NZ_UGQW01000002.1	3p	+	65	0	0	0	0	0	0	0	0	0	0	0	0	0	0	0	0	0	0	0	0	0	0	0	0	0	0
NZ_UGQW01000002.1	3p	+	66	0	0	0	0	0	0	0	0	0	0	0	0	0	0	0	0	0	0	0	0	0	0	0	0	0	0
NZ_UGQW01000002.1	3p	+	67	0	0	0	0	0	0	0	0	0	0	0	0	0	0	0	0	0	0	0	0	0	0	0	0	0	0
NZ_UGQW01000002.1	3p	+	68	0	0	0	0	0	0	0	0	0	0	0	0	0	0	0	0	0	0	0	0	0	0	0	0	0	0
NZ_UGQW01000002.1	3p	+	69	0	0	0	0	0	0	0	0	0	0	0	0	0	0	0	0	0	0	0	0	0	0	0	0	0	0
NZ_UGQW01000002.1	3p	+	70	0	0	0	0	0	0	0	0	0	0	0	0	0	0	0	0	0	0	0	0	0	0	0	0	0	0
NZ_UGQW01000002.1	3p	-	1	43	60	53	49	205	1	5	1	3	0	2	2	0	1	0	1	3	0	0	0	0	0	0	0	0	0
NZ_UGQW01000002.1	3p	-	2	38	71	56	40	205	3	5	0	5	2	0	3	0	2	1	1	0	0	0	0	0	0	0	0	0	0
NZ_UGQW01000002.1	3p	-	3	42	54	65	44	205	0	1	3	2	0	1	0	0	0	1	4	0	0	0	0	0	0	0	0	0	0
NZ_UGQW01000002.1	3p	-	4	47	59	59	40	205	0	3	2	3	0	1	1	1	1	0	3	0	0	0	0	0	0	0	0	0	0
NZ_UGQW01000002.1	3p	-	5	32	70	61	42	205	1	4	2	1	1	1	2	4	0	0	1	1	0	0	0	0	0	0	0	0	0
NZ_UGQW01000002.1	3p	-	6	38	64	50	52	204	3	3	2	3	1	0	2	1	1	0	2	0	0	0	0	0	0	0	0	1	0
NZ_UGQW01000002.1	3p	-	7	37	55	56	56	204	0	0	0	0	0	0	1	1	0	0	3	3	0	0	0	0	1	0	0	0	0
NZ_UGQW01000002.1	3p	-	8	44	49	60	52	205	5	3	1	3	0	0	0	2	2	0	2	1	1	0	0	1	0	0	0	0	0
NZ_UGQW01000002.1	3p	-	9	43	60	61	41	205	1	1	4	2	0	0	3	0	0	0	3	0	0	0	0	0	0	0	0	0	0
NZ_UGQW01000002.1	3p	-	10	43	65	51	46	205	1	3	1	1	1	0	4	0	3	0	3	1	0	0	0	0	0	0	0	0	0
NZ_UGQW01000002.1	3p	-	11	42	50	65	47	204	2	1	1	2	3	0	0	0	0	1	2	2	0	0	0	0	1	0	0	0	0
NZ_UGQW01000002.1	3p	-	12	35	61	60	49	205	1	1	0	2	0	0	0	0	0	0	4	1	0	0	0	0	0	0	0	0	0
NZ_UGQW01000002.1	3p	-	13	43	53	59	50	205	3	2	4	1	0	0	0	0	0	0	3	1	0	0	0	0	0	0	0	0	0
NZ_UGQW01000002.1	3p	-	14	42	67	52	44	205	4	4	2	2	2	0	0	1	1	0	4	0	0	0	0	0	0	0	0	0	0
NZ_UGQW01000002.1	3p	-	15	42	45	74	44	205	0	2	5	5	0	1	0	1	1	0	0	3	0	0	0	0	0	0	0	0	0
NZ_UGQW01000002.1	3p	-	16	45	49	67	44	205	0	1	1	1	1	0	0	1	0	1	2	0	0	1	0	0	0	0	0	0	0
NZ_UGQW01000002.1	3p	-	17	41	71	56	37	205	2	2	1	2	1	1	0	0	0	0	2	0	0	0	0	0	0	0	0	0	0
NZ_UGQW01000002.1	3p	-	18	42	53	68	42	205	3	3	6	3	0	0	2	0	0	0	3	1	0	0	0	0	0	0	0	0	0
NZ_UGQW01000002.1	3p	-	19	46	57	57	45	205	0	0	0	2	2	0	2	0	0	0	0	1	0	0	0	0	0	0	0	0	0
NZ_UGQW01000002.1	3p	-	20	32	67	65	41	205	1	1	0	3	0	0	4	1	0	0	2	0	0	0	0	0	0	0	0	0	0
NZ_UGQW01000002.1	3p	-	21	39	50	69	47	205	2	1	3	2	2	0	1	0	3	1	1	2	0	0	0	0	0	0	0	0	0
NZ_UGQW01000002.1	3p	-	22	51	52	59	43	205	2	2	2	2	0	0	2	0	0	1	1	1	0	0	0	0	0	0	0	0	0
NZ_UGQW01000002.1	3p	-	23	44	57	58	46	205	1	5	5	3	1	0	0	0	0	1	1	0	0	0	0	0	0	0	0	0	0
NZ_UGQW01000002.1	3p	-	24	41	54	67	42	204	3	0	2	3	2	1	1	2	0	0	3	1	0	0	0	0	0	0	1	0	0
NZ_UGQW01000002.1	3p	-	25	49	54	51	49	203	1	1	1	3	2	0	0	1	1	1	3	1	0	0	0	0	2	0	0	0	0
NZ_UGQW01000002.1	3p	-	26	48	58	54	44	204	2	3	2	3	2	1	1	1	2	0	3	0	0	0	0	0	1	0	0	0	0
NZ_UGQW01000002.1	3p	-	27	46	53	69	37	205	2	5	3	2	0	0	2	2	0	2	3	1	0	0	0	0	0	0	0	0	0
NZ_UGQW01000002.1	3p	-	28	44	63	55	43	205	0	0	0	0	1	0	1	1	1	2	3	1	0	0	0	0	0	0	0	0	0
NZ_UGQW01000002.1	3p	-	29	51	55	66	33	205	2	4	6	1	1	0	1	0	0	1	1	1	0	0	0	0	0	0	0	0	0
NZ_UGQW01000002.1	3p	-	30	49	56	66	34	205	3	2	4	1	0	2	2	0	0	0	0	1	0	0	0	0	0	0	0	0	0
NZ_UGQW01000002.1	3p	-	31	33	49	43	40	165	1	4	2	3	0	1	2	2	1	1	2	0	0	0	0	0	0	0	0	0	0
NZ_UGQW01000002.1	3p	-	32	27	35	33	28	123	0	2	3	2	0	2	1	0	0	0	0	0	0	0	0	0	0	0	0	0	0
NZ_UGQW01000002.1	3p	-	33	18	28	25	28	99	0	2	1	2	0	0	1	0	0	1	3	0	0	0	0	0	0	0	0	0	0
NZ_UGQW01000002.1	3p	-	34	15	21	25	26	87	1	1	0	0	0	0	0	0	0	0	0	0	0	0	0	0	0	0	0	0	0
NZ_UGQW01000002.1	3p	-	35	20	20	15	18	73	0	1	1	1	1	1	0	0	0	0	0	0	0	0	0	0	0	0	0	0	0
NZ_UGQW01000002.1	3p	-	36	17	19	18	8	62	0	2	2	0	0	0	0	0	0	0	2	0	0	0	0	0	0	0	0	0	0
NZ_UGQW01000002.1	3p	-	37	13	12	18	14	57	0	0	1	0	0	0	0	0	0	0	0	0	0	0	0	0	0	0	0	0	0
NZ_UGQW01000002.1	3p	-	38	11	9	15	12	47	2	0	0	1	0	0	0	0	0	0	0	0	0	0	0	0	0	0	0	0	0
NZ_UGQW01000002.1	3p	-	39	10	11	11	10	42	0	0	1	0	0	0	1	0	0	1	1	0	0	0	0	0	0	0	0	0	0
NZ_UGQW01000002.1	3p	-	40	5	11	15	7	38	1	0	0	0	0	0	2	0	0	0	0	0	0	0	0	0	0	0	0	0	0
NZ_UGQW01000002.1	3p	-	41	3	12	12	7	34	1	1	0	0	0	0	1	0	0	1	0	1	0	0	0	0	0	0	0	0	0
NZ_UGQW01000002.1	3p	-	42	4	9	10	6	29	0	1	0	1	0	0	0	0	0	0	0	0	0	0	0	0	0	0	0	0	0
NZ_UGQW01000002.1	3p	-	43	2	6	6	11	25	0	1	0	1	0	0	0	0	0	0	0	0	0	0	0	0	0	0	0	0	0
NZ_UGQW01000002.1	3p	-	44	7	7	8	2	24	0	0	0	0	1	1	0	0	0	0	0	0	0	0	0	0	0	0	0	0	0
NZ_UGQW01000002.1	3p	-	45	3	7	1	6	17	0	1	0	0	1	0	0	0	0	1	0	0	0	0	0	0	0	0	0	0	0
NZ_UGQW01000002.1	3p	-	46	4	0	5	7	16	0	0	0	1	0	0	0	0	0	0	0	0	0	0	0	0	0	0	0	0	0
NZ_UGQW01000002.1	3p	-	47	1	6	4	1	12	0	0	0	0	0	0	1	0	0	0	0	0	0	0	0	0	0	0	0	0	0
NZ_UGQW01000002.1	3p	-	48	1	4	3	3	11	0	0	0	0	0	0	0	0	0	0	0	0	0	0	0	0	0	0	0	0	0
NZ_UGQW01000002.1	3p	-	49	4	2	3	0	9	0	0	0	0	0	0	0	0	0	0	0	0	0	0	0	0	0	0	0	0	0
NZ_UGQW01000002.1	3p	-	50	2	0	5	2	9	0	0	0	0	0	0	0	0	0	0	0	0	0	0	0	0	0	0	0	0	0
NZ_UGQW01000002.1	3p	-	51	1	2	3	0	6	0	0	0	0	0	0	0	0	0	0	0	0	0	0	0	0	0	0	0	0	0
NZ_UGQW01000002.1	3p	-	52	3	0	2	1	6	0	0	0	0	0	0	0	0	0	0	0	0	0	0	0	0	0	0	0	0	0
NZ_UGQW01000002.1	3p	-	53	0	4	0	2	6	0	0	0	0	0	0	0	0	0	0	0	0	0	0	0	0	0	0	0	0	0
NZ_UGQW01000002.1	3p	-	54	1	1	1	2	5	0	0	0	0	0	0	0	0	0	0	0	0	0	0	0	0	0	0	0	0	0
NZ_UGQW01000002.1	3p	-	55	1	1	1	2	5	0	0	0	0	0	0	0	0	0	0	0	0	0	0	0	0	0	0	0	0	0
NZ_UGQW01000002.1	3p	-	56	0	2	1	2	5	0	0	0	0	0	0	0	0	0	0	0	0	0	0	0	0	0	0	0	0	0
NZ_UGQW01000002.1	3p	-	57	1	1	1	2	5	0	0	0	0	0	0	0	0	0	0	0	0	0	0	0	0	0	0	0	0	0
NZ_UGQW01000002.1	3p	-	58	0	1	1	2	4	0	0	0	0	0	0	0	0	0	0	0	0	0	0	0	0	0	0	0	0	0
NZ_UGQW01000002.1	3p	-	59	0	3	0	1	4	0	0	0	0	0	0	0	0	0	0	0	0	0	0	0	0	0	0	0	0	0
NZ_UGQW01000002.1	3p	-	60	2	2	0	0	4	0	0	0	0	0	0	0	0	0	0	0	0	0	0	0	0	0	0	0	0	0
NZ_UGQW01000002.1	3p	-	61	0	1	2	1	4	0	0	0	0	0	0	0	0	0	0	0	0	0	0	0	0	0	0	0	0	0
NZ_UGQW01000002.1	3p	-	62	0	4	0	0	4	0	0	0	0	0	0	0	0	0	0	0	0	0	0	0	0	0	0	0	0	0
NZ_UGQW01000002.1	3p	-	63	0	0	1	3	4	0	0	0	0	0	0	0	0	0	0	0	0	0	0	0	0	0	0	0	0	0
NZ_UGQW01000002.1	3p	-	64	0	1	1	2	4	0	0	0	0	0	0	0	0	0	0	0	0	0	0	0	0	0	0	0	0	0
NZ_UGQW01000002.1	3p	-	65	0	1	1	2	4	0	0	0	0	0	0	0	0	0	0	0	0	0	0	0	0	0	0	0	0	0
NZ_UGQW01000002.1	3p	-	66	0	1	2	1	4	0	0	0	0	0	0	0	0	0	0	0	0	0	0	0	0	0	0	0	0	0
NZ_UGQW01000002.1	3p	-	67	1	2	1	0	4	0	0	0	0	0	0	0	0	0	0	0	0	0	0	0	0	0	0	0	0	0
NZ_UGQW01000002.1	3p	-	68	1	2	1	0	4	0	0	0	0	0	0	0	0	0	0	0	0	0	0	0	0	0	0	0	0	0
NZ_UGQW01000002.1	3p	-	69	2	1	0	0	3	0	0	0	0	0	0	0	0	0	0	0	0	0	0	0	0	0	0	0	0	0
NZ_UGQW01000002.1	3p	-	70	0	0	3	0	3	0	0	0	0	0	0	0	0	0	0	0	0	0	0	0	0	0	0	0	0	0
NZ_UGQW01000002.1	5p	+	1	54	70	38	66	228	3	2	5	2	1	1	0	1	0	0	0	1	0	0	0	0	0	0	0	0	0
NZ_UGQW01000002.1	5p	+	2	41	69	68	50	228	5	1	2	3	1	0	0	1	2	0	1	3	0	1	0	1	0	0	0	0	0
NZ_UGQW01000002.1	5p	+	3	52	62	71	43	228	0	3	5	5	0	0	0	1	0	0	1	0	1	0	0	0	0	0	0	0	0
NZ_UGQW01000002.1	5p	+	4	58	69	60	40	227	2	0	3	1	0	0	1	0	0	0	3	0	0	0	0	0	0	0	1	0	0
NZ_UGQW01000002.1	5p	+	5	44	79	65	40	228	3	3	0	4	1	0	1	0	2	0	1	0	0	0	0	0	0	0	0	0	0
NZ_UGQW01000002.1	5p	+	6	46	74	66	41	227	3	4	1	2	2	0	2	0	0	1	2	0	0	0	0	1	1	0	0	0	0
NZ_UGQW01000002.1	5p	+	7	47	68	68	44	227	1	5	1	0	1	1	0	0	0	0	4	1	0	0	0	0	0	1	0	0	0
NZ_UGQW01000002.1	5p	+	8	55	64	52	56	227	2	4	3	3	1	3	3	1	2	0	4	0	0	0	0	1	0	0	1	0	0
NZ_UGQW01000002.1	5p	+	9	52	72	57	47	228	0	4	3	1	1	0	1	0	0	0	2	2	0	1	0	1	0	0	0	0	0
NZ_UGQW01000002.1	5p	+	10	50	68	57	52	227	0	1	1	0	2	0	2	1	1	0	0	3	0	0	0	0	0	0	0	1	0
NZ_UGQW01000002.1	5p	+	11	55	64	63	46	228	5	2	4	2	0	1	2	2	0	0	1	0	0	0	0	0	0	0	0	0	0
NZ_UGQW01000002.1	5p	+	12	51	59	62	56	228	0	1	4	3	1	0	0	0	1	1	1	0	0	0	0	0	0	0	0	0	0
NZ_UGQW01000002.1	5p	+	13	54	80	58	36	228	3	2	4	2	0	0	2	1	0	0	1	1	0	0	0	0	0	0	0	0	0
NZ_UGQW01000002.1	5p	+	14	50	71	66	41	228	1	3	3	3	0	0	1	1	0	0	1	0	0	0	0	0	0	0	0	0	0
NZ_UGQW01000002.1	5p	+	15	46	69	67	46	228	3	4	5	2	0	0	1	1	0	0	1	0	0	0	0	0	0	0	0	0	0
NZ_UGQW01000002.1	5p	+	16	55	67	57	49	228	1	3	1	5	0	1	0	1	0	1	0	0	0	0	0	0	0	0	0	0	0
NZ_UGQW01000002.1	5p	+	17	41	74	64	49	228	1	4	2	2	1	0	3	1	1	0	3	0	0	0	0	0	0	0	0	0	0
NZ_UGQW01000002.1	5p	+	18	58	66	71	33	228	2	3	1	1	1	0	2	0	1	0	5	0	0	0	0	0	0	0	0	0	0
NZ_UGQW01000002.1	5p	+	19	60	64	53	51	228	3	3	0	2	1	0	5	1	1	0	2	1	0	1	0	0	0	0	0	0	0
NZ_UGQW01000002.1	5p	+	20	45	73	51	59	228	4	3	1	4	0	1	2	0	1	1	2	0	0	0	0	0	0	0	0	0	0
NZ_UGQW01000002.1	5p	+	21	46	69	66	47	228	4	2	4	4	1	1	2	1	1	0	2	0	0	0	0	0	0	0	0	0	0
NZ_UGQW01000002.1	5p	+	22	48	74	58	48	228	2	3	0	2	0	1	0	0	0	1	2	1	0	0	0	0	0	0	0	0	0
NZ_UGQW01000002.1	5p	+	23	37	67	74	50	228	2	4	0	4	0	0	1	1	1	0	5	1	0	0	0	0	0	0	0	0	0
NZ_UGQW01000002.1	5p	+	24	52	57	75	44	228	2	4	2	3	2	1	1	1	0	2	0	1	0	0	0	0	0	0	0	0	0
NZ_UGQW01000002.1	5p	+	25	46	73	57	52	228	1	3	3	1	0	1	0	0	0	0	3	1	0	0	0	0	0	0	0	0	0
NZ_UGQW01000002.1	5p	+	26	52	64	73	39	228	2	2	4	3	3	0	1	1	0	1	3	0	0	0	0	0	0	0	0	0	0
NZ_UGQW01000002.1	5p	+	27	64	64	63	37	228	1	1	4	1	1	1	2	0	0	0	1	3	0	0	0	0	0	0	0	0	0
NZ_UGQW01000002.1	5p	+	28	61	67	49	51	228	3	0	2	4	0	0	1	0	1	0	4	1	0	0	0	0	0	0	0	0	0
NZ_UGQW01000002.1	5p	+	29	53	70	66	39	228	2	2	3	0	1	1	0	3	0	1	1	2	0	0	0	0	0	0	0	0	0
NZ_UGQW01000002.1	5p	+	30	55	67	65	41	228	1	3	2	2	1	0	2	0	1	1	3	3	0	0	0	0	0	0	0	0	0
NZ_UGQW01000002.1	5p	+	31	51	54	33	46	184	3	5	2	3	2	1	1	2	0	2	0	0	0	0	0	0	0	0	0	0	0
NZ_UGQW01000002.1	5p	+	32	37	50	36	25	148	1	4	3	0	0	0	1	1	1	0	1	1	0	0	0	0	0	0	0	0	0
NZ_UGQW01000002.1	5p	+	33	32	26	34	25	117	2	2	3	1	0	0	0	1	0	1	0	1	0	0	0	0	0	0	0	0	0
NZ_UGQW01000002.1	5p	+	34	17	20	26	32	95	0	0	1	0	0	0	0	0	0	1	1	0	0	0	0	0	0	0	0	0	0
NZ_UGQW01000002.1	5p	+	35	13	27	17	21	78	0	2	1	2	0	0	0	0	0	1	0	0	0	0	0	0	0	0	0	0	0
NZ_UGQW01000002.1	5p	+	36	12	19	21	19	71	0	2	1	2	0	0	0	0	0	0	0	0	0	0	0	0	0	0	0	0	0
NZ_UGQW01000002.1	5p	+	37	19	16	10	17	62	0	0	1	2	0	0	0	0	0	0	0	0	0	0	0	0	0	0	0	0	0
NZ_UGQW01000002.1	5p	+	38	12	18	12	8	50	1	2	0	0	0	0	0	1	0	0	0	0	0	0	0	0	0	0	0	0	0
NZ_UGQW01000002.1	5p	+	39	12	11	12	7	42	0	0	0	0	0	0	0	0	0	0	0	0	0	0	0	0	0	0	0	0	0
NZ_UGQW01000002.1	5p	+	40	6	13	10	7	36	0	2	0	1	0	0	0	0	0	0	1	0	0	0	0	0	0	0	0	0	0
NZ_UGQW01000002.1	5p	+	41	7	13	5	10	35	0	0	0	1	0	0	0	0	0	0	0	0	0	0	0	0	0	0	0	0	0
NZ_UGQW01000002.1	5p	+	42	11	6	8	5	30	0	0	0	0	1	0	0	0	0	0	0	0	0	0	0	0	0	0	0	0	0
NZ_UGQW01000002.1	5p	+	43	9	5	3	10	27	0	0	0	2	0	0	0	0	0	0	0	0	0	0	0	0	0	0	0	0	0
NZ_UGQW01000002.1	5p	+	44	5	7	6	5	23	1	0	0	0	0	0	0	0	0	0	0	0	0	0	0	0	0	0	0	0	0
NZ_UGQW01000002.1	5p	+	45	5	8	2	5	20	0	0	0	0	0	0	0	0	0	0	0	0	0	0	0	0	0	0	0	0	0
NZ_UGQW01000002.1	5p	+	46	7	1	6	4	18	0	0	2	0	0	0	0	0	0	0	0	0	0	0	0	0	0	0	0	0	0
NZ_UGQW01000002.1	5p	+	47	2	4	5	2	13	0	1	0	0	0	0	0	0	0	0	0	0	0	0	0	0	0	0	0	0	0
NZ_UGQW01000002.1	5p	+	48	2	4	5	0	11	1	0	0	0	0	0	0	0	0	0	0	0	0	0	0	0	0	0	0	0	0
NZ_UGQW01000002.1	5p	+	49	2	4	1	2	9	0	0	0	0	0	0	0	0	0	0	0	0	0	0	0	0	0	0	0	0	0
NZ_UGQW01000002.1	5p	+	50	2	1	2	4	9	0	0	0	0	0	0	0	0	0	0	1	0	0	0	0	0	0	0	0	0	0
NZ_UGQW01000002.1	5p	+	51	4	3	2	0	9	0	0	0	0	0	0	0	0	0	0	1	0	0	0	0	0	0	0	0	0	0
NZ_UGQW01000002.1	5p	+	52	3	3	1	1	8	1	0	0	0	0	0	0	0	0	0	0	0	0	0	0	0	0	0	0	0	0
NZ_UGQW01000002.1	5p	+	53	4	2	1	1	8	0	0	0	0	0	0	0	0	0	0	0	0	0	0	0	0	0	0	0	0	0
NZ_UGQW01000002.1	5p	+	54	1	4	2	0	7	0	0	0	0	0	0	0	0	0	0	0	1	0	0	0	0	0	0	0	0	0
NZ_UGQW01000002.1	5p	+	55	2	2	1	1	6	0	0	0	0	0	0	0	0	0	0	0	0	0	0	0	0	0	0	0	0	0
NZ_UGQW01000002.1	5p	+	56	3	1	1	0	5	0	0	1	0	0	0	0	0	0	0	0	0	0	0	0	0	0	0	0	0	0
NZ_UGQW01000002.1	5p	+	57	1	2	0	1	4	0	0	1	0	0	0	0	0	0	0	0	0	0	0	0	0	0	0	0	0	0
NZ_UGQW01000002.1	5p	+	58	0	1	2	1	4	0	0	0	0	0	0	0	0	0	0	0	0	0	0	0	0	0	0	0	0	0
NZ_UGQW01000002.1	5p	+	59	0	2	1	1	4	0	0	0	0	0	0	0	0	0	0	0	0	0	0	0	0	0	0	0	0	0
NZ_UGQW01000002.1	5p	+	60	0	2	0	0	2	0	0	0	0	0	0	0	0	0	0	0	0	0	0	0	0	0	0	0	0	0
NZ_UGQW01000002.1	5p	+	61	1	0	0	0	1	0	0	0	0	0	0	0	0	0	0	0	0	0	0	0	0	0	0	0	0	0
NZ_UGQW01000002.1	5p	+	62	0	1	0	0	1	0	0	0	0	0	0	0	0	0	0	0	0	0	0	0	0	0	0	0	0	0
NZ_UGQW01000002.1	5p	+	63	1	0	0	0	1	0	0	0	0	0	0	0	0	0	0	0	0	0	0	0	0	0	0	0	0	0
NZ_UGQW01000002.1	5p	+	64	0	1	0	0	1	0	0	0	0	0	0	0	0	0	0	0	0	0	0	0	0	0	0	0	0	0
NZ_UGQW01000002.1	5p	+	65	0	0	0	0	0	0	0	0	0	0	0	0	0	0	0	0	0	0	0	0	0	0	0	0	0	0
NZ_UGQW01000002.1	5p	+	66	0	0	0	0	0	0	0	0	0	0	0	0	0	0	0	0	0	0	0	0	0	0	0	0	0	0
NZ_UGQW01000002.1	5p	+	67	0	0	0	0	0	0	0	0	0	0	0	0	0	0	0	0	0	0	0	0	0	0	0	0	0	0
NZ_UGQW01000002.1	5p	+	68	0	0	0	0	0	0	0	0	0	0	0	0	0	0	0	0	0	0	0	0	0	0	0	0	0	0
NZ_UGQW01000002.1	5p	+	69	0	0	0	0	0	0	0	0	0	0	0	0	0	0	0	0	0	0	0	0	0	0	0	0	0	0
NZ_UGQW01000002.1	5p	+	70	0	0	0	0	0	0	0	0	0	0	0	0	0	0	0	0	0	0	0	0	0	0	0	0	0	0
NZ_UGQW01000002.1	5p	-	1	46	64	39	56	205	0	5	0	2	2	4	1	0	0	0	0	0	0	0	0	0	0	0	0	0	0
NZ_UGQW01000002.1	5p	-	2	42	66	54	43	205	0	3	6	3	0	0	2	0	0	4	1	0	0	0	0	0	0	0	0	0	0
NZ_UGQW01000002.1	5p	-	3	40	50	77	38	205	1	2	1	2	0	0	1	0	0	3	3	0	0	0	0	0	0	0	0	0	0
NZ_UGQW01000002.1	5p	-	4	59	44	55	47	205	1	0	1	2	1	0	1	2	0	1	2	1	0	0	0	0	0	0	0	0	0
NZ_UGQW01000002.1	5p	-	5	42	64	57	41	204	4	2	4	4	1	1	1	0	1	0	4	1	0	0	0	0	1	0	0	0	0
NZ_UGQW01000002.1	5p	-	6	41	59	60	44	204	1	4	2	1	2	1	1	1	1	1	7	0	0	0	0	0	1	0	0	0	0
NZ_UGQW01000002.1	5p	-	7	44	59	60	41	204	2	4	3	2	1	1	0	3	1	0	1	0	0	0	0	0	0	0	1	0	0
NZ_UGQW01000002.1	5p	-	8	36	50	79	40	205	2	3	4	2	0	2	1	0	1	1	3	2	0	0	0	0	0	0	0	0	0
NZ_UGQW01000002.1	5p	-	9	48	61	61	35	205	3	5	3	3	3	0	1	2	0	1	0	0	0	0	0	0	0	0	0	0	0
NZ_UGQW01000002.1	5p	-	10	51	42	61	51	205	3	1	2	1	1	0	2	0	1	0	2	1	0	0	0	0	0	0	0	0	0
NZ_UGQW01000002.1	5p	-	11	32	68	58	47	205	0	0	2	1	0	0	5	0	2	0	3	1	0	0	0	0	0	0	0	0	0
NZ_UGQW01000002.1	5p	-	12	41	54	75	35	205	1	0	0	2	1	0	1	0	0	1	1	1	0	0	0	0	0	0	0	0	0
NZ_UGQW01000002.1	5p	-	13	49	54	61	40	204	2	1	2	1	1	0	2	1	0	0	0	1	0	0	0	0	1	0	0	0	0
NZ_UGQW01000002.1	5p	-	14	41	61	62	41	205	1	2	3	4	2	1	4	0	0	1	3	1	0	0	0	0	0	0	0	0	0
NZ_UGQW01000002.1	5p	-	15	42	49	72	42	205	1	4	2	2	0	0	4	0	0	1	0	1	0	0	0	0	0	0	0	0	0
NZ_UGQW01000002.1	5p	-	16	48	53	50	54	205	3	3	1	3	0	1	0	1	1	0	0	1	0	1	0	0	0	0	0	0	0
NZ_UGQW01000002.1	5p	-	17	37	55	69	44	205	1	4	4	4	1	0	0	0	1	0	0	0	0	0	0	0	0	0	0	0	0
NZ_UGQW01000002.1	5p	-	18	46	55	60	44	205	2	2	3	4	0	0	1	1	0	0	3	3	0	0	0	0	0	0	0	0	0
NZ_UGQW01000002.1	5p	-	19	38	51	54	62	205	1	0	4	0	0	0	0	0	0	0	5	1	0	0	0	0	0	0	0	0	0
NZ_UGQW01000002.1	5p	-	20	38	75	54	38	205	1	2	3	4	2	0	0	0	0	1	5	0	0	0	0	0	0	0	0	0	0
NZ_UGQW01000002.1	5p	-	21	40	49	67	49	205	0	4	1	4	1	0	0	1	2	0	2	5	0	0	0	0	0	0	0	0	0
NZ_UGQW01000002.1	5p	-	22	41	61	55	48	205	2	1	2	3	0	0	3	0	0	0	1	0	0	0	0	0	0	0	0	0	0
NZ_UGQW01000002.1	5p	-	23	42	63	58	42	205	1	1	3	1	1	0	1	1	1	0	2	0	0	0	0	0	0	0	0	0	0
NZ_UGQW01000002.1	5p	-	24	49	43	67	44	203	5	1	1	0	3	0	1	0	1	0	1	1	0	0	0	1	2	0	0	0	0
NZ_UGQW01000002.1	5p	-	25	50	59	50	46	205	1	0	2	3	1	0	1	3	1	0	1	0	0	0	0	0	0	0	0	0	0
NZ_UGQW01000002.1	5p	-	26	34	76	56	39	205	1	6	1	1	0	0	4	2	0	0	3	0	0	0	0	0	0	0	0	0	0
NZ_UGQW01000002.1	5p	-	27	36	56	63	50	205	5	2	1	4	1	1	0	0	0	0	2	2	1	0	0	0	0	0	0	0	0
NZ_UGQW01000002.1	5p	-	28	44	56	59	46	205	1	2	0	0	1	2	0	0	0	0	4	0	0	0	0	0	0	0	0	0	0
NZ_UGQW01000002.1	5p	-	29	37	61	61	46	205	3	1	4	2	0	0	2	0	0	1	3	0	0	0	0	0	0	0	0	0	0
NZ_UGQW01000002.1	5p	-	30	40	54	68	43	205	1	4	1	3	0	2	0	0	1	0	1	1	0	0	0	0	0	0	0	0	0
NZ_UGQW01000002.1	5p	-	31	35	57	31	42	165	1	4	0	1	0	0	0	0	0	1	0	2	0	0	0	0	0	0	0	0	0
NZ_UGQW01000002.1	5p	-	32	19	46	35	23	123	1	3	0	2	0	0	1	0	0	0	0	0	0	0	0	0	0	0	0	0	0
NZ_UGQW01000002.1	5p	-	33	24	25	31	18	98	0	0	1	0	0	0	1	2	0	1	2	0	0	0	0	0	0	0	0	1	0
NZ_UGQW01000002.1	5p	-	34	21	28	16	22	87	0	0	1	0	1	0	1	1	1	0	1	0	0	0	0	0	0	0	0	0	0
NZ_UGQW01000002.1	5p	-	35	14	21	20	18	73	0	1	1	1	0	0	0	0	1	0	1	0	0	0	0	0	0	0	0	0	0
NZ_UGQW01000002.1	5p	-	36	10	23	16	13	62	0	0	0	1	0	0	1	0	0	0	0	0	0	0	0	0	0	0	0	0	0
NZ_UGQW01000002.1	5p	-	37	9	9	24	15	57	1	0	1	1	0	0	0	0	0	0	1	0	0	0	0	0	0	0	0	0	0
NZ_UGQW01000002.1	5p	-	38	7	12	19	9	47	1	0	0	0	1	0	0	0	0	0	1	0	0	0	0	0	0	0	0	0	0
NZ_UGQW01000002.1	5p	-	39	13	15	9	5	42	0	0	1	0	0	0	0	0	0	0	2	0	0	0	0	0	0	0	0	0	0
NZ_UGQW01000002.1	5p	-	40	5	14	8	11	38	1	0	0	0	0	0	1	0	0	0	0	0	0	0	0	0	0	0	0	0	0
NZ_UGQW01000002.1	5p	-	41	6	6	10	12	34	0	0	0	3	0	0	0	0	2	0	0	0	0	0	0	0	0	0	0	0	0
NZ_UGQW01000002.1	5p	-	42	8	10	4	7	29	0	1	0	0	0	0	0	0	0	0	0	0	0	0	0	0	0	0	0	0	0
NZ_UGQW01000002.1	5p	-	43	7	5	4	9	25	0	0	1	0	0	0	0	0	0	0	0	0	0	0	0	0	0	0	0	0	0
NZ_UGQW01000002.1	5p	-	44	4	6	8	6	24	0	1	0	0	0	0	0	0	0	0	1	0	0	0	0	0	0	0	0	0	0
NZ_UGQW01000002.1	5p	-	45	4	9	3	1	17	0	2	0	0	0	0	0	0	0	0	0	0	0	0	0	0	0	0	0	0	0
NZ_UGQW01000002.1	5p	-	46	2	8	3	3	16	0	1	0	0	0	0	0	0	0	0	0	0	0	0	0	0	0	0	0	0	0
NZ_UGQW01000002.1	5p	-	47	1	2	8	1	12	0	0	0	0	0	0	0	0	0	0	0	1	0	0	0	0	0	0	0	0	0
NZ_UGQW01000002.1	5p	-	48	3	3	2	3	11	0	0	1	0	0	0	1	0	0	0	0	0	0	0	0	0	0	0	0	0	0
NZ_UGQW01000002.1	5p	-	49	4	2	3	0	9	0	0	0	0	0	0	0	0	0	0	0	0	0	0	0	0	0	0	0	0	0
NZ_UGQW01000002.1	5p	-	50	4	1	1	3	9	0	0	0	0	0	0	0	0	0	0	0	1	0	0	0	0	0	0	0	0	0
NZ_UGQW01000002.1	5p	-	51	2	1	1	2	6	0	0	1	0	0	0	0	0	0	0	0	0	0	0	0	0	0	0	0	0	0
NZ_UGQW01000002.1	5p	-	52	2	1	2	1	6	0	0	0	0	0	0	0	0	0	0	0	0	0	0	0	0	0	0	0	0	0
NZ_UGQW01000002.1	5p	-	53	1	2	1	2	6	0	0	0	0	0	0	0	0	0	0	0	0	0	0	0	0	0	0	0	0	0
NZ_UGQW01000002.1	5p	-	54	2	1	0	2	5	0	0	0	0	0	0	0	0	0	0	0	0	0	0	0	0	0	0	0	0	0
NZ_UGQW01000002.1	5p	-	55	0	3	2	0	5	0	0	0	0	0	0	0	0	0	0	0	0	0	0	0	0	0	0	0	0	0
NZ_UGQW01000002.1	5p	-	56	1	0	4	0	5	0	0	0	0	0	0	0	0	0	0	0	0	0	0	0	0	0	0	0	0	0
NZ_UGQW01000002.1	5p	-	57	1	2	0	2	5	0	0	0	0	0	0	0	0	0	0	0	0	0	0	0	0	0	0	0	0	0
NZ_UGQW01000002.1	5p	-	58	0	2	1	1	4	0	0	0	0	0	0	0	0	0	0	0	0	0	0	0	0	0	0	0	0	0
NZ_UGQW01000002.1	5p	-	59	1	0	2	1	4	0	0	0	0	0	0	0	0	0	0	0	0	0	0	0	0	0	0	0	0	0
NZ_UGQW01000002.1	5p	-	60	1	1	1	1	4	0	0	0	0	0	0	0	0	0	0	0	0	0	0	0	0	0	0	0	0	0
NZ_UGQW01000002.1	5p	-	61	2	1	0	1	4	0	0	0	0	0	0	0	0	0	0	0	0	0	0	0	0	0	0	0	0	0
NZ_UGQW01000002.1	5p	-	62	1	1	0	2	4	0	0	0	0	0	0	0	0	0	0	0	0	0	0	0	0	0	0	0	0	0
NZ_UGQW01000002.1	5p	-	63	1	1	0	2	4	0	0	0	1	0	0	0	0	0	0	0	0	0	0	0	0	0	0	0	0	0
NZ_UGQW01000002.1	5p	-	64	0	1	3	0	4	0	0	0	0	0	0	0	0	0	0	0	0	0	0	0	0	0	0	0	0	0
NZ_UGQW01000002.1	5p	-	65	1	0	1	2	4	0	0	0	0	0	0	0	0	0	0	0	0	0	0	0	0	0	0	0	0	0
NZ_UGQW01000002.1	5p	-	66	1	2	0	1	4	0	0	1	0	0	0	0	0	0	0	0	0	0	0	0	0	0	0	0	0	0
NZ_UGQW01000002.1	5p	-	67	0	2	1	1	4	0	2	0	0	0	0	0	0	0	0	0	0	0	0	0	0	0	0	0	0	0
NZ_UGQW01000002.1	5p	-	68	0	2	1	1	4	0	0	0	0	0	0	0	0	0	0	0	0	0	0	0	0	0	0	0	0	0
NZ_UGQW01000002.1	5p	-	69	1	0	0	2	3	0	0	0	0	0	0	0	0	1	0	0	0	0	0	0	0	0	0	0	0	0
NZ_UGQW01000002.1	5p	-	70	0	0	3	0	3	0	0	0	0	0	0	0	0	0	0	0	0	0	0	0	0	0	0	0	0	0
