# table produced by mapDamage version 2.2.3
# using mapped file /mnt/archgen/microbiome_calculus/library_ds_vs_ss/04-analysis/normalize_kraken/mapping/neisseria_elongata/mapDamage2_ssLibs/input/PES001.B0102.SG1.5_5M.mapped_n_elongata_q25l30_rmdup.bam and /mnt/archgen/microbiome_calculus/library_ds_vs_ss/04-analysis/normalize_kraken/mapping/neisseria_elongata/input/GCF_900453895.1_42925_E01_genomic.fna as reference file
# Chr: reference from sam/bam header, End: from which termini of DNA sequences, Std: strand of reads
Chr	End	Std	Pos	A	C	G	T	Total	G>A	C>T	A>G	T>C	A>C	A>T	C>G	C>A	T>G	T>A	G>C	G>T	A>-	T>-	C>-	G>-	->A	->T	->C	->G	S
NZ_UGQW01000001.1	3p	+	1	49	85	41	44	219	2	28	1	0	0	0	0	1	0	1	1	2	0	0	0	0	0	0	0	0	0
NZ_UGQW01000001.1	3p	+	2	65	52	58	44	219	0	2	4	0	1	0	0	0	0	1	0	0	0	0	0	0	0	0	0	0	0
NZ_UGQW01000001.1	3p	+	3	48	52	65	54	219	0	5	2	3	0	0	2	0	1	0	1	1	0	0	0	0	0	0	0	0	0
NZ_UGQW01000001.1	3p	+	4	55	59	46	59	219	3	4	1	2	0	0	0	0	0	0	1	0	0	0	0	0	0	0	0	0	0
NZ_UGQW01000001.1	3p	+	5	54	50	60	55	219	0	4	2	0	0	0	0	0	1	1	0	0	0	0	0	0	0	0	0	0	0
NZ_UGQW01000001.1	3p	+	6	49	57	68	45	219	1	4	1	0	0	0	0	0	2	0	0	0	0	0	0	0	0	0	0	0	0
NZ_UGQW01000001.1	3p	+	7	41	65	58	55	219	1	4	0	2	1	0	1	1	0	0	0	0	0	0	0	0	0	0	0	0	0
NZ_UGQW01000001.1	3p	+	8	59	62	58	40	219	3	0	0	1	1	1	0	0	0	0	0	1	0	0	0	0	0	0	0	0	0
NZ_UGQW01000001.1	3p	+	9	41	57	65	56	219	0	1	1	2	1	0	0	0	0	1	3	0	0	0	0	0	0	0	0	0	0
NZ_UGQW01000001.1	3p	+	10	41	61	74	43	219	1	3	1	1	0	0	0	0	0	0	0	0	0	0	0	0	0	0	0	0	0
NZ_UGQW01000001.1	3p	+	11	54	55	64	46	219	0	1	1	3	0	0	1	0	0	0	0	1	0	0	0	0	0	0	0	0	0
NZ_UGQW01000001.1	3p	+	12	57	61	64	37	219	0	3	4	2	0	0	1	0	0	1	1	0	0	0	0	0	0	0	0	0	0
NZ_UGQW01000001.1	3p	+	13	42	77	52	48	219	2	3	3	3	0	0	0	0	0	0	1	1	0	0	0	0	0	0	0	0	0
NZ_UGQW01000001.1	3p	+	14	58	39	59	63	219	0	0	1	4	0	0	2	0	0	0	3	0	0	0	0	0	0	0	0	0	0
NZ_UGQW01000001.1	3p	+	15	45	57	66	51	219	0	4	1	1	1	0	0	0	1	0	2	0	0	0	0	0	0	0	0	0	0
NZ_UGQW01000001.1	3p	+	16	55	68	63	33	219	0	3	1	2	0	0	2	0	0	0	0	0	0	1	0	0	0	0	0	0	0
NZ_UGQW01000001.1	3p	+	17	49	60	55	55	219	0	3	0	1	1	0	0	0	0	1	1	0	0	0	0	0	0	0	0	0	0
NZ_UGQW01000001.1	3p	+	18	50	62	58	49	219	0	1	1	1	0	1	1	0	0	0	0	0	0	0	0	0	0	0	0	0	0
NZ_UGQW01000001.1	3p	+	19	42	83	62	32	219	3	4	1	0	0	0	1	1	0	0	0	0	0	0	0	0	0	0	0	0	0
NZ_UGQW01000001.1	3p	+	20	59	59	57	44	219	2	4	2	2	0	0	2	0	0	0	0	1	0	0	0	0	0	0	0	0	0
NZ_UGQW01000001.1	3p	+	21	48	55	63	53	219	2	3	0	0	0	0	2	0	0	0	0	0	0	0	0	0	0	0	0	0	0
NZ_UGQW01000001.1	3p	+	22	47	57	64	51	219	0	3	1	2	0	2	0	0	1	1	0	1	0	0	0	0	0	0	0	0	0
NZ_UGQW01000001.1	3p	+	23	59	50	62	48	219	0	7	1	1	0	0	0	0	0	0	1	1	0	0	0	0	0	0	0	0	0
NZ_UGQW01000001.1	3p	+	24	46	62	66	45	219	0	3	1	3	0	0	0	2	1	0	0	0	0	0	0	0	0	0	0	0	0
NZ_UGQW01000001.1	3p	+	25	66	56	58	38	218	2	2	1	1	0	0	0	0	0	0	3	0	0	0	0	0	1	0	0	0	0
NZ_UGQW01000001.1	3p	+	26	43	71	61	44	219	1	4	2	0	0	0	2	0	1	0	0	0	0	0	0	0	0	0	0	0	0
NZ_UGQW01000001.1	3p	+	27	45	71	68	35	219	2	0	4	1	0	0	0	0	0	0	0	0	0	0	0	0	0	0	0	0	0
NZ_UGQW01000001.1	3p	+	28	51	60	61	47	219	3	5	2	0	0	0	0	0	0	1	0	0	0	0	0	0	0	0	0	0	0
NZ_UGQW01000001.1	3p	+	29	57	57	62	43	219	2	6	3	1	0	1	0	0	0	0	0	1	0	0	0	0	0	0	0	0	0
NZ_UGQW01000001.1	3p	+	30	41	60	62	56	219	2	4	2	2	0	0	0	1	1	0	0	0	0	0	0	0	0	0	0	0	0
NZ_UGQW01000001.1	3p	+	31	44	64	47	50	205	0	10	0	2	0	0	1	0	0	0	0	0	0	0	0	0	0	0	0	0	0
NZ_UGQW01000001.1	3p	+	32	50	56	48	36	190	1	4	1	2	0	0	1	1	0	0	0	0	0	0	0	0	0	0	0	0	0
NZ_UGQW01000001.1	3p	+	33	42	49	43	37	171	0	3	2	2	0	0	0	0	0	0	0	0	0	0	0	0	0	0	0	0	0
NZ_UGQW01000001.1	3p	+	34	40	47	39	35	161	2	2	1	2	0	0	0	0	0	0	0	0	0	0	0	0	0	0	0	0	0
NZ_UGQW01000001.1	3p	+	35	38	32	35	39	144	1	6	0	1	0	0	0	0	0	0	0	0	0	0	0	0	0	0	0	0	0
NZ_UGQW01000001.1	3p	+	36	31	46	32	25	134	0	3	1	4	0	0	1	0	0	0	0	0	0	0	0	0	0	0	0	0	0
NZ_UGQW01000001.1	3p	+	37	23	35	37	28	123	1	4	2	1	0	1	0	1	0	0	0	1	0	0	0	0	0	0	0	0	0
NZ_UGQW01000001.1	3p	+	38	28	32	27	28	115	1	2	0	0	0	0	0	1	0	0	0	0	0	0	0	0	0	0	0	0	0
NZ_UGQW01000001.1	3p	+	39	24	29	30	29	112	1	4	0	1	0	0	0	0	1	0	0	1	0	0	0	0	0	0	0	0	0
NZ_UGQW01000001.1	3p	+	40	16	34	23	22	95	0	3	1	0	0	0	0	0	0	0	1	1	0	0	0	0	0	0	0	0	0
NZ_UGQW01000001.1	3p	+	41	17	19	26	23	85	0	0	0	0	0	0	1	0	0	0	0	0	0	0	0	0	0	0	0	0	0
NZ_UGQW01000001.1	3p	+	42	18	23	27	10	78	0	3	0	0	0	0	0	0	0	0	0	0	0	0	0	0	0	0	0	0	0
NZ_UGQW01000001.1	3p	+	43	16	19	21	15	71	1	3	0	2	0	0	0	0	0	0	0	0	0	0	0	0	1	0	0	0	0
NZ_UGQW01000001.1	3p	+	44	18	18	18	15	69	0	2	1	2	0	0	0	0	0	0	0	0	0	0	0	0	0	0	0	0	0
NZ_UGQW01000001.1	3p	+	45	16	16	17	18	67	1	2	0	0	0	0	0	0	0	0	1	0	0	0	0	0	0	0	0	0	0
NZ_UGQW01000001.1	3p	+	46	18	13	12	17	60	0	3	0	0	0	1	0	0	0	1	0	0	0	0	0	0	0	0	0	0	0
NZ_UGQW01000001.1	3p	+	47	12	14	15	15	56	0	2	0	0	0	0	0	0	0	0	0	0	0	0	0	0	0	0	0	0	0
NZ_UGQW01000001.1	3p	+	48	12	13	16	11	52	0	2	0	0	0	0	0	0	0	0	0	0	0	0	0	0	0	0	0	0	0
NZ_UGQW01000001.1	3p	+	49	9	13	9	14	45	0	1	0	1	0	0	0	0	0	0	0	0	0	0	0	0	0	0	0	0	0
NZ_UGQW01000001.1	3p	+	50	8	8	15	11	42	0	1	0	1	0	0	0	0	0	0	0	0	0	0	0	0	0	0	0	0	0
NZ_UGQW01000001.1	3p	+	51	9	10	9	11	39	0	2	0	0	0	0	0	0	0	0	0	0	0	0	0	0	0	0	0	0	0
NZ_UGQW01000001.1	3p	+	52	10	11	7	8	36	0	1	3	0	0	0	0	0	0	0	0	0	0	0	0	0	0	0	0	0	0
NZ_UGQW01000001.1	3p	+	53	12	4	9	9	34	1	0	0	0	0	0	0	0	0	0	0	0	0	0	0	0	0	0	0	0	0
NZ_UGQW01000001.1	3p	+	54	5	5	16	6	32	1	1	0	0	0	0	0	0	0	0	0	0	0	0	0	0	0	0	0	0	0
NZ_UGQW01000001.1	3p	+	55	5	13	6	6	30	0	1	1	0	0	0	0	0	0	0	0	0	0	0	0	0	0	0	0	0	0
NZ_UGQW01000001.1	3p	+	56	7	6	4	11	28	0	0	0	0	0	0	0	0	0	0	0	0	0	0	0	0	0	0	0	0	0
NZ_UGQW01000001.1	3p	+	57	5	4	13	3	25	0	1	0	0	0	0	0	0	0	0	0	0	0	0	0	0	0	0	0	0	0
NZ_UGQW01000001.1	3p	+	58	7	8	5	5	25	0	1	0	0	0	0	0	0	0	0	0	0	0	0	0	0	0	0	0	0	0
NZ_UGQW01000001.1	3p	+	59	8	10	2	5	25	0	2	0	0	0	0	0	0	0	0	0	0	0	0	0	0	0	0	0	0	0
NZ_UGQW01000001.1	3p	+	60	6	7	4	6	23	0	2	1	0	0	0	0	0	0	0	0	0	0	0	0	0	0	0	0	0	0
NZ_UGQW01000001.1	3p	+	61	6	4	4	8	22	0	1	0	1	0	0	0	0	0	0	0	0	0	0	0	0	0	0	0	0	0
NZ_UGQW01000001.1	3p	+	62	7	4	5	4	20	0	1	0	1	0	0	0	0	0	0	0	0	0	0	0	0	0	0	0	0	0
NZ_UGQW01000001.1	3p	+	63	6	7	2	3	18	0	0	0	0	0	0	0	0	0	0	0	0	0	0	0	0	0	0	0	0	0
NZ_UGQW01000001.1	3p	+	64	4	2	6	6	18	0	0	0	1	0	0	0	0	0	0	0	0	0	0	0	0	0	0	0	0	0
NZ_UGQW01000001.1	3p	+	65	3	4	5	5	17	0	0	0	0	0	0	0	0	0	0	0	0	0	0	0	0	0	0	0	0	0
NZ_UGQW01000001.1	3p	+	66	4	5	4	4	17	0	0	0	0	0	0	0	0	0	0	0	0	0	0	0	0	0	0	0	0	0
NZ_UGQW01000001.1	3p	+	67	3	5	3	5	16	0	0	0	0	0	0	0	0	0	0	0	0	0	0	0	0	0	0	0	0	0
NZ_UGQW01000001.1	3p	+	68	5	3	6	1	15	0	0	0	0	0	0	0	0	0	0	0	0	0	0	0	0	0	0	0	0	0
NZ_UGQW01000001.1	3p	+	69	3	4	6	2	15	0	0	1	0	0	0	0	0	0	0	0	0	0	0	0	0	0	0	0	0	0
NZ_UGQW01000001.1	3p	+	70	1	9	4	1	15	1	0	0	0	0	0	0	0	0	0	0	0	0	0	0	0	0	0	0	0	0
NZ_UGQW01000001.1	3p	-	1	41	65	46	43	195	5	25	0	1	0	0	0	1	0	0	1	0	0	0	0	0	0	0	0	0	0
NZ_UGQW01000001.1	3p	-	2	56	44	58	37	195	0	7	0	1	1	0	0	0	1	0	0	0	0	0	0	0	0	0	0	0	0
NZ_UGQW01000001.1	3p	-	3	43	54	55	43	195	0	6	2	2	0	0	0	0	1	1	0	0	0	0	0	0	0	0	0	0	0
NZ_UGQW01000001.1	3p	-	4	53	42	54	46	195	1	6	1	2	1	0	0	0	1	0	1	0	0	0	0	0	0	0	0	0	0
NZ_UGQW01000001.1	3p	-	5	50	57	44	44	195	2	3	2	0	0	1	0	0	0	1	0	0	0	0	0	0	0	0	0	0	0
NZ_UGQW01000001.1	3p	-	6	49	55	55	36	195	0	1	3	1	0	0	0	0	0	0	1	0	0	0	0	0	0	0	0	0	0
NZ_UGQW01000001.1	3p	-	7	42	68	41	44	195	2	3	0	1	0	0	0	0	0	0	0	0	0	0	0	0	0	0	0	0	0
NZ_UGQW01000001.1	3p	-	8	35	54	59	47	195	2	2	3	0	0	0	0	1	0	0	0	0	0	0	0	0	0	0	0	0	0
NZ_UGQW01000001.1	3p	-	9	44	52	58	41	195	2	6	2	2	0	1	0	0	0	0	2	0	0	0	0	0	0	0	0	0	0
NZ_UGQW01000001.1	3p	-	10	45	58	43	49	195	1	2	3	1	0	0	0	0	1	0	0	0	0	0	0	0	0	0	0	0	0
NZ_UGQW01000001.1	3p	-	11	47	49	57	42	195	0	1	3	0	0	0	1	0	0	0	0	1	0	0	0	0	0	0	0	0	0
NZ_UGQW01000001.1	3p	-	12	35	57	62	41	195	1	4	2	1	0	0	0	0	0	1	0	1	0	0	0	0	0	0	0	0	0
NZ_UGQW01000001.1	3p	-	13	34	62	56	43	195	1	4	3	0	0	0	1	1	0	0	0	0	0	0	0	0	0	0	0	0	0
NZ_UGQW01000001.1	3p	-	14	47	52	56	40	195	3	2	1	3	1	0	0	0	0	0	0	0	0	0	0	0	0	0	0	0	0
NZ_UGQW01000001.1	3p	-	15	46	61	46	42	195	2	6	3	2	1	0	0	0	1	2	0	0	0	0	0	0	0	0	0	0	0
NZ_UGQW01000001.1	3p	-	16	53	54	49	39	195	0	2	1	0	0	0	0	0	0	0	0	0	0	0	0	0	0	0	0	0	0
NZ_UGQW01000001.1	3p	-	17	54	57	50	34	195	1	0	2	1	0	0	2	0	0	0	0	0	0	0	0	0	0	0	0	0	0
NZ_UGQW01000001.1	3p	-	18	40	59	57	39	195	2	4	2	0	0	0	0	1	0	0	0	0	0	0	0	0	0	0	0	0	0
NZ_UGQW01000001.1	3p	-	19	46	56	57	35	194	3	1	2	0	0	0	1	0	0	0	1	0	0	1	0	0	0	1	0	0	0
NZ_UGQW01000001.1	3p	-	20	38	59	55	43	195	0	1	0	1	0	0	1	0	1	0	0	0	0	0	0	0	0	0	0	0	0
NZ_UGQW01000001.1	3p	-	21	38	53	60	44	195	1	1	2	1	0	0	1	0	0	0	1	0	0	0	0	0	0	0	0	0	0
NZ_UGQW01000001.1	3p	-	22	39	53	55	48	195	0	2	0	1	0	0	0	0	0	0	0	1	0	0	0	1	0	0	0	0	0
NZ_UGQW01000001.1	3p	-	23	49	48	50	48	195	2	2	0	3	0	0	0	0	1	0	0	1	0	0	0	0	0	0	0	0	0
NZ_UGQW01000001.1	3p	-	24	41	51	64	39	195	2	1	2	2	0	0	0	0	0	0	0	0	0	0	0	0	0	0	0	0	0
NZ_UGQW01000001.1	3p	-	25	45	51	56	43	195	2	5	2	1	0	0	0	0	1	0	0	0	0	0	0	0	0	0	0	0	0
NZ_UGQW01000001.1	3p	-	26	39	56	54	46	195	0	4	4	1	0	0	0	0	0	0	2	0	0	0	0	0	0	0	0	0	0
NZ_UGQW01000001.1	3p	-	27	51	44	56	44	195	4	3	1	0	0	0	0	0	1	0	0	0	0	0	0	0	0	0	0	0	0
NZ_UGQW01000001.1	3p	-	28	34	64	51	46	195	2	2	2	2	1	0	0	1	0	0	0	0	0	0	0	0	0	0	0	0	0
NZ_UGQW01000001.1	3p	-	29	45	54	51	45	195	0	4	2	2	0	0	0	1	0	0	0	0	0	0	0	0	0	0	0	0	0
NZ_UGQW01000001.1	3p	-	30	52	58	50	35	195	0	5	1	1	0	1	1	1	0	0	0	0	0	0	0	0	0	0	0	0	0
NZ_UGQW01000001.1	3p	-	31	39	49	53	38	179	0	8	2	0	1	1	0	2	0	0	0	0	0	0	0	0	0	0	0	0	0
NZ_UGQW01000001.1	3p	-	32	34	54	38	42	168	0	7	2	2	0	0	0	0	1	0	0	0	0	0	0	0	0	0	0	0	0
NZ_UGQW01000001.1	3p	-	33	16	54	48	38	156	2	2	1	1	0	0	0	0	1	0	0	0	0	0	0	0	0	0	0	0	0
NZ_UGQW01000001.1	3p	-	34	19	47	30	42	138	0	2	1	1	0	0	0	1	0	0	0	0	0	0	0	0	0	0	0	0	0
NZ_UGQW01000001.1	3p	-	35	28	31	37	32	128	2	5	1	0	0	0	0	0	0	0	0	1	0	0	0	0	0	0	0	0	0
NZ_UGQW01000001.1	3p	-	36	32	25	35	29	121	1	1	3	1	0	0	0	0	0	0	1	0	0	0	0	0	0	0	0	0	0
NZ_UGQW01000001.1	3p	-	37	34	31	26	23	114	0	4	1	1	0	0	0	0	0	0	1	0	0	0	0	0	0	0	0	0	0
NZ_UGQW01000001.1	3p	-	38	28	25	33	23	109	0	0	1	0	0	0	0	0	0	0	0	0	0	0	0	0	0	0	0	0	0
NZ_UGQW01000001.1	3p	-	39	28	34	20	23	105	0	0	1	1	0	0	1	0	0	0	0	0	0	0	0	0	0	0	0	0	0
NZ_UGQW01000001.1	3p	-	40	27	25	25	22	99	0	1	0	0	0	0	0	0	0	0	0	0	0	0	0	0	0	0	0	0	0
NZ_UGQW01000001.1	3p	-	41	17	31	24	23	95	0	2	0	0	0	0	0	1	0	0	0	0	0	0	0	0	0	0	0	0	0
NZ_UGQW01000001.1	3p	-	42	21	27	22	19	89	3	4	0	0	0	0	0	1	0	0	2	0	0	0	0	0	0	0	0	0	0
NZ_UGQW01000001.1	3p	-	43	22	21	18	17	78	0	4	1	0	0	0	0	0	0	0	0	0	0	0	0	0	0	0	0	0	0
NZ_UGQW01000001.1	3p	-	44	19	16	22	14	71	0	3	0	0	0	0	0	0	0	0	0	0	0	0	0	0	0	0	0	0	0
NZ_UGQW01000001.1	3p	-	45	5	23	21	16	65	0	2	0	0	0	0	0	0	0	0	0	0	0	0	0	0	0	0	0	0	0
NZ_UGQW01000001.1	3p	-	46	15	20	16	8	59	1	1	0	1	0	0	0	0	0	0	0	1	0	0	0	0	0	0	0	0	0
NZ_UGQW01000001.1	3p	-	47	11	20	14	10	55	0	3	1	0	0	0	0	0	0	0	0	0	0	0	0	0	0	0	0	0	0
NZ_UGQW01000001.1	3p	-	48	12	13	11	11	47	0	1	0	0	0	0	0	0	1	0	0	0	0	0	0	0	0	0	0	0	0
NZ_UGQW01000001.1	3p	-	49	12	8	9	15	44	0	0	1	1	0	0	0	0	0	0	0	1	0	0	0	0	0	0	0	0	0
NZ_UGQW01000001.1	3p	-	50	10	11	12	8	41	0	1	0	0	0	0	0	0	0	0	0	0	0	0	0	0	0	0	0	0	0
NZ_UGQW01000001.1	3p	-	51	12	8	9	9	38	0	1	0	0	1	0	0	0	0	0	0	0	0	0	0	0	0	0	0	0	0
NZ_UGQW01000001.1	3p	-	52	4	15	10	7	36	0	1	0	0	0	0	0	0	0	0	0	0	0	0	0	0	0	0	0	0	0
NZ_UGQW01000001.1	3p	-	53	6	6	11	9	32	0	0	0	0	0	0	0	0	0	0	0	1	0	0	0	0	0	0	0	0	0
NZ_UGQW01000001.1	3p	-	54	6	10	6	9	31	0	1	0	0	0	0	0	0	0	0	0	0	0	0	0	0	0	0	0	0	0
NZ_UGQW01000001.1	3p	-	55	10	10	4	6	30	0	1	0	0	0	0	0	0	0	0	0	0	0	0	0	0	0	0	0	0	0
NZ_UGQW01000001.1	3p	-	56	8	7	7	8	30	0	0	0	0	0	0	0	0	0	0	0	0	0	0	0	0	0	0	0	0	0
NZ_UGQW01000001.1	3p	-	57	5	10	12	2	29	0	2	0	0	0	0	0	0	0	0	0	0	0	0	0	0	0	0	0	0	0
NZ_UGQW01000001.1	3p	-	58	4	13	4	6	27	0	0	0	1	0	0	0	0	0	0	0	0	0	0	0	0	0	0	0	0	0
NZ_UGQW01000001.1	3p	-	59	7	9	6	2	24	0	0	1	0	0	0	0	0	0	0	0	0	0	0	0	0	0	0	0	0	0
NZ_UGQW01000001.1	3p	-	60	4	9	4	5	22	0	0	0	0	0	0	0	0	0	0	0	0	0	0	0	0	0	0	0	0	0
NZ_UGQW01000001.1	3p	-	61	6	6	3	6	21	0	1	1	0	0	0	0	0	0	0	0	0	0	0	0	0	0	0	0	0	0
NZ_UGQW01000001.1	3p	-	62	3	6	6	6	21	0	0	0	0	0	0	0	0	0	0	0	0	0	0	0	0	0	0	0	0	0
NZ_UGQW01000001.1	3p	-	63	2	9	4	5	20	0	2	0	0	0	0	0	0	0	0	0	0	0	0	0	0	0	0	0	0	0
NZ_UGQW01000001.1	3p	-	64	2	11	3	4	20	0	1	0	0	0	0	0	0	0	0	0	0	0	0	0	0	0	0	0	0	0
NZ_UGQW01000001.1	3p	-	65	3	4	5	6	18	0	0	0	1	0	0	0	0	0	0	0	0	0	0	0	0	0	0	0	0	0
NZ_UGQW01000001.1	3p	-	66	4	4	5	3	16	0	0	0	0	0	0	0	0	0	0	0	0	0	0	0	0	0	0	0	0	0
NZ_UGQW01000001.1	3p	-	67	4	6	4	2	16	0	0	1	0	0	0	0	0	0	0	0	0	0	0	0	0	0	0	0	0	0
NZ_UGQW01000001.1	3p	-	68	5	5	3	3	16	0	0	0	0	0	0	0	0	0	0	0	0	0	0	0	0	0	0	0	0	0
NZ_UGQW01000001.1	3p	-	69	2	5	5	3	15	0	0	0	0	0	0	0	0	0	0	0	0	0	0	0	0	0	0	0	0	0
NZ_UGQW01000001.1	3p	-	70	4	5	3	2	14	0	0	0	0	0	0	0	0	0	0	0	0	0	0	0	0	0	0	0	0	0
NZ_UGQW01000001.1	5p	+	1	39	75	36	69	219	2	34	1	2	0	0	0	0	0	0	0	1	0	0	0	0	0	0	0	0	0
NZ_UGQW01000001.1	5p	+	2	50	56	65	48	219	1	7	3	0	0	0	1	0	0	0	0	0	0	0	0	0	0	0	0	0	0
NZ_UGQW01000001.1	5p	+	3	56	57	68	38	219	2	9	2	2	0	1	0	0	1	0	0	2	0	0	0	0	0	0	0	0	0
NZ_UGQW01000001.1	5p	+	4	63	68	43	45	219	1	4	0	0	0	0	0	0	1	0	0	0	0	0	0	0	0	0	0	0	0
NZ_UGQW01000001.1	5p	+	5	53	65	52	49	219	3	3	0	3	0	0	2	1	0	0	0	0	0	0	0	0	0	0	0	0	0
NZ_UGQW01000001.1	5p	+	6	50	64	56	49	219	3	5	0	1	0	0	0	0	0	0	1	0	0	0	0	0	0	0	0	0	0
NZ_UGQW01000001.1	5p	+	7	49	64	60	46	219	1	1	3	3	0	0	0	0	0	0	0	0	0	0	0	0	0	0	0	0	0
NZ_UGQW01000001.1	5p	+	8	43	72	69	35	219	2	5	0	0	0	0	0	0	0	1	0	1	0	0	0	0	0	0	0	0	0
NZ_UGQW01000001.1	5p	+	9	41	60	62	56	219	0	5	2	3	0	0	0	0	0	1	0	0	0	0	0	0	0	0	0	0	0
NZ_UGQW01000001.1	5p	+	10	48	50	74	47	219	2	0	3	1	0	0	0	1	0	0	1	2	0	0	0	0	0	0	0	0	0
NZ_UGQW01000001.1	5p	+	11	54	59	59	47	219	0	4	4	2	0	3	1	0	0	0	0	1	0	0	0	0	0	0	0	0	0
NZ_UGQW01000001.1	5p	+	12	60	58	55	46	219	1	6	2	3	0	0	0	0	1	0	0	0	0	0	0	0	0	0	0	0	0
NZ_UGQW01000001.1	5p	+	13	46	61	65	47	219	0	5	1	1	0	0	0	0	0	0	0	0	0	0	0	0	0	0	0	0	0
NZ_UGQW01000001.1	5p	+	14	49	69	60	41	219	1	3	0	2	0	0	1	1	0	0	0	0	0	0	0	0	0	0	0	0	0
NZ_UGQW01000001.1	5p	+	15	55	54	58	52	219	0	1	4	4	0	0	0	0	0	1	0	0	0	0	0	0	0	0	0	0	0
NZ_UGQW01000001.1	5p	+	16	47	52	65	55	219	0	4	0	3	0	0	1	0	0	0	2	0	0	0	0	0	0	0	0	0	0
NZ_UGQW01000001.1	5p	+	17	45	73	57	44	219	0	6	1	1	0	0	0	1	0	0	1	0	0	0	0	0	0	0	0	0	0
NZ_UGQW01000001.1	5p	+	18	45	61	67	46	219	1	4	2	2	0	0	1	0	0	0	0	0	0	0	0	0	0	0	0	0	0
NZ_UGQW01000001.1	5p	+	19	47	52	66	54	219	3	2	2	0	2	1	0	0	1	0	0	0	0	0	0	0	0	0	0	0	0
NZ_UGQW01000001.1	5p	+	20	49	64	57	49	219	1	3	2	3	0	0	2	0	1	0	1	0	0	0	0	0	0	0	0	0	0
NZ_UGQW01000001.1	5p	+	21	54	59	63	43	219	1	1	0	2	0	0	2	0	0	0	1	0	0	1	0	0	0	0	0	0	0
NZ_UGQW01000001.1	5p	+	22	58	44	64	53	219	1	3	4	1	0	0	1	0	0	0	1	0	0	0	0	0	0	0	0	0	0
NZ_UGQW01000001.1	5p	+	23	48	64	64	43	219	2	2	2	2	1	0	1	0	1	1	1	0	0	0	0	0	0	0	0	0	0
NZ_UGQW01000001.1	5p	+	24	45	58	67	49	219	1	3	2	2	0	0	0	0	0	0	0	0	0	0	0	0	0	0	0	0	0
NZ_UGQW01000001.1	5p	+	25	54	69	54	42	219	1	4	1	1	1	1	0	0	0	0	1	0	0	0	0	0	0	0	0	0	0
NZ_UGQW01000001.1	5p	+	26	53	66	61	39	219	0	6	2	0	0	0	2	0	0	0	0	0	0	0	0	0	0	0	0	0	0
NZ_UGQW01000001.1	5p	+	27	47	59	62	51	219	1	1	0	1	0	0	0	0	1	0	1	0	0	0	0	0	0	0	0	0	0
NZ_UGQW01000001.1	5p	+	28	50	52	62	55	219	0	0	1	2	0	0	0	0	0	0	1	1	0	0	0	0	0	0	0	0	0
NZ_UGQW01000001.1	5p	+	29	48	62	57	52	219	2	5	3	3	0	0	0	1	0	2	1	1	0	0	0	0	0	0	0	0	0
NZ_UGQW01000001.1	5p	+	30	48	55	63	52	218	2	3	2	2	0	1	0	0	0	0	1	0	0	0	0	0	1	0	0	0	0
NZ_UGQW01000001.1	5p	+	31	36	66	51	52	205	1	4	0	1	0	0	2	0	1	0	1	0	0	0	0	0	0	0	0	0	0
NZ_UGQW01000001.1	5p	+	32	43	63	44	40	190	1	6	1	1	2	0	1	0	0	0	0	1	0	0	0	0	0	0	0	0	0
NZ_UGQW01000001.1	5p	+	33	45	42	46	38	171	0	3	0	0	0	0	1	0	0	0	1	0	0	0	0	0	0	0	0	0	0
NZ_UGQW01000001.1	5p	+	34	47	40	39	35	161	2	5	2	0	0	0	0	0	0	0	0	0	0	0	0	0	0	0	0	0	0
NZ_UGQW01000001.1	5p	+	35	34	47	29	34	144	0	3	0	1	0	0	0	1	1	1	0	1	0	0	0	0	0	0	0	0	0
NZ_UGQW01000001.1	5p	+	36	34	33	37	30	134	0	4	0	1	0	0	0	1	0	0	0	0	0	0	0	0	0	0	0	0	0
NZ_UGQW01000001.1	5p	+	37	31	32	35	25	123	0	1	1	2	0	0	0	0	0	0	0	0	0	0	0	0	0	0	0	0	0
NZ_UGQW01000001.1	5p	+	38	33	32	30	20	115	1	3	0	1	0	0	0	0	0	0	0	0	0	0	0	0	0	0	0	0	0
NZ_UGQW01000001.1	5p	+	39	26	33	31	22	112	1	1	1	3	0	0	1	0	0	0	1	0	0	0	0	0	0	0	0	0	0
NZ_UGQW01000001.1	5p	+	40	20	32	21	22	95	0	3	1	1	0	0	0	0	1	1	0	1	0	0	0	0	0	0	0	0	0
NZ_UGQW01000001.1	5p	+	41	16	25	24	20	85	1	0	1	0	0	0	0	0	0	0	0	0	0	0	0	0	0	0	0	0	0
NZ_UGQW01000001.1	5p	+	42	16	17	25	20	78	0	1	0	1	0	0	0	0	0	0	0	0	0	0	0	0	0	0	0	0	0
NZ_UGQW01000001.1	5p	+	43	18	16	24	14	72	0	1	2	0	0	0	0	0	0	0	0	1	0	0	0	0	0	0	0	0	0
NZ_UGQW01000001.1	5p	+	44	16	21	17	15	69	0	1	1	0	0	0	0	0	0	0	0	0	0	0	0	0	0	0	0	0	0
NZ_UGQW01000001.1	5p	+	45	18	16	21	12	67	0	1	0	0	0	0	0	0	0	0	0	0	0	0	0	0	0	0	0	0	0
NZ_UGQW01000001.1	5p	+	46	14	15	15	15	59	0	1	0	0	0	0	0	0	0	0	0	0	0	0	0	0	1	0	0	0	0
NZ_UGQW01000001.1	5p	+	47	10	21	10	15	56	0	0	0	0	0	0	0	1	0	0	0	0	0	0	0	0	0	0	0	0	0
NZ_UGQW01000001.1	5p	+	48	11	16	18	7	52	0	2	0	0	0	0	0	0	0	0	0	0	0	0	0	0	0	0	0	0	0
NZ_UGQW01000001.1	5p	+	49	18	7	12	8	45	1	1	2	0	0	0	0	0	0	1	1	0	0	0	0	0	0	0	0	0	0
NZ_UGQW01000001.1	5p	+	50	9	10	11	12	42	1	0	0	0	0	0	0	0	0	0	0	0	0	0	0	0	0	0	0	0	0
NZ_UGQW01000001.1	5p	+	51	6	7	18	8	39	0	0	0	0	0	0	0	0	0	0	0	0	0	0	0	0	0	0	0	0	0
NZ_UGQW01000001.1	5p	+	52	8	11	14	3	36	0	0	0	0	0	0	0	0	0	0	0	0	0	0	0	0	0	0	0	0	0
NZ_UGQW01000001.1	5p	+	53	9	12	4	9	34	0	0	0	0	0	0	0	0	0	0	0	0	0	0	0	0	0	0	0	0	0
NZ_UGQW01000001.1	5p	+	54	13	6	6	7	32	0	0	0	0	0	0	0	1	0	0	1	0	0	0	0	0	0	0	0	0	0
NZ_UGQW01000001.1	5p	+	55	13	5	6	6	30	0	0	0	0	0	0	0	0	0	0	0	0	0	0	0	0	0	0	0	0	0
NZ_UGQW01000001.1	5p	+	56	5	10	4	9	28	0	2	0	0	0	0	0	0	0	0	0	0	0	0	0	0	0	0	0	0	0
NZ_UGQW01000001.1	5p	+	57	6	4	7	8	25	0	0	0	0	0	0	0	0	0	0	0	0	0	0	0	0	0	0	0	0	0
NZ_UGQW01000001.1	5p	+	58	6	8	8	3	25	0	2	0	0	0	0	1	0	0	0	0	0	0	0	0	0	0	0	0	0	0
NZ_UGQW01000001.1	5p	+	59	6	8	7	4	25	0	2	0	0	0	0	0	0	0	0	0	0	0	0	0	0	0	0	0	0	0
NZ_UGQW01000001.1	5p	+	60	4	6	8	5	23	0	2	0	1	0	0	0	0	0	0	0	0	0	0	0	0	0	0	0	0	0
NZ_UGQW01000001.1	5p	+	61	7	2	6	7	22	0	0	0	0	0	0	0	0	0	0	0	0	0	0	0	0	0	0	0	0	0
NZ_UGQW01000001.1	5p	+	62	8	5	3	4	20	0	2	0	0	0	0	0	0	0	0	0	0	0	0	0	0	0	0	0	0	0
NZ_UGQW01000001.1	5p	+	63	8	4	3	3	18	0	0	0	0	0	0	0	0	0	0	0	0	0	0	0	0	0	0	0	0	0
NZ_UGQW01000001.1	5p	+	64	4	5	3	6	18	0	0	0	0	0	0	0	0	0	0	0	0	0	0	0	0	0	0	0	0	0
NZ_UGQW01000001.1	5p	+	65	3	4	6	4	17	0	0	0	0	0	0	0	0	0	0	0	0	0	0	0	0	0	0	0	0	0
NZ_UGQW01000001.1	5p	+	66	5	5	3	4	17	0	0	0	0	0	0	0	0	0	0	0	0	0	0	0	0	0	0	0	0	0
NZ_UGQW01000001.1	5p	+	67	7	3	3	3	16	0	1	0	0	0	0	0	0	0	0	0	0	0	0	0	0	0	0	0	0	0
NZ_UGQW01000001.1	5p	+	68	1	4	3	7	15	0	1	0	0	0	0	0	0	0	0	0	0	0	0	0	0	0	0	0	0	0
NZ_UGQW01000001.1	5p	+	69	4	2	7	2	15	0	1	0	0	0	0	0	0	0	0	0	0	0	0	0	0	0	0	0	0	0
NZ_UGQW01000001.1	5p	+	70	5	5	1	4	15	0	0	0	0	0	0	0	0	0	0	0	0	0	0	0	0	0	0	0	0	0
NZ_UGQW01000001.1	5p	-	1	33	71	34	57	195	1	25	0	1	0	0	0	0	0	0	1	2	0	0	0	0	0	0	0	0	0
NZ_UGQW01000001.1	5p	-	2	44	72	36	43	195	2	11	0	2	0	0	0	1	0	0	0	0	0	0	0	0	0	0	0	0	0
NZ_UGQW01000001.1	5p	-	3	47	48	59	41	195	1	4	3	1	0	1	0	0	0	0	0	0	0	0	0	0	0	0	0	0	0
NZ_UGQW01000001.1	5p	-	4	50	56	45	44	195	2	2	4	3	0	0	1	0	0	0	0	0	0	0	0	0	0	0	0	0	0
NZ_UGQW01000001.1	5p	-	5	51	57	45	42	195	0	6	2	2	0	1	0	0	0	0	0	0	0	0	0	0	0	0	0	0	0
NZ_UGQW01000001.1	5p	-	6	37	59	53	46	195	2	2	4	1	1	0	0	2	1	0	1	0	0	0	0	0	0	0	0	0	0
NZ_UGQW01000001.1	5p	-	7	51	52	49	43	195	2	3	0	0	0	0	0	1	1	0	1	0	0	0	0	0	0	0	0	0	0
NZ_UGQW01000001.1	5p	-	8	41	52	67	35	195	0	5	0	1	0	0	0	0	1	0	1	0	0	0	0	0	0	0	0	0	0
NZ_UGQW01000001.1	5p	-	9	41	57	62	35	195	1	4	2	1	0	0	0	0	2	0	1	2	0	0	0	0	0	0	0	0	0
NZ_UGQW01000001.1	5p	-	10	44	55	52	44	195	0	0	1	0	0	0	0	0	0	0	0	0	0	0	0	0	0	0	0	0	0
NZ_UGQW01000001.1	5p	-	11	49	47	60	39	195	1	1	1	0	0	0	0	0	1	0	1	0	0	0	0	0	0	0	0	0	0
NZ_UGQW01000001.1	5p	-	12	46	48	60	41	195	2	2	1	1	1	0	0	1	0	0	0	1	0	0	0	0	0	0	0	0	0
NZ_UGQW01000001.1	5p	-	13	40	49	57	49	195	2	1	1	0	0	0	0	1	0	0	0	0	0	0	0	0	0	0	0	0	0
NZ_UGQW01000001.1	5p	-	14	44	68	48	34	194	0	2	4	0	1	0	0	0	0	0	1	0	0	0	0	0	0	1	0	0	0
NZ_UGQW01000001.1	5p	-	15	42	56	59	38	195	2	2	2	2	0	0	2	0	0	0	0	0	0	0	0	0	0	0	0	0	0
NZ_UGQW01000001.1	5p	-	16	46	53	51	45	195	0	0	0	0	1	0	0	0	0	0	0	0	0	0	0	0	0	0	0	0	0
NZ_UGQW01000001.1	5p	-	17	46	61	51	37	195	1	3	3	1	0	0	0	0	0	0	0	0	0	0	0	0	0	0	0	0	0
NZ_UGQW01000001.1	5p	-	18	47	48	55	45	195	1	3	4	2	0	0	1	0	0	0	1	0	0	0	0	0	0	0	0	0	0
NZ_UGQW01000001.1	5p	-	19	41	63	53	38	195	1	3	1	1	0	0	0	1	0	1	0	0	0	1	0	0	0	0	0	0	0
NZ_UGQW01000001.1	5p	-	20	43	63	46	43	195	1	4	1	1	1	0	0	0	0	0	0	0	0	0	0	0	0	0	0	0	0
NZ_UGQW01000001.1	5p	-	21	33	48	65	49	195	4	4	5	1	0	0	0	0	1	0	0	0	0	0	0	0	0	0	0	0	0
NZ_UGQW01000001.1	5p	-	22	36	57	51	51	195	0	3	0	2	0	0	1	0	0	0	0	1	0	0	0	1	0	0	0	0	0
NZ_UGQW01000001.1	5p	-	23	39	62	45	49	195	1	3	2	2	0	0	1	0	0	0	0	0	0	0	0	0	0	0	0	0	0
NZ_UGQW01000001.1	5p	-	24	45	49	58	43	195	1	1	2	2	0	0	2	0	0	0	1	0	0	0	0	0	0	0	0	0	0
NZ_UGQW01000001.1	5p	-	25	40	58	54	43	195	1	4	2	0	0	0	0	0	0	0	0	0	0	0	0	0	0	0	0	0	0
NZ_UGQW01000001.1	5p	-	26	43	61	53	38	195	0	1	3	1	0	0	0	1	0	0	0	1	0	0	0	0	0	0	0	0	0
NZ_UGQW01000001.1	5p	-	27	47	52	42	54	195	1	3	3	2	0	0	0	1	1	0	0	0	0	0	0	0	0	0	0	0	0
NZ_UGQW01000001.1	5p	-	28	52	50	49	44	195	3	1	1	1	0	0	0	0	0	0	0	0	0	0	0	0	0	0	0	0	0
NZ_UGQW01000001.1	5p	-	29	49	51	59	36	195	1	6	2	0	0	0	0	0	0	0	1	0	0	0	0	0	0	0	0	0	0
NZ_UGQW01000001.1	5p	-	30	49	51	56	39	195	2	8	1	1	0	0	0	1	0	0	1	0	0	0	0	0	0	0	0	0	0
NZ_UGQW01000001.1	5p	-	31	41	53	43	42	179	1	10	2	0	0	0	0	0	1	1	0	0	0	0	0	0	0	0	0	0	0
NZ_UGQW01000001.1	5p	-	32	34	46	43	45	168	0	6	1	0	0	0	0	0	1	0	0	0	0	0	0	0	0	0	0	0	0
NZ_UGQW01000001.1	5p	-	33	34	43	45	34	156	0	2	0	1	0	2	0	0	1	1	0	0	0	0	0	0	0	0	0	0	0
NZ_UGQW01000001.1	5p	-	34	35	36	37	30	138	1	6	0	2	1	0	0	0	0	0	0	0	0	0	0	0	0	0	0	0	0
NZ_UGQW01000001.1	5p	-	35	23	45	31	29	128	2	4	1	1	0	0	0	0	1	0	0	0	0	0	0	0	0	0	0	0	0
NZ_UGQW01000001.1	5p	-	36	26	35	28	32	121	1	0	0	0	0	0	0	0	0	0	0	0	0	0	0	0	0	0	0	0	0
NZ_UGQW01000001.1	5p	-	37	26	29	31	28	114	0	4	1	1	0	0	0	0	0	1	0	0	0	0	0	0	0	0	0	0	0
NZ_UGQW01000001.1	5p	-	38	19	43	30	17	109	1	2	3	1	0	0	0	0	0	0	0	1	0	0	0	0	0	0	0	0	0
NZ_UGQW01000001.1	5p	-	39	28	28	29	20	105	1	0	2	1	0	0	0	0	0	0	0	0	0	0	0	0	0	0	0	0	0
NZ_UGQW01000001.1	5p	-	40	31	26	26	16	99	0	1	0	0	1	0	0	0	0	1	0	0	0	0	0	0	0	0	0	0	0
NZ_UGQW01000001.1	5p	-	41	18	31	27	19	95	0	3	0	1	0	0	0	0	0	0	0	0	0	0	0	0	0	0	0	0	0
NZ_UGQW01000001.1	5p	-	42	17	19	29	24	89	1	1	0	1	0	0	0	0	0	0	1	0	0	0	0	0	0	0	0	0	0
NZ_UGQW01000001.1	5p	-	43	19	18	22	19	78	0	2	1	1	0	0	0	0	0	0	0	0	0	0	0	0	0	0	0	0	0
NZ_UGQW01000001.1	5p	-	44	20	20	16	15	71	0	4	0	2	0	0	0	0	0	0	0	0	0	0	0	0	0	0	0	0	0
NZ_UGQW01000001.1	5p	-	45	12	19	21	13	65	1	3	1	0	0	0	0	0	0	0	1	0	0	0	0	0	0	0	0	0	0
NZ_UGQW01000001.1	5p	-	46	15	17	15	12	59	0	0	0	0	0	0	0	0	0	0	0	0	0	0	0	0	0	0	0	0	0
NZ_UGQW01000001.1	5p	-	47	9	20	15	11	55	0	2	0	0	0	0	0	0	0	0	0	0	0	0	0	0	0	0	0	0	0
NZ_UGQW01000001.1	5p	-	48	10	10	19	8	47	0	0	0	0	0	0	0	0	0	0	1	0	0	0	0	0	0	0	0	0	0
NZ_UGQW01000001.1	5p	-	49	8	14	11	11	44	0	3	0	1	0	0	0	1	0	0	0	0	0	0	0	0	0	0	0	0	0
NZ_UGQW01000001.1	5p	-	50	5	12	11	13	41	1	1	0	0	0	0	0	0	0	0	0	0	0	0	0	0	0	0	0	0	0
NZ_UGQW01000001.1	5p	-	51	10	13	9	6	38	0	0	0	0	0	0	0	0	0	0	0	0	0	0	0	0	0	0	0	0	0
NZ_UGQW01000001.1	5p	-	52	8	9	9	10	36	0	0	0	0	0	0	0	0	0	0	0	0	0	0	0	0	0	0	0	0	0
NZ_UGQW01000001.1	5p	-	53	8	10	7	7	32	0	0	0	0	0	0	0	0	0	0	0	0	0	0	0	0	0	0	0	0	0
NZ_UGQW01000001.1	5p	-	54	6	9	8	8	31	1	1	0	0	0	0	0	0	0	0	0	0	0	0	0	0	0	0	0	0	0
NZ_UGQW01000001.1	5p	-	55	9	6	9	6	30	0	0	0	0	0	0	0	0	0	0	0	0	0	0	0	0	0	0	0	0	0
NZ_UGQW01000001.1	5p	-	56	6	11	6	7	30	0	1	0	0	0	0	1	0	0	0	0	0	0	0	0	0	0	0	0	0	0
NZ_UGQW01000001.1	5p	-	57	5	7	10	7	29	0	0	0	0	0	0	0	0	0	0	0	0	0	0	0	0	0	0	0	0	0
NZ_UGQW01000001.1	5p	-	58	3	10	6	8	27	0	0	0	0	0	0	0	0	0	0	0	0	0	0	0	0	0	0	0	0	0
NZ_UGQW01000001.1	5p	-	59	5	7	4	8	24	0	0	0	0	0	0	0	0	0	0	0	0	0	0	0	0	0	0	0	0	0
NZ_UGQW01000001.1	5p	-	60	4	7	9	2	22	0	1	0	0	0	0	0	0	0	0	0	0	0	0	0	0	0	0	0	0	0
NZ_UGQW01000001.1	5p	-	61	3	5	10	3	21	0	0	1	0	0	0	0	0	0	0	0	0	0	0	0	0	0	0	0	0	0
NZ_UGQW01000001.1	5p	-	62	8	8	3	2	21	1	1	1	0	0	0	0	0	0	0	0	0	0	0	0	0	0	0	0	0	0
NZ_UGQW01000001.1	5p	-	63	6	7	3	4	20	0	0	0	0	0	0	0	0	0	0	0	0	0	0	0	0	0	0	0	0	0
NZ_UGQW01000001.1	5p	-	64	3	6	6	5	20	0	1	0	0	0	0	0	0	0	0	0	0	0	0	0	0	0	0	0	0	0
NZ_UGQW01000001.1	5p	-	65	6	3	6	3	18	0	0	0	0	0	0	0	1	0	0	0	0	0	0	0	0	0	0	0	0	0
NZ_UGQW01000001.1	5p	-	66	6	7	3	0	16	1	1	0	0	0	0	0	0	0	0	0	0	0	0	0	0	0	0	0	0	0
NZ_UGQW01000001.1	5p	-	67	6	3	2	5	16	0	0	0	0	0	0	0	0	0	0	0	0	0	0	0	0	0	0	0	0	0
NZ_UGQW01000001.1	5p	-	68	4	5	4	3	16	0	1	0	0	0	0	0	0	0	0	0	0	0	0	0	0	0	0	0	0	0
NZ_UGQW01000001.1	5p	-	69	4	2	5	4	15	0	0	0	0	0	0	0	0	0	0	0	0	0	0	0	0	0	0	0	0	0
NZ_UGQW01000001.1	5p	-	70	2	4	3	5	14	0	0	0	0	0	0	0	0	0	0	0	0	0	0	0	0	0	0	0	0	0
NZ_UGQW01000002.1	3p	+	1	429	703	472	494	2098	14	234	13	14	3	9	2	3	4	1	5	5	0	0	0	0	0	0	0	0	0
NZ_UGQW01000002.1	3p	+	2	589	584	522	403	2098	14	106	15	11	2	2	4	4	4	3	4	4	0	0	0	0	0	0	0	0	0
NZ_UGQW01000002.1	3p	+	3	475	553	612	458	2098	11	77	12	13	3	2	7	8	4	2	10	5	1	0	0	0	0	0	0	0	0
NZ_UGQW01000002.1	3p	+	4	537	554	561	446	2098	18	63	16	8	4	0	4	3	3	1	4	5	0	0	0	0	0	0	0	0	0
NZ_UGQW01000002.1	3p	+	5	535	541	553	469	2098	16	31	20	11	3	2	4	4	0	0	3	3	0	0	0	0	0	0	0	0	0
NZ_UGQW01000002.1	3p	+	6	503	565	574	453	2095	11	34	15	12	3	0	2	2	5	2	5	2	0	0	0	0	0	1	1	1	0
NZ_UGQW01000002.1	3p	+	7	476	608	552	461	2097	14	36	14	10	3	1	4	3	2	0	4	6	0	0	0	1	0	0	0	1	0
NZ_UGQW01000002.1	3p	+	8	481	583	557	475	2096	16	32	11	13	1	1	6	3	0	2	4	4	0	0	0	1	0	1	0	1	0
NZ_UGQW01000002.1	3p	+	9	460	574	594	470	2098	10	24	11	16	3	1	6	5	3	1	7	5	0	1	0	1	0	0	0	0	0
NZ_UGQW01000002.1	3p	+	10	492	625	494	483	2094	9	22	16	14	1	0	4	3	2	2	2	0	0	0	0	0	0	1	1	2	0
NZ_UGQW01000002.1	3p	+	11	478	578	587	455	2098	15	33	6	8	0	0	2	7	3	2	4	5	0	0	0	1	0	0	0	0	0
NZ_UGQW01000002.1	3p	+	12	450	593	587	467	2097	24	24	16	12	0	0	4	4	4	1	4	3	0	0	1	0	1	0	0	0	0
NZ_UGQW01000002.1	3p	+	13	478	639	511	469	2097	12	29	9	11	5	1	7	5	0	1	2	8	1	0	0	3	1	0	0	0	0
NZ_UGQW01000002.1	3p	+	14	504	594	532	468	2098	12	23	21	10	2	2	5	2	1	2	4	4	1	0	0	0	0	0	0	0	0
NZ_UGQW01000002.1	3p	+	15	483	571	586	458	2098	10	27	11	16	1	0	2	3	4	1	4	7	1	0	0	0	0	0	0	0	0
NZ_UGQW01000002.1	3p	+	16	461	599	587	451	2098	9	30	12	14	1	1	4	3	4	2	5	1	0	0	1	0	0	0	0	0	0
NZ_UGQW01000002.1	3p	+	17	485	578	572	463	2098	13	29	15	11	2	0	2	2	1	2	2	5	0	0	0	0	0	0	0	0	0
NZ_UGQW01000002.1	3p	+	18	447	598	601	452	2098	21	27	13	15	2	0	2	2	3	1	3	8	0	0	0	0	0	0	0	0	0
NZ_UGQW01000002.1	3p	+	19	488	579	588	442	2097	11	24	14	18	1	3	5	2	5	0	4	4	0	0	0	0	1	0	0	0	0
NZ_UGQW01000002.1	3p	+	20	482	587	555	474	2098	11	21	10	11	3	2	2	4	2	0	3	1	0	0	0	0	0	0	0	0	0
NZ_UGQW01000002.1	3p	+	21	479	590	592	437	2098	11	25	9	17	3	3	3	3	1	1	3	5	0	0	0	0	0	0	0	0	0
NZ_UGQW01000002.1	3p	+	22	457	635	532	474	2098	5	22	12	16	1	2	6	5	3	0	0	2	0	0	0	1	0	0	0	0	0
NZ_UGQW01000002.1	3p	+	23	476	576	535	510	2097	11	26	6	18	2	1	3	2	1	2	3	4	0	0	0	0	0	1	0	0	0
NZ_UGQW01000002.1	3p	+	24	494	580	584	440	2098	15	32	17	12	4	1	2	2	0	2	8	5	0	0	0	0	0	0	0	0	0
NZ_UGQW01000002.1	3p	+	25	489	606	579	423	2097	19	26	16	7	2	0	0	3	1	0	2	5	0	0	0	0	0	1	0	0	0
NZ_UGQW01000002.1	3p	+	26	462	606	572	458	2098	13	36	13	14	1	1	3	6	1	2	2	3	0	0	0	1	0	0	0	0	0
NZ_UGQW01000002.1	3p	+	27	486	599	567	446	2098	14	43	13	23	3	1	3	3	2	2	5	7	0	0	0	0	0	0	0	0	0
NZ_UGQW01000002.1	3p	+	28	476	626	540	456	2098	13	30	9	23	0	1	2	7	2	2	4	1	0	0	0	1	0	0	0	0	0
NZ_UGQW01000002.1	3p	+	29	511	569	561	457	2098	10	56	16	14	4	0	4	5	3	0	7	3	0	2	0	0	0	0	0	0	0
NZ_UGQW01000002.1	3p	+	30	483	570	605	440	2098	13	58	17	13	3	3	2	3	0	0	5	3	1	0	0	1	0	0	0	0	0
NZ_UGQW01000002.1	3p	+	31	448	592	467	422	1929	10	60	16	17	1	4	8	4	1	5	2	2	0	0	0	0	0	0	0	0	0
NZ_UGQW01000002.1	3p	+	32	459	499	434	373	1765	11	41	16	15	2	2	5	2	0	0	7	7	0	0	0	0	0	0	0	0	0
NZ_UGQW01000002.1	3p	+	33	404	436	450	331	1621	11	37	3	9	3	2	2	2	2	0	2	6	0	1	0	0	0	1	0	0	0
NZ_UGQW01000002.1	3p	+	34	333	427	412	317	1489	14	52	7	9	1	3	3	2	1	1	1	0	0	0	1	0	0	0	0	0	0
NZ_UGQW01000002.1	3p	+	35	323	409	337	308	1377	6	26	5	8	1	1	3	1	1	0	1	1	1	0	0	0	0	1	0	0	0
NZ_UGQW01000002.1	3p	+	36	283	360	351	288	1282	10	27	12	9	3	0	1	2	3	2	0	1	0	0	0	0	0	0	0	0	0
NZ_UGQW01000002.1	3p	+	37	273	351	299	264	1187	13	23	5	11	3	2	2	3	1	2	1	3	0	0	0	0	0	0	0	0	0
NZ_UGQW01000002.1	3p	+	38	274	311	285	237	1107	9	31	9	7	0	0	3	1	0	1	2	1	0	0	0	0	0	0	0	0	0
NZ_UGQW01000002.1	3p	+	39	244	293	276	220	1033	6	23	4	4	0	0	1	0	1	2	3	0	0	0	0	0	0	0	0	0	0
NZ_UGQW01000002.1	3p	+	40	220	299	232	228	979	5	24	2	7	0	1	2	0	1	0	0	3	0	0	0	1	0	0	0	0	0
NZ_UGQW01000002.1	3p	+	41	221	274	225	194	914	7	23	7	8	0	0	0	1	1	0	1	2	0	0	0	0	0	0	0	0	0
NZ_UGQW01000002.1	3p	+	42	181	255	243	190	869	9	33	5	4	2	0	3	2	0	2	3	1	0	0	0	0	0	0	0	0	0
NZ_UGQW01000002.1	3p	+	43	186	233	194	192	805	5	14	2	7	1	1	0	1	2	0	1	1	0	0	0	0	0	0	0	0	0
NZ_UGQW01000002.1	3p	+	44	189	201	182	170	742	6	23	5	2	1	0	1	3	2	2	1	0	0	0	0	0	0	0	0	0	0
NZ_UGQW01000002.1	3p	+	45	147	189	193	142	671	3	19	5	5	2	1	0	0	2	2	2	2	0	0	0	0	1	0	0	0	0
NZ_UGQW01000002.1	3p	+	46	121	170	170	151	612	6	15	4	3	1	1	0	1	0	0	0	2	0	0	0	0	0	0	0	0	0
NZ_UGQW01000002.1	3p	+	47	130	143	141	154	568	4	10	3	1	1	0	1	1	0	0	0	1	0	0	0	0	0	0	0	0	0
NZ_UGQW01000002.1	3p	+	48	99	170	139	120	528	2	19	3	3	0	0	0	1	1	2	3	0	0	0	0	0	0	0	0	0	0
NZ_UGQW01000002.1	3p	+	49	110	134	128	111	483	1	18	1	1	2	0	1	1	1	0	0	0	0	0	0	0	0	0	0	0	0
NZ_UGQW01000002.1	3p	+	50	108	122	104	111	445	2	7	2	1	1	0	0	0	0	0	1	0	0	0	0	0	0	0	0	0	0
NZ_UGQW01000002.1	3p	+	51	83	134	106	95	418	2	12	2	4	2	0	0	2	1	0	0	1	0	0	0	0	0	0	0	0	0
NZ_UGQW01000002.1	3p	+	52	100	117	97	78	392	2	11	2	1	0	1	0	0	0	0	0	0	0	0	0	0	0	0	0	0	0
NZ_UGQW01000002.1	3p	+	53	91	91	112	75	369	2	7	3	0	0	0	2	0	0	0	0	1	0	0	0	0	0	0	0	0	0
NZ_UGQW01000002.1	3p	+	54	68	114	103	64	349	8	11	0	0	1	1	0	0	0	1	0	0	0	0	0	0	0	0	0	0	0
NZ_UGQW01000002.1	3p	+	55	88	95	66	73	322	1	5	2	2	0	1	2	0	0	0	0	1	0	0	0	0	0	0	0	0	0
NZ_UGQW01000002.1	3p	+	56	65	85	79	72	301	6	6	1	1	0	0	0	1	0	0	1	1	0	0	0	0	0	0	0	0	0
NZ_UGQW01000002.1	3p	+	57	66	71	76	67	280	0	11	4	1	0	0	0	1	0	0	0	1	0	0	0	0	0	0	0	0	0
NZ_UGQW01000002.1	3p	+	58	67	65	64	66	262	1	4	1	2	0	0	1	0	1	0	0	1	0	0	0	0	0	0	0	0	0
NZ_UGQW01000002.1	3p	+	59	70	66	56	57	249	2	6	0	1	0	1	0	0	0	0	1	1	0	0	0	0	1	0	0	0	0
NZ_UGQW01000002.1	3p	+	60	58	74	56	46	234	1	8	2	1	0	0	0	1	0	0	0	1	0	0	0	0	0	0	0	0	0
NZ_UGQW01000002.1	3p	+	61	53	56	63	47	219	0	3	2	2	0	1	0	0	1	0	3	1	0	0	0	0	0	0	0	0	0
NZ_UGQW01000002.1	3p	+	62	61	53	44	47	205	1	5	1	2	0	0	0	1	0	0	0	0	0	0	0	0	0	0	0	0	0
NZ_UGQW01000002.1	3p	+	63	49	49	57	39	194	0	2	0	0	0	0	0	0	0	0	0	0	0	0	0	0	0	0	0	0	0
NZ_UGQW01000002.1	3p	+	64	37	60	50	42	189	0	5	2	0	0	0	1	1	0	0	0	0	0	0	1	0	0	0	0	0	0
NZ_UGQW01000002.1	3p	+	65	37	47	38	52	174	0	5	1	1	0	0	0	0	0	0	0	0	0	0	0	0	0	0	0	0	0
NZ_UGQW01000002.1	3p	+	66	42	45	41	33	161	0	1	1	0	0	0	0	0	0	0	0	0	0	0	0	0	0	0	0	0	0
NZ_UGQW01000002.1	3p	+	67	34	37	40	41	152	0	3	1	1	0	0	0	0	0	0	0	0	0	0	0	0	0	0	0	0	0
NZ_UGQW01000002.1	3p	+	68	42	33	34	38	147	0	2	0	1	0	0	0	0	0	0	1	0	0	0	0	0	0	0	0	0	0
NZ_UGQW01000002.1	3p	+	69	26	39	40	32	137	0	5	1	0	0	0	0	1	0	0	0	0	0	0	0	0	0	0	0	0	0
NZ_UGQW01000002.1	3p	+	70	26	38	39	25	128	1	4	0	0	0	0	0	1	0	0	0	0	0	0	0	0	0	0	0	0	0
NZ_UGQW01000002.1	3p	-	1	384	739	426	509	2058	8	229	13	6	1	3	4	3	2	2	9	9	0	0	0	0	0	0	0	0	0
NZ_UGQW01000002.1	3p	-	2	505	570	588	395	2058	13	94	10	13	0	1	2	8	3	4	4	0	0	0	0	0	0	0	0	0	0
NZ_UGQW01000002.1	3p	-	3	457	550	616	435	2058	9	68	13	14	1	5	2	2	2	3	5	3	0	0	0	0	0	0	0	0	0
NZ_UGQW01000002.1	3p	-	4	485	576	537	459	2057	13	57	15	17	1	2	0	2	5	1	6	2	0	0	0	0	1	0	0	0	0
NZ_UGQW01000002.1	3p	-	5	501	538	568	450	2057	6	39	11	7	1	2	6	2	0	0	4	6	0	0	0	1	0	0	0	1	0
NZ_UGQW01000002.1	3p	-	6	447	570	604	436	2057	15	38	14	15	7	1	3	4	5	3	5	3	0	1	0	1	0	0	0	1	0
NZ_UGQW01000002.1	3p	-	7	480	558	566	452	2056	16	37	13	10	4	2	4	3	4	4	3	2	0	0	0	0	0	1	0	1	0
NZ_UGQW01000002.1	3p	-	8	464	573	541	480	2058	6	30	8	10	5	1	4	0	2	4	5	3	0	1	0	1	0	0	0	0	0
NZ_UGQW01000002.1	3p	-	9	496	545	569	448	2058	23	23	14	11	1	4	6	5	4	1	5	5	0	0	0	0	0	0	0	0	0
NZ_UGQW01000002.1	3p	-	10	449	592	556	461	2058	16	25	19	9	3	0	2	2	6	0	6	4	0	0	0	2	0	0	0	0	0
NZ_UGQW01000002.1	3p	-	11	450	531	573	502	2056	11	19	6	13	3	1	5	3	2	2	2	2	0	0	0	0	0	0	1	1	0
NZ_UGQW01000002.1	3p	-	12	436	551	620	451	2058	19	30	17	15	2	1	6	5	3	1	3	2	0	0	0	0	0	0	0	0	0
NZ_UGQW01000002.1	3p	-	13	460	631	532	435	2058	17	28	11	15	2	1	4	0	0	0	4	6	0	0	0	1	0	0	0	0	0
NZ_UGQW01000002.1	3p	-	14	500	569	558	431	2058	10	28	24	13	0	2	2	4	0	0	5	4	0	0	0	1	0	0	0	0	0
NZ_UGQW01000002.1	3p	-	15	471	555	603	429	2058	15	22	16	16	2	2	4	0	3	2	7	5	0	0	0	1	0	0	0	0	0
NZ_UGQW01000002.1	3p	-	16	460	596	535	467	2058	17	39	14	15	5	0	1	6	4	2	3	1	0	0	0	0	0	0	0	0	0
NZ_UGQW01000002.1	3p	-	17	498	544	561	454	2057	17	21	9	13	4	2	4	4	5	0	4	2	0	0	1	1	0	0	0	1	0
NZ_UGQW01000002.1	3p	-	18	445	573	567	473	2058	20	32	8	15	4	2	3	3	5	1	5	6	0	0	0	1	0	0	0	0	0
NZ_UGQW01000002.1	3p	-	19	466	631	519	442	2058	13	28	16	9	3	3	4	6	1	0	4	2	0	0	0	0	0	0	0	0	0
NZ_UGQW01000002.1	3p	-	20	457	555	570	476	2058	12	26	10	13	3	4	3	3	1	4	1	4	0	0	0	1	0	0	0	0	0
NZ_UGQW01000002.1	3p	-	21	446	567	602	442	2057	19	30	9	10	3	3	2	5	1	0	2	7	0	0	1	0	0	0	1	0	0
NZ_UGQW01000002.1	3p	-	22	437	612	568	441	2058	12	27	11	13	1	0	2	3	3	4	7	2	0	0	0	0	0	0	0	0	0
NZ_UGQW01000002.1	3p	-	23	445	588	529	496	2058	6	21	10	9	4	1	8	3	0	0	5	9	0	0	0	0	0	0	0	0	0
NZ_UGQW01000002.1	3p	-	24	451	527	600	479	2057	16	21	15	13	1	1	5	3	1	1	8	6	0	0	0	0	0	0	1	0	0
NZ_UGQW01000002.1	3p	-	25	478	563	544	473	2058	16	21	14	11	1	1	1	3	2	0	6	5	0	0	0	0	0	0	0	0	0
NZ_UGQW01000002.1	3p	-	26	487	557	545	469	2058	12	19	5	10	3	0	1	0	1	1	6	6	0	0	0	0	0	0	0	0	0
NZ_UGQW01000002.1	3p	-	27	416	598	598	445	2057	15	24	11	13	2	0	5	0	2	0	4	1	0	0	0	0	0	1	0	0	0
NZ_UGQW01000002.1	3p	-	28	456	584	534	483	2057	9	29	12	13	4	0	4	2	3	2	6	3	0	0	0	0	0	0	0	1	0
NZ_UGQW01000002.1	3p	-	29	497	524	543	494	2058	11	31	13	13	5	1	2	2	2	4	1	2	0	0	0	0	0	0	0	0	0
NZ_UGQW01000002.1	3p	-	30	514	559	532	452	2057	16	45	17	11	8	0	6	6	1	2	8	4	0	0	1	0	0	0	0	1	0
NZ_UGQW01000002.1	3p	-	31	433	540	501	440	1914	12	53	10	13	5	0	0	2	2	1	3	3	0	1	1	0	0	0	0	0	0
NZ_UGQW01000002.1	3p	-	32	392	457	462	443	1754	13	40	12	7	0	2	4	2	1	3	6	2	0	0	0	0	0	0	0	0	0
NZ_UGQW01000002.1	3p	-	33	376	459	409	353	1597	17	44	11	9	6	0	4	4	1	0	4	1	0	0	1	0	0	0	0	0	0
NZ_UGQW01000002.1	3p	-	34	346	394	390	338	1468	11	42	7	7	0	1	2	1	0	1	1	2	0	0	1	0	0	0	0	0	0
NZ_UGQW01000002.1	3p	-	35	318	343	366	340	1367	5	21	7	14	2	1	0	0	0	0	3	5	0	0	0	0	0	0	0	0	0
NZ_UGQW01000002.1	3p	-	36	318	347	342	264	1271	7	36	11	9	2	1	2	2	0	2	6	2	0	0	0	0	0	0	0	0	0
NZ_UGQW01000002.1	3p	-	37	265	346	313	265	1189	5	28	4	8	1	0	0	0	0	0	0	4	0	0	0	0	0	0	0	0	0
NZ_UGQW01000002.1	3p	-	38	253	316	259	272	1100	6	30	6	1	1	1	1	1	1	0	0	0	0	0	0	0	0	0	0	1	0
NZ_UGQW01000002.1	3p	-	39	230	292	299	200	1021	11	24	4	7	1	1	1	3	0	0	2	1	0	0	0	0	0	0	0	0	0
NZ_UGQW01000002.1	3p	-	40	247	249	256	212	964	6	20	7	5	1	0	2	3	1	1	1	0	0	0	0	0	0	0	0	0	0
NZ_UGQW01000002.1	3p	-	41	229	228	231	218	906	4	23	3	6	0	1	1	0	1	0	0	1	0	0	0	0	0	0	0	0	0
NZ_UGQW01000002.1	3p	-	42	221	219	225	184	849	13	19	9	6	2	3	2	2	0	2	1	0	0	0	0	0	0	0	0	0	0
NZ_UGQW01000002.1	3p	-	43	159	221	239	162	781	7	20	3	4	1	1	0	3	1	0	5	2	0	0	0	0	0	0	0	0	0
NZ_UGQW01000002.1	3p	-	44	164	182	190	171	707	4	16	3	5	2	0	1	2	0	0	0	2	0	0	1	0	0	0	0	0	0
NZ_UGQW01000002.1	3p	-	45	149	176	186	133	644	7	12	5	5	2	0	0	0	0	1	0	1	0	0	0	0	0	0	0	0	0
NZ_UGQW01000002.1	3p	-	46	125	185	169	124	603	5	12	1	2	0	1	1	1	1	0	0	0	0	0	0	0	0	0	0	0	0
NZ_UGQW01000002.1	3p	-	47	146	132	149	131	558	2	14	5	2	1	0	0	1	0	0	0	0	0	0	0	0	0	1	0	0	0
NZ_UGQW01000002.1	3p	-	48	133	130	131	112	506	5	13	4	3	2	1	0	0	0	0	1	0	0	0	0	0	0	0	0	0	0
NZ_UGQW01000002.1	3p	-	49	104	134	115	114	467	1	13	1	5	0	0	0	1	0	0	0	0	0	0	0	0	0	0	0	0	0
NZ_UGQW01000002.1	3p	-	50	108	124	105	99	436	4	16	4	1	0	1	0	0	0	0	0	0	0	0	0	0	0	0	0	0	0
NZ_UGQW01000002.1	3p	-	51	101	97	111	93	402	4	9	3	1	0	0	0	1	0	0	0	0	0	0	0	0	0	0	0	0	0
NZ_UGQW01000002.1	3p	-	52	77	104	89	99	369	2	10	3	1	0	0	0	0	1	0	1	1	0	0	0	0	0	0	0	0	0
NZ_UGQW01000002.1	3p	-	53	84	87	81	94	346	3	7	1	2	2	0	2	1	0	0	0	1	0	0	0	0	0	0	0	0	0
NZ_UGQW01000002.1	3p	-	54	62	89	81	88	320	0	1	0	2	1	0	1	0	0	0	0	1	0	0	0	0	0	0	0	0	0
NZ_UGQW01000002.1	3p	-	55	67	81	85	66	299	1	10	3	0	0	0	0	0	0	0	1	1	0	0	0	0	0	0	0	0	0
NZ_UGQW01000002.1	3p	-	56	57	83	79	63	282	0	11	2	0	1	0	0	0	0	0	0	0	0	0	0	0	0	0	0	0	0
NZ_UGQW01000002.1	3p	-	57	49	67	76	73	265	4	10	2	0	0	0	1	0	0	0	0	0	0	0	0	0	0	0	0	0	0
NZ_UGQW01000002.1	3p	-	58	61	62	59	66	248	2	7	0	3	0	0	0	3	1	0	0	0	0	0	0	0	0	0	0	0	0
NZ_UGQW01000002.1	3p	-	59	44	62	64	61	231	3	2	0	0	0	0	0	0	0	0	2	0	0	0	0	0	0	0	0	0	0
NZ_UGQW01000002.1	3p	-	60	49	66	50	53	218	2	3	0	1	0	0	0	0	0	0	0	0	0	0	0	0	0	0	0	0	0
NZ_UGQW01000002.1	3p	-	61	48	56	45	49	198	0	3	0	0	0	0	0	0	0	0	0	0	0	0	0	0	0	0	0	0	0
NZ_UGQW01000002.1	3p	-	62	53	46	41	42	182	1	4	0	1	0	1	0	0	0	0	0	0	0	0	0	0	0	0	0	0	0
NZ_UGQW01000002.1	3p	-	63	37	60	36	39	172	1	4	0	1	0	1	1	0	0	1	1	0	0	0	0	0	0	0	0	0	0
NZ_UGQW01000002.1	3p	-	64	44	35	42	41	162	1	2	1	1	0	0	1	0	0	0	1	1	0	0	0	0	0	0	0	0	0
NZ_UGQW01000002.1	3p	-	65	51	33	42	29	155	2	3	3	0	0	0	0	0	0	0	0	1	0	0	0	0	0	0	0	0	0
NZ_UGQW01000002.1	3p	-	66	40	49	31	23	143	0	6	1	1	0	0	1	0	0	0	0	1	0	0	0	0	0	0	0	0	0
NZ_UGQW01000002.1	3p	-	67	39	32	37	26	134	0	5	1	1	1	0	0	0	0	0	0	0	0	0	0	0	0	0	0	0	0
NZ_UGQW01000002.1	3p	-	68	28	36	30	33	127	0	2	0	0	0	0	0	0	0	0	0	0	0	0	0	0	0	0	0	0	0
NZ_UGQW01000002.1	3p	-	69	24	28	47	19	118	0	4	0	1	0	0	0	0	0	0	0	0	0	0	0	0	0	0	0	0	0
NZ_UGQW01000002.1	3p	-	70	27	32	25	25	109	0	1	2	0	0	0	0	0	0	0	0	1	0	0	0	0	0	0	0	0	0
NZ_UGQW01000002.1	5p	+	1	414	709	327	648	2098	16	251	13	19	3	4	6	4	1	2	2	6	0	0	0	0	0	0	0	0	0
NZ_UGQW01000002.1	5p	+	2	537	611	524	426	2098	23	100	14	14	6	4	6	7	3	1	4	4	0	0	0	0	0	0	0	0	0
NZ_UGQW01000002.1	5p	+	3	482	550	655	411	2098	6	43	12	15	0	3	0	6	3	3	1	4	0	1	1	0	0	0	0	0	0
NZ_UGQW01000002.1	5p	+	4	550	570	548	430	2098	14	55	9	16	4	2	6	4	1	1	3	6	0	0	0	0	0	0	0	0	0
NZ_UGQW01000002.1	5p	+	5	507	619	541	431	2098	18	42	18	13	1	1	5	5	2	0	7	3	0	0	0	0	0	0	0	0	0
NZ_UGQW01000002.1	5p	+	6	483	552	581	481	2097	12	36	14	15	1	2	3	2	1	5	2	4	0	0	0	0	0	1	0	0	0
NZ_UGQW01000002.1	5p	+	7	483	581	540	494	2098	10	20	13	9	4	0	2	4	0	2	6	2	0	0	0	1	0	0	0	0	0
NZ_UGQW01000002.1	5p	+	8	477	581	611	428	2097	22	38	11	16	3	1	2	3	2	2	2	2	0	0	0	0	0	1	0	0	0
NZ_UGQW01000002.1	5p	+	9	485	603	558	451	2097	17	24	12	15	1	1	4	4	5	0	4	7	0	0	0	0	0	1	0	0	0
NZ_UGQW01000002.1	5p	+	10	483	593	547	475	2098	7	26	10	11	0	1	4	2	2	1	4	2	0	0	1	0	0	0	0	0	0
NZ_UGQW01000002.1	5p	+	11	438	641	595	423	2097	13	26	12	21	3	1	4	2	4	2	5	3	0	0	0	0	1	0	0	0	0
NZ_UGQW01000002.1	5p	+	12	448	595	648	407	2098	13	21	12	9	4	3	1	4	3	0	7	3	1	0	0	1	0	0	0	0	0
NZ_UGQW01000002.1	5p	+	13	500	547	551	500	2098	12	17	12	14	1	2	4	0	0	0	1	3	0	0	0	0	0	0	0	0	0
NZ_UGQW01000002.1	5p	+	14	456	648	563	431	2098	17	44	19	16	2	0	5	6	0	2	1	3	0	1	0	1	0	0	0	0	0
NZ_UGQW01000002.1	5p	+	15	488	590	569	451	2098	10	22	21	13	0	2	2	3	0	0	5	6	0	0	0	0	0	0	0	0	0
NZ_UGQW01000002.1	5p	+	16	490	598	533	477	2098	12	35	11	11	2	2	2	2	2	3	2	4	0	0	0	0	0	0	0	0	0
NZ_UGQW01000002.1	5p	+	17	456	629	565	446	2096	13	33	15	15	2	3	6	1	5	4	5	4	1	0	0	0	1	1	0	0	0
NZ_UGQW01000002.1	5p	+	18	466	586	587	459	2098	19	29	14	18	0	1	8	0	1	1	4	3	0	0	1	0	0	0	0	0	0
NZ_UGQW01000002.1	5p	+	19	502	604	529	463	2098	11	23	7	10	2	1	4	4	4	1	3	5	0	0	0	1	0	0	0	0	0
NZ_UGQW01000002.1	5p	+	20	424	622	589	463	2098	16	32	14	11	3	0	3	5	3	3	5	3	0	0	0	0	0	0	0	0	0
NZ_UGQW01000002.1	5p	+	21	463	577	619	437	2096	13	24	13	14	1	1	4	8	1	1	7	6	0	0	0	2	1	0	0	1	0
NZ_UGQW01000002.1	5p	+	22	498	585	522	492	2097	7	16	12	8	1	1	4	3	1	0	3	3	0	0	0	0	0	1	0	0	0
NZ_UGQW01000002.1	5p	+	23	485	621	552	439	2097	18	30	19	16	4	0	2	3	1	0	4	5	0	0	0	0	0	0	0	1	0
NZ_UGQW01000002.1	5p	+	24	482	587	621	407	2097	19	27	12	10	1	2	0	0	2	0	3	2	0	0	0	1	0	0	0	1	0
NZ_UGQW01000002.1	5p	+	25	500	607	530	460	2097	11	27	12	8	1	1	5	2	3	1	6	1	0	0	1	1	0	1	0	0	0
NZ_UGQW01000002.1	5p	+	26	482	623	562	428	2095	10	44	12	21	1	1	5	6	0	1	4	6	0	0	0	2	1	0	0	2	0
NZ_UGQW01000002.1	5p	+	27	542	545	546	465	2098	8	29	13	15	4	2	4	5	3	1	1	7	0	0	0	0	0	0	0	0	0
NZ_UGQW01000002.1	5p	+	28	527	524	564	483	2098	17	36	17	11	5	0	2	1	3	0	4	5	0	0	0	0	0	0	0	0	0
NZ_UGQW01000002.1	5p	+	29	488	638	536	436	2098	10	35	15	11	6	2	6	9	3	3	7	2	1	0	0	0	0	0	0	0	0
NZ_UGQW01000002.1	5p	+	30	520	572	551	455	2098	12	53	10	12	6	2	5	2	1	7	6	6	1	0	0	0	0	0	0	0	0
NZ_UGQW01000002.1	5p	+	31	466	543	473	447	1929	10	54	5	12	2	2	2	1	0	0	5	3	0	0	0	1	0	0	0	0	0
NZ_UGQW01000002.1	5p	+	32	367	498	482	417	1764	10	46	7	13	1	0	7	7	6	1	8	1	0	0	0	0	0	1	0	0	0
NZ_UGQW01000002.1	5p	+	33	356	446	452	368	1622	9	38	13	6	3	0	3	0	4	2	4	5	0	0	0	0	0	0	0	0	0
NZ_UGQW01000002.1	5p	+	34	369	387	376	357	1489	5	39	9	11	1	2	1	1	2	0	4	2	1	0	0	0	0	0	0	0	0
NZ_UGQW01000002.1	5p	+	35	304	398	352	324	1378	11	45	10	6	0	1	1	3	1	0	0	4	0	0	0	0	0	0	0	0	0
NZ_UGQW01000002.1	5p	+	36	307	337	340	298	1282	10	26	8	14	0	0	1	4	0	2	0	3	0	0	0	0	0	0	0	0	0
NZ_UGQW01000002.1	5p	+	37	310	341	272	264	1187	9	29	7	9	0	1	2	1	1	1	1	3	0	0	0	0	0	0	0	0	0
NZ_UGQW01000002.1	5p	+	38	247	364	276	220	1107	8	32	7	11	1	1	2	3	2	1	3	1	0	1	0	0	0	0	0	0	0
NZ_UGQW01000002.1	5p	+	39	247	281	288	217	1033	5	28	7	7	1	0	3	3	0	1	0	4	0	1	0	1	0	0	0	0	0
NZ_UGQW01000002.1	5p	+	40	260	258	246	215	979	5	20	9	7	0	2	2	2	1	0	1	1	0	0	0	0	0	0	0	0	0
NZ_UGQW01000002.1	5p	+	41	214	276	234	190	914	6	29	8	3	0	0	0	1	3	0	0	2	1	0	0	0	0	0	0	0	0
NZ_UGQW01000002.1	5p	+	42	203	251	212	202	868	4	23	8	5	0	0	0	1	0	1	1	2	0	0	0	0	0	0	1	0	0
NZ_UGQW01000002.1	5p	+	43	199	212	219	175	805	6	19	6	1	1	0	0	2	2	1	1	0	0	0	0	0	0	0	0	0	0
NZ_UGQW01000002.1	5p	+	44	159	211	197	174	741	5	20	5	5	3	1	3	1	0	0	1	3	0	0	0	0	0	0	1	0	0
NZ_UGQW01000002.1	5p	+	45	154	191	183	144	672	2	27	4	3	0	1	1	2	1	0	3	1	0	0	0	0	0	0	0	0	0
NZ_UGQW01000002.1	5p	+	46	141	187	145	139	612	7	11	2	0	0	0	0	0	0	0	0	1	0	0	0	0	0	0	0	0	0
NZ_UGQW01000002.1	5p	+	47	138	147	144	139	568	1	13	2	2	0	0	1	3	2	0	1	1	0	0	0	0	0	0	0	0	0
NZ_UGQW01000002.1	5p	+	48	124	149	144	111	528	5	14	1	2	0	0	0	0	0	0	1	0	0	0	0	0	0	0	0	0	0
NZ_UGQW01000002.1	5p	+	49	117	120	140	106	483	6	13	3	3	2	0	0	1	1	0	1	0	0	0	0	0	0	0	0	0	0
NZ_UGQW01000002.1	5p	+	50	100	123	129	93	445	1	5	1	3	1	0	0	0	2	0	0	0	0	0	0	0	0	0	0	0	0
NZ_UGQW01000002.1	5p	+	51	105	119	101	93	418	3	8	1	1	2	0	1	0	0	0	0	0	0	0	0	0	0	0	0	0	0
NZ_UGQW01000002.1	5p	+	52	103	104	87	98	392	2	12	4	2	0	0	0	0	0	0	0	0	0	0	0	0	0	0	0	0	0
NZ_UGQW01000002.1	5p	+	53	94	97	95	83	369	2	11	1	2	0	0	0	0	0	0	0	1	0	0	0	0	0	0	0	0	0
NZ_UGQW01000002.1	5p	+	54	82	97	96	74	349	3	9	4	3	0	0	0	1	1	0	1	1	0	0	0	0	0	0	0	0	0
NZ_UGQW01000002.1	5p	+	55	80	79	84	79	322	2	7	0	2	0	1	0	0	0	0	0	0	0	0	0	0	0	0	0	0	0
NZ_UGQW01000002.1	5p	+	56	66	91	78	66	301	3	5	2	0	0	0	0	1	0	0	0	2	0	0	0	0	0	0	0	0	0
NZ_UGQW01000002.1	5p	+	57	72	64	87	57	280	4	11	2	0	0	0	0	0	0	0	1	1	0	0	0	0	0	0	0	0	0
NZ_UGQW01000002.1	5p	+	58	57	74	66	65	262	0	8	0	2	0	0	1	0	0	0	0	1	0	0	0	0	0	0	0	0	0
NZ_UGQW01000002.1	5p	+	59	47	71	74	58	250	2	5	0	2	0	1	0	0	1	0	0	0	0	0	0	0	0	0	0	0	0
NZ_UGQW01000002.1	5p	+	60	66	57	60	51	234	1	4	0	0	0	1	0	0	0	0	0	1	0	0	0	0	0	0	0	0	0
NZ_UGQW01000002.1	5p	+	61	54	66	43	56	219	0	5	1	1	0	0	0	0	0	1	0	0	0	0	0	0	0	0	0	0	0
NZ_UGQW01000002.1	5p	+	62	42	55	60	48	205	2	7	1	1	1	0	0	0	0	0	0	1	0	0	0	0	0	0	0	0	0
NZ_UGQW01000002.1	5p	+	63	40	55	57	41	193	2	5	0	0	0	0	0	0	0	0	0	0	0	0	0	0	1	0	0	0	0
NZ_UGQW01000002.1	5p	+	64	40	58	46	45	189	1	3	1	0	0	0	0	0	0	0	1	0	0	0	0	0	0	0	0	0	0
NZ_UGQW01000002.1	5p	+	65	40	40	45	49	174	2	4	3	1	0	0	0	0	1	0	1	0	0	0	0	0	0	0	0	0	0
NZ_UGQW01000002.1	5p	+	66	33	49	37	42	161	1	4	0	2	0	0	0	0	0	1	0	0	0	0	0	0	0	0	0	0	0
NZ_UGQW01000002.1	5p	+	67	36	41	43	32	152	1	10	2	1	2	0	0	1	0	0	0	1	0	0	0	0	0	0	0	0	0
NZ_UGQW01000002.1	5p	+	68	30	40	47	30	147	0	4	1	0	0	0	1	0	0	0	1	0	0	0	0	0	0	0	0	0	0
NZ_UGQW01000002.1	5p	+	69	27	42	40	28	137	1	5	0	1	0	0	1	1	0	0	0	0	0	0	0	0	0	0	0	0	0
NZ_UGQW01000002.1	5p	+	70	34	33	35	25	127	0	5	0	0	0	0	0	0	0	0	0	0	0	0	0	0	0	1	0	0	0
NZ_UGQW01000002.1	5p	-	1	420	616	331	691	2058	17	212	6	9	7	2	6	2	2	0	3	5	0	0	0	0	0	0	0	0	0
NZ_UGQW01000002.1	5p	-	2	501	549	507	501	2058	22	96	16	15	8	7	2	5	5	3	6	6	0	0	1	0	0	0	0	0	0
NZ_UGQW01000002.1	5p	-	3	489	513	631	425	2058	12	46	19	14	4	1	1	1	3	3	5	4	0	0	1	0	0	0	0	0	0
NZ_UGQW01000002.1	5p	-	4	530	551	519	458	2058	14	56	12	12	2	1	0	1	1	2	6	4	0	0	0	0	0	0	0	0	0
NZ_UGQW01000002.1	5p	-	5	456	605	566	430	2057	15	43	18	11	5	0	6	4	1	1	5	2	0	0	0	0	0	0	0	1	0
NZ_UGQW01000002.1	5p	-	6	469	495	649	445	2058	16	36	7	12	4	1	5	2	0	0	4	5	0	0	0	0	0	0	0	0	0
NZ_UGQW01000002.1	5p	-	7	492	532	569	463	2056	13	28	10	15	2	1	0	5	1	1	6	0	0	0	0	0	0	1	0	1	0
NZ_UGQW01000002.1	5p	-	8	471	580	567	439	2057	16	29	19	20	3	2	9	4	2	0	3	5	0	0	0	0	0	0	1	0	0
NZ_UGQW01000002.1	5p	-	9	448	540	594	476	2058	15	23	8	9	1	0	5	3	2	1	9	3	0	0	0	0	0	0	0	0	0
NZ_UGQW01000002.1	5p	-	10	489	585	490	494	2058	6	19	6	10	1	1	2	2	0	1	2	2	0	0	0	0	0	0	0	0	0
NZ_UGQW01000002.1	5p	-	11	436	617	543	462	2058	14	22	13	7	5	1	3	5	0	2	7	3	0	0	2	0	0	0	0	0	0
NZ_UGQW01000002.1	5p	-	12	466	535	605	452	2058	17	19	6	15	5	1	2	2	0	3	3	7	0	0	0	1	0	0	0	0	0
NZ_UGQW01000002.1	5p	-	13	513	540	521	483	2057	7	17	14	10	4	2	5	4	2	5	4	0	0	0	0	0	0	0	1	0	0
NZ_UGQW01000002.1	5p	-	14	439	630	543	446	2058	12	23	9	12	2	2	4	5	0	2	5	5	0	0	0	0	0	0	0	0	0
NZ_UGQW01000002.1	5p	-	15	486	548	612	412	2058	14	21	11	11	1	1	3	6	2	0	4	2	0	0	0	0	0	0	0	0	0
NZ_UGQW01000002.1	5p	-	16	484	549	551	474	2058	14	17	10	14	1	0	5	2	5	1	3	5	0	0	0	0	0	0	0	0	0
NZ_UGQW01000002.1	5p	-	17	457	589	560	450	2056	15	28	24	13	6	1	5	7	3	1	1	7	0	0	0	1	0	0	0	2	0
NZ_UGQW01000002.1	5p	-	18	489	559	583	427	2058	15	21	13	14	4	1	7	2	3	0	3	5	0	0	0	0	0	0	0	0	0
NZ_UGQW01000002.1	5p	-	19	514	602	512	430	2058	10	28	11	9	2	2	2	2	1	1	2	1	0	0	0	2	0	0	0	0	0
NZ_UGQW01000002.1	5p	-	20	481	586	551	440	2058	24	29	14	14	2	1	3	1	3	2	3	3	0	0	0	0	0	0	0	0	0
NZ_UGQW01000002.1	5p	-	21	441	550	595	471	2057	16	23	16	7	2	1	2	2	4	1	7	6	0	0	0	0	0	1	0	0	0
NZ_UGQW01000002.1	5p	-	22	477	566	542	471	2056	12	27	12	10	2	1	2	1	6	1	4	4	0	0	0	1	0	0	1	1	0
NZ_UGQW01000002.1	5p	-	23	434	590	590	444	2058	16	39	12	14	6	0	5	1	2	4	10	6	0	0	0	0	0	0	0	0	0
NZ_UGQW01000002.1	5p	-	24	466	540	615	435	2056	14	27	10	22	2	2	3	3	5	3	5	2	0	0	0	0	0	1	0	1	0
NZ_UGQW01000002.1	5p	-	25	489	578	516	475	2058	8	30	15	11	7	1	4	1	1	0	3	3	0	1	0	1	0	0	0	0	0
NZ_UGQW01000002.1	5p	-	26	433	588	570	466	2057	12	33	11	7	4	0	2	3	3	0	8	5	0	0	0	0	0	0	0	1	0
NZ_UGQW01000002.1	5p	-	27	445	528	606	479	2058	18	30	12	16	2	1	2	3	1	1	8	6	0	0	0	0	0	0	0	0	0
NZ_UGQW01000002.1	5p	-	28	459	556	545	498	2058	9	33	12	12	1	2	2	1	2	1	4	5	0	0	0	1	0	0	0	0	0
NZ_UGQW01000002.1	5p	-	29	430	574	570	484	2058	8	36	15	19	4	2	3	6	2	0	4	2	0	0	0	0	0	0	0	0	0
NZ_UGQW01000002.1	5p	-	30	458	532	587	481	2058	14	38	16	11	1	1	5	1	0	4	8	5	0	0	1	0	0	0	0	0	0
NZ_UGQW01000002.1	5p	-	31	466	525	477	446	1914	11	45	13	11	3	2	2	1	1	2	6	0	0	1	1	0	0	0	0	0	0
NZ_UGQW01000002.1	5p	-	32	379	505	474	396	1754	9	52	15	15	2	2	2	4	1	0	2	0	0	0	0	0	0	0	0	0	0
NZ_UGQW01000002.1	5p	-	33	377	430	432	359	1598	6	36	19	12	0	2	1	3	0	1	3	3	0	0	0	0	0	0	0	0	0
NZ_UGQW01000002.1	5p	-	34	354	396	384	334	1468	8	39	7	7	1	1	2	1	5	0	1	3	0	0	0	0	0	0	0	0	0
NZ_UGQW01000002.1	5p	-	35	308	425	359	275	1367	10	38	8	7	2	1	2	0	0	1	4	2	0	0	0	0	0	0	0	0	0
NZ_UGQW01000002.1	5p	-	36	300	360	337	274	1271	14	33	9	6	1	0	2	3	1	0	0	2	0	0	0	1	0	0	0	0	0
NZ_UGQW01000002.1	5p	-	37	276	324	313	276	1189	2	27	4	9	1	0	4	1	3	1	1	2	0	0	0	0	0	0	0	0	0
NZ_UGQW01000002.1	5p	-	38	249	328	283	241	1101	8	32	9	3	1	2	2	2	1	2	3	3	0	0	0	0	0	0	0	0	0
NZ_UGQW01000002.1	5p	-	39	241	272	289	219	1021	12	25	3	5	0	0	1	3	1	1	1	2	0	0	0	0	0	0	0	0	0
NZ_UGQW01000002.1	5p	-	40	226	271	243	223	963	6	23	3	6	3	1	1	0	0	1	0	1	0	0	0	0	1	0	0	0	0
NZ_UGQW01000002.1	5p	-	41	211	277	237	181	906	1	31	7	3	1	2	1	0	1	2	3	2	0	0	0	1	0	0	0	0	0
NZ_UGQW01000002.1	5p	-	42	194	237	239	178	848	3	28	5	5	0	2	0	2	0	1	3	0	0	0	0	0	0	0	0	1	0
NZ_UGQW01000002.1	5p	-	43	194	227	190	170	781	5	24	3	2	1	0	2	2	1	0	1	1	0	1	0	0	0	0	0	0	0
NZ_UGQW01000002.1	5p	-	44	167	212	176	151	706	5	27	3	5	0	0	0	0	1	0	3	0	0	0	0	0	0	0	0	0	0
NZ_UGQW01000002.1	5p	-	45	150	181	188	125	644	11	16	3	3	0	3	1	1	1	1	0	1	0	0	0	0	0	0	0	0	0
NZ_UGQW01000002.1	5p	-	46	144	159	168	132	603	3	19	1	2	0	0	2	1	0	0	1	1	0	0	0	0	0	0	0	0	0
NZ_UGQW01000002.1	5p	-	47	122	189	141	107	559	3	19	3	4	0	0	0	1	0	0	0	2	0	0	0	0	0	0	0	0	0
NZ_UGQW01000002.1	5p	-	48	103	145	149	109	506	4	14	2	4	0	1	1	2	1	1	0	0	0	0	0	0	0	0	0	0	0
NZ_UGQW01000002.1	5p	-	49	99	127	124	117	467	5	10	1	2	0	1	1	1	0	0	1	1	0	0	0	0	0	0	0	0	0
NZ_UGQW01000002.1	5p	-	50	97	136	107	96	436	3	11	1	2	1	0	0	1	1	1	0	1	0	0	0	0	0	0	0	0	0
NZ_UGQW01000002.1	5p	-	51	97	103	104	98	402	2	11	2	3	0	2	1	0	0	1	0	0	0	0	0	0	0	0	0	0	0
NZ_UGQW01000002.1	5p	-	52	81	104	92	92	369	1	9	1	1	0	0	0	2	0	1	0	1	0	0	0	0	0	0	0	0	0
NZ_UGQW01000002.1	5p	-	53	75	96	106	69	346	2	5	0	1	0	0	0	0	0	0	0	1	0	0	0	0	0	0	0	0	0
NZ_UGQW01000002.1	5p	-	54	63	96	97	64	320	1	8	2	2	0	1	0	1	1	0	0	1	0	0	0	0	0	0	0	0	0
NZ_UGQW01000002.1	5p	-	55	77	82	80	60	299	2	6	1	0	0	0	0	0	0	0	1	0	0	0	0	0	0	0	0	0	0
NZ_UGQW01000002.1	5p	-	56	53	91	74	64	282	1	9	1	0	0	0	0	1	0	0	0	0	0	0	0	0	0	0	0	0	0
NZ_UGQW01000002.1	5p	-	57	58	69	78	60	265	4	2	0	0	0	0	0	1	0	0	0	2	0	0	0	0	0	0	0	0	0
NZ_UGQW01000002.1	5p	-	58	65	72	57	54	248	1	6	2	0	2	0	0	0	0	0	0	0	0	0	0	0	0	0	0	0	0
NZ_UGQW01000002.1	5p	-	59	59	56	68	48	231	0	3	3	3	0	0	1	0	0	0	0	1	0	0	0	0	0	0	0	0	0
NZ_UGQW01000002.1	5p	-	60	55	62	62	39	218	2	5	3	0	0	0	0	0	0	0	0	0	0	0	0	0	0	0	0	0	0
NZ_UGQW01000002.1	5p	-	61	47	59	52	40	198	2	7	2	1	0	0	0	0	0	0	1	0	0	0	0	1	0	0	0	0	0
NZ_UGQW01000002.1	5p	-	62	38	45	48	51	182	1	3	0	2	0	0	0	0	0	0	0	1	0	0	0	0	0	0	0	0	0
NZ_UGQW01000002.1	5p	-	63	41	45	51	35	172	0	3	0	0	0	0	0	1	0	0	1	0	0	0	0	0	0	0	0	0	0
NZ_UGQW01000002.1	5p	-	64	46	46	32	38	162	1	8	0	1	0	0	0	0	0	0	0	0	0	0	0	0	0	0	0	0	0
NZ_UGQW01000002.1	5p	-	65	40	38	36	41	155	0	1	2	2	0	0	0	1	1	0	0	0	0	0	0	0	0	0	0	0	0
NZ_UGQW01000002.1	5p	-	66	40	38	34	31	143	0	5	0	0	1	0	0	1	0	0	0	0	0	0	0	0	0	0	0	0	0
NZ_UGQW01000002.1	5p	-	67	31	46	28	29	134	1	3	0	1	0	0	0	0	0	0	0	0	0	0	0	0	0	0	0	0	0
NZ_UGQW01000002.1	5p	-	68	29	33	35	30	127	0	6	1	0	0	0	0	1	0	0	1	0	0	0	0	0	0	0	0	0	0
NZ_UGQW01000002.1	5p	-	69	29	28	32	29	118	0	2	0	0	0	0	0	0	0	0	0	0	0	0	0	0	0	0	0	0	0
NZ_UGQW01000002.1	5p	-	70	28	33	26	22	109	1	6	0	0	0	0	0	0	0	0	0	0	0	0	0	1	0	0	0	0	0
