# table produced by mapDamage version 2.2.3
# using mapped file /mnt/archgen/microbiome_calculus/library_ds_vs_ss/04-analysis/normalize_kraken/mapping/neisseria_elongata/mapDamage2_ssLibs/input/FUM002.A0102.SG1.5_5M.mapped_n_elongata_q25l30_rmdup.bam and /mnt/archgen/microbiome_calculus/library_ds_vs_ss/04-analysis/normalize_kraken/mapping/neisseria_elongata/input/GCF_900453895.1_42925_E01_genomic.fna as reference file
# Chr: reference from sam/bam header, End: from which termini of DNA sequences, Std: strand of reads
Chr	End	Std	Pos	A	C	G	T	Total	G>A	C>T	A>G	T>C	A>C	A>T	C>G	C>A	T>G	T>A	G>C	G>T	A>-	T>-	C>-	G>-	->A	->T	->C	->G	S
NZ_UGQW01000001.1	3p	+	1	83	151	81	124	439	2	60	1	5	0	0	2	0	2	0	0	1	0	0	0	0	0	0	0	0	0
NZ_UGQW01000001.1	3p	+	2	116	115	131	77	439	2	20	1	4	0	1	1	0	0	0	1	2	0	0	0	0	0	0	0	0	0
NZ_UGQW01000001.1	3p	+	3	91	101	150	97	439	3	15	5	4	1	0	0	1	0	0	3	1	0	0	0	0	0	0	0	0	0
NZ_UGQW01000001.1	3p	+	4	114	127	101	96	438	0	15	4	3	0	1	1	0	0	0	0	0	0	0	0	0	0	0	0	1	0
NZ_UGQW01000001.1	3p	+	5	113	111	122	93	439	1	13	2	2	0	0	0	0	0	0	0	1	0	0	0	0	0	0	0	0	0
NZ_UGQW01000001.1	3p	+	6	89	99	136	115	439	2	9	2	5	1	0	2	1	1	0	1	1	0	0	0	0	0	0	0	0	0
NZ_UGQW01000001.1	3p	+	7	109	112	107	111	439	1	8	1	3	2	0	2	1	0	0	0	0	0	0	0	0	0	0	0	0	0
NZ_UGQW01000001.1	3p	+	8	108	120	111	100	439	1	8	5	5	1	0	0	1	0	0	0	0	0	0	0	0	0	0	0	0	0
NZ_UGQW01000001.1	3p	+	9	82	112	130	115	439	5	6	3	5	0	1	1	1	2	0	1	0	0	0	0	1	0	0	0	0	0
NZ_UGQW01000001.1	3p	+	10	107	94	123	115	439	5	5	1	4	0	0	0	1	2	0	1	3	0	0	0	0	0	0	0	0	0
NZ_UGQW01000001.1	3p	+	11	89	110	121	119	439	0	7	4	5	0	0	1	1	0	0	7	0	0	0	0	0	0	0	0	0	0
NZ_UGQW01000001.1	3p	+	12	77	129	126	107	439	2	7	2	9	0	0	2	0	0	0	1	2	0	0	0	0	0	0	0	0	0
NZ_UGQW01000001.1	3p	+	13	91	124	111	113	439	2	3	0	5	0	0	0	1	0	0	2	1	0	0	0	0	0	0	0	0	0
NZ_UGQW01000001.1	3p	+	14	92	110	129	108	439	1	3	3	2	0	0	0	0	1	0	1	1	0	0	0	0	0	0	0	0	0
NZ_UGQW01000001.1	3p	+	15	98	112	123	106	439	1	4	5	8	0	0	0	1	0	0	0	0	0	0	1	0	0	0	0	0	0
NZ_UGQW01000001.1	3p	+	16	101	122	119	97	439	4	10	1	2	0	0	1	0	0	0	2	2	0	0	0	1	0	0	0	0	0
NZ_UGQW01000001.1	3p	+	17	96	106	114	123	439	1	5	0	3	1	0	1	0	1	0	1	2	0	0	0	0	0	0	0	0	0
NZ_UGQW01000001.1	3p	+	18	99	115	125	100	439	2	4	1	4	0	0	1	0	0	1	1	0	0	0	0	0	0	0	0	0	0
NZ_UGQW01000001.1	3p	+	19	112	108	96	123	439	4	6	3	6	0	0	0	0	1	0	1	0	0	0	0	0	0	0	0	0	0
NZ_UGQW01000001.1	3p	+	20	109	109	116	105	439	1	3	3	4	0	0	1	1	0	0	1	0	0	0	0	0	0	0	0	0	0
NZ_UGQW01000001.1	3p	+	21	89	110	129	111	439	1	5	2	1	1	0	1	1	1	0	2	1	0	0	0	0	0	0	0	0	0
NZ_UGQW01000001.1	3p	+	22	88	119	128	104	439	2	7	2	4	0	0	0	0	0	0	1	0	0	0	0	0	0	0	0	0	0
NZ_UGQW01000001.1	3p	+	23	105	107	118	109	439	2	7	4	3	0	0	0	0	1	1	2	0	0	0	0	0	0	0	0	0	0
NZ_UGQW01000001.1	3p	+	24	101	110	125	102	438	5	4	1	6	1	0	0	0	0	0	0	1	0	0	0	0	0	1	0	0	0
NZ_UGQW01000001.1	3p	+	25	93	114	133	98	438	1	11	0	2	0	1	2	2	0	0	2	0	0	0	0	0	1	0	0	0	0
NZ_UGQW01000001.1	3p	+	26	101	115	123	100	439	3	6	4	1	0	0	0	0	0	2	2	1	0	0	0	0	0	0	0	0	0
NZ_UGQW01000001.1	3p	+	27	104	117	126	92	439	1	6	3	2	1	0	0	0	1	0	0	3	0	0	0	1	0	0	0	0	0
NZ_UGQW01000001.1	3p	+	28	102	134	111	92	439	1	13	0	3	0	0	1	0	0	0	0	1	0	0	0	0	0	0	0	0	0
NZ_UGQW01000001.1	3p	+	29	103	117	128	90	438	1	6	1	3	0	0	1	0	0	0	0	3	0	0	0	0	0	1	0	0	0
NZ_UGQW01000001.1	3p	+	30	97	111	137	92	437	1	19	3	5	1	1	1	0	0	0	1	0	0	0	1	0	1	0	1	0	0
NZ_UGQW01000001.1	3p	+	31	100	105	91	108	404	4	8	2	3	0	1	1	0	1	0	0	0	0	0	0	0	0	0	0	0	0
NZ_UGQW01000001.1	3p	+	32	79	107	96	91	373	2	6	4	2	0	0	2	1	0	0	1	0	0	0	0	0	0	0	0	0	0
NZ_UGQW01000001.1	3p	+	33	66	86	92	92	336	3	11	3	2	0	0	0	0	1	0	3	0	1	0	0	0	0	0	0	0	0
NZ_UGQW01000001.1	3p	+	34	62	95	73	74	304	0	12	2	2	0	0	0	0	0	0	0	0	1	0	0	0	0	0	0	0	0
NZ_UGQW01000001.1	3p	+	35	69	55	74	77	275	1	5	1	1	0	0	0	0	0	0	1	1	0	0	0	0	0	0	0	0	0
NZ_UGQW01000001.1	3p	+	36	49	61	70	61	241	1	7	0	1	0	1	0	1	0	0	0	0	0	0	0	0	0	0	0	0	0
NZ_UGQW01000001.1	3p	+	37	37	70	54	56	217	0	8	0	3	0	0	0	0	0	1	0	0	0	0	0	0	0	0	0	0	0
NZ_UGQW01000001.1	3p	+	38	54	39	59	51	203	0	4	0	1	1	0	2	0	0	0	0	0	0	0	0	0	0	0	0	0	0
NZ_UGQW01000001.1	3p	+	39	42	46	45	54	187	2	7	1	2	0	0	0	0	0	0	1	0	0	0	0	0	0	0	0	0	0
NZ_UGQW01000001.1	3p	+	40	41	53	41	39	174	2	8	1	1	0	0	0	0	0	0	0	1	0	0	0	0	0	0	0	0	0
NZ_UGQW01000001.1	3p	+	41	32	40	42	43	157	0	2	0	1	0	0	1	0	0	0	0	1	0	0	0	0	0	0	0	0	0
NZ_UGQW01000001.1	3p	+	42	35	30	45	35	145	0	7	1	0	0	0	0	0	0	0	0	1	0	0	0	0	0	0	0	0	0
NZ_UGQW01000001.1	3p	+	43	31	42	25	30	128	0	5	0	2	0	0	0	0	0	0	0	1	0	0	0	0	0	0	0	0	0
NZ_UGQW01000001.1	3p	+	44	28	34	27	26	115	0	2	1	0	0	0	1	1	0	0	1	0	0	0	0	0	0	0	0	0	0
NZ_UGQW01000001.1	3p	+	45	19	24	36	23	102	1	3	0	0	0	0	0	0	0	0	0	0	0	0	0	0	0	0	0	0	0
NZ_UGQW01000001.1	3p	+	46	19	28	15	32	94	0	1	0	1	1	0	0	0	0	0	0	0	0	0	0	0	0	0	0	0	0
NZ_UGQW01000001.1	3p	+	47	17	31	23	17	88	0	3	0	0	0	0	0	0	0	0	1	0	0	0	0	0	0	0	0	0	0
NZ_UGQW01000001.1	3p	+	48	14	19	26	19	78	1	2	0	0	0	0	0	0	0	0	0	0	0	0	0	0	0	0	0	0	0
NZ_UGQW01000001.1	3p	+	49	15	24	15	15	69	1	3	0	2	0	0	0	0	0	0	0	1	0	0	0	0	0	0	0	0	0
NZ_UGQW01000001.1	3p	+	50	17	14	16	14	61	2	0	0	3	0	0	0	0	0	0	0	0	0	0	0	0	0	0	0	0	0
NZ_UGQW01000001.1	3p	+	51	8	14	20	12	54	0	1	0	0	0	0	0	0	0	1	0	1	0	0	0	0	0	0	0	0	0
NZ_UGQW01000001.1	3p	+	52	9	15	12	13	49	0	1	0	0	0	0	0	0	0	0	0	0	0	0	0	0	0	0	0	0	0
NZ_UGQW01000001.1	3p	+	53	13	8	4	18	43	0	0	0	0	0	0	0	0	0	0	0	0	0	0	0	0	0	0	0	0	0
NZ_UGQW01000001.1	3p	+	54	13	4	10	12	39	1	1	0	1	0	0	0	0	0	0	0	0	0	0	0	0	0	0	0	0	0
NZ_UGQW01000001.1	3p	+	55	6	12	10	8	36	0	3	1	1	0	0	0	0	0	0	0	0	0	0	0	0	0	0	0	0	0
NZ_UGQW01000001.1	3p	+	56	9	12	4	9	34	0	0	0	0	0	0	0	0	0	0	0	0	0	0	0	0	0	0	0	0	0
NZ_UGQW01000001.1	3p	+	57	8	3	13	9	33	1	0	0	1	0	0	0	0	0	0	0	0	0	0	0	0	0	0	0	0	0
NZ_UGQW01000001.1	3p	+	58	10	6	8	5	29	0	0	1	0	0	0	0	0	0	0	0	0	0	0	0	0	0	0	0	0	0
NZ_UGQW01000001.1	3p	+	59	11	2	9	7	29	0	0	0	0	0	0	0	0	0	0	0	0	0	0	0	0	0	0	0	0	0
NZ_UGQW01000001.1	3p	+	60	7	6	5	5	23	0	1	0	0	0	0	0	1	0	0	0	0	0	0	0	0	0	0	0	0	0
NZ_UGQW01000001.1	3p	+	61	6	5	2	7	20	0	0	0	0	0	0	0	0	0	0	0	1	0	0	0	0	0	0	0	0	0
NZ_UGQW01000001.1	3p	+	62	2	4	4	8	18	0	1	0	0	0	0	0	0	0	0	0	0	0	0	0	0	0	0	0	0	0
NZ_UGQW01000001.1	3p	+	63	3	2	7	4	16	0	0	0	0	0	0	0	0	0	0	0	0	0	0	0	0	0	0	0	0	0
NZ_UGQW01000001.1	3p	+	64	0	7	7	2	16	1	0	0	0	0	0	0	0	0	0	0	0	0	0	0	0	0	0	0	0	0
NZ_UGQW01000001.1	3p	+	65	2	4	4	5	15	0	1	0	0	0	0	0	0	0	0	0	0	0	0	0	0	0	0	0	0	0
NZ_UGQW01000001.1	3p	+	66	2	3	6	3	14	1	1	0	0	0	0	0	0	0	0	0	0	0	0	0	0	0	0	0	0	0
NZ_UGQW01000001.1	3p	+	67	4	4	3	3	14	0	0	0	0	0	0	0	0	0	0	0	0	0	0	0	0	0	0	0	0	0
NZ_UGQW01000001.1	3p	+	68	6	5	1	1	13	0	2	0	0	0	0	0	0	0	0	0	0	0	0	0	0	0	0	0	0	0
NZ_UGQW01000001.1	3p	+	69	3	2	4	2	11	0	0	0	0	0	0	0	0	0	0	0	0	0	0	0	0	0	0	0	0	0
NZ_UGQW01000001.1	3p	+	70	3	2	4	1	10	0	1	0	0	0	0	0	0	0	0	0	0	0	0	0	0	0	0	0	0	0
NZ_UGQW01000001.1	3p	-	1	79	157	84	114	434	4	47	2	3	2	0	2	1	0	1	2	3	0	0	0	0	0	0	0	0	0
NZ_UGQW01000001.1	3p	-	2	128	119	102	85	434	1	19	4	0	1	1	0	1	1	0	0	1	0	0	0	0	0	0	0	0	0
NZ_UGQW01000001.1	3p	-	3	96	128	127	83	434	4	19	4	2	0	1	1	0	0	1	0	1	0	0	0	0	0	0	0	0	0
NZ_UGQW01000001.1	3p	-	4	121	112	100	101	434	3	8	7	2	0	1	0	0	0	0	1	0	0	0	0	0	0	0	0	0	0
NZ_UGQW01000001.1	3p	-	5	117	121	95	101	434	1	13	2	5	0	0	0	0	1	0	2	0	0	0	0	0	0	0	0	0	0
NZ_UGQW01000001.1	3p	-	6	100	137	122	75	434	6	12	2	2	0	0	0	1	0	0	2	0	0	0	0	0	0	0	0	0	0
NZ_UGQW01000001.1	3p	-	7	105	142	97	90	434	2	7	5	3	0	0	0	1	1	0	2	0	0	0	0	0	0	0	0	0	0
NZ_UGQW01000001.1	3p	-	8	123	103	94	114	434	2	5	5	2	0	0	0	0	1	0	1	0	0	0	0	0	0	0	0	0	0
NZ_UGQW01000001.1	3p	-	9	121	121	102	90	434	2	7	8	0	1	0	2	0	0	0	0	1	0	0	0	0	0	0	0	0	0
NZ_UGQW01000001.1	3p	-	10	94	130	105	105	434	2	9	3	6	0	0	0	0	0	0	1	1	0	0	1	0	0	0	0	0	0
NZ_UGQW01000001.1	3p	-	11	99	129	106	99	433	4	3	3	3	1	0	1	1	0	0	0	0	0	0	0	0	0	0	1	0	0
NZ_UGQW01000001.1	3p	-	12	90	121	122	101	434	4	6	3	2	0	0	2	1	0	0	1	1	0	0	0	0	0	0	0	0	0
NZ_UGQW01000001.1	3p	-	13	112	128	111	83	434	1	7	3	3	0	0	0	1	0	0	0	0	0	0	0	0	0	0	0	0	0
NZ_UGQW01000001.1	3p	-	14	112	107	104	110	433	0	2	1	2	0	0	0	0	0	0	2	0	0	0	0	1	0	0	0	1	0
NZ_UGQW01000001.1	3p	-	15	97	112	128	97	434	3	5	2	6	0	0	3	1	1	0	1	0	0	0	0	0	0	0	0	0	0
NZ_UGQW01000001.1	3p	-	16	95	140	100	99	434	1	4	4	1	0	0	1	0	0	0	0	2	0	0	0	0	0	0	0	0	0
NZ_UGQW01000001.1	3p	-	17	101	118	112	103	434	1	4	1	1	1	0	1	2	0	0	3	1	0	0	0	0	0	0	0	0	0
NZ_UGQW01000001.1	3p	-	18	95	125	122	92	434	5	7	3	2	2	1	2	1	1	0	0	0	0	0	0	0	0	0	0	0	0
NZ_UGQW01000001.1	3p	-	19	89	135	112	98	434	4	6	4	3	0	0	3	1	0	0	2	3	0	0	0	0	0	0	0	0	0
NZ_UGQW01000001.1	3p	-	20	102	109	114	109	434	3	3	1	1	0	0	0	0	0	0	1	0	0	0	0	0	0	0	0	0	0
NZ_UGQW01000001.1	3p	-	21	100	128	116	90	434	5	8	4	4	1	0	0	0	0	0	2	1	0	0	0	0	0	0	0	0	0
NZ_UGQW01000001.1	3p	-	22	90	130	114	100	434	1	4	1	3	0	0	0	2	1	1	1	1	0	0	0	0	0	0	0	0	0
NZ_UGQW01000001.1	3p	-	23	92	128	102	112	434	1	4	4	2	0	0	0	0	0	1	0	0	0	0	0	0	0	0	0	0	0
NZ_UGQW01000001.1	3p	-	24	98	129	119	88	434	4	5	3	9	0	0	0	0	1	0	1	1	0	0	0	0	0	0	0	0	0
NZ_UGQW01000001.1	3p	-	25	100	113	116	105	434	1	5	5	3	1	0	1	0	0	0	2	0	0	0	0	0	0	0	0	0	0
NZ_UGQW01000001.1	3p	-	26	111	123	111	89	434	1	3	0	1	0	0	1	1	0	1	0	2	0	0	0	0	0	0	0	0	0
NZ_UGQW01000001.1	3p	-	27	93	118	126	97	434	1	13	1	3	0	0	1	1	1	1	0	1	0	0	0	0	0	0	0	0	0
NZ_UGQW01000001.1	3p	-	28	100	124	104	106	434	2	3	3	3	0	0	1	1	0	0	0	1	0	0	0	0	0	0	0	0	0
NZ_UGQW01000001.1	3p	-	29	106	117	109	102	434	1	6	2	2	0	0	0	1	0	0	0	2	0	0	0	0	0	0	0	0	0
NZ_UGQW01000001.1	3p	-	30	102	125	109	98	434	2	10	0	3	1	0	1	0	0	0	1	1	0	0	0	0	0	0	0	0	0
NZ_UGQW01000001.1	3p	-	31	104	119	104	75	402	7	8	2	2	0	2	0	0	1	0	0	1	0	0	0	0	0	0	0	0	0
NZ_UGQW01000001.1	3p	-	32	99	90	91	90	370	3	12	1	0	0	0	0	0	1	0	0	1	0	0	0	0	0	0	0	0	0
NZ_UGQW01000001.1	3p	-	33	74	96	78	84	332	3	8	3	2	0	1	0	0	1	1	0	1	0	0	0	0	0	0	0	0	0
NZ_UGQW01000001.1	3p	-	34	68	96	72	68	304	3	10	0	2	1	0	0	1	1	0	0	0	0	0	0	0	0	0	0	0	0
NZ_UGQW01000001.1	3p	-	35	71	68	54	81	274	2	7	4	0	0	0	1	0	0	0	1	1	0	0	0	0	0	0	0	0	0
NZ_UGQW01000001.1	3p	-	36	62	72	60	66	260	1	7	2	3	0	0	1	0	0	0	0	1	0	0	0	0	0	0	0	0	0
NZ_UGQW01000001.1	3p	-	37	51	75	59	51	236	1	8	0	1	0	0	1	0	0	0	0	0	0	0	0	0	0	0	0	0	0
NZ_UGQW01000001.1	3p	-	38	62	51	41	48	202	2	8	4	0	0	0	0	1	0	0	0	2	0	0	0	0	0	0	0	0	0
NZ_UGQW01000001.1	3p	-	39	45	45	48	43	181	0	6	2	1	0	0	0	1	0	0	1	1	0	0	0	0	0	0	0	0	0
NZ_UGQW01000001.1	3p	-	40	44	47	34	42	167	2	7	2	1	0	0	0	0	0	0	0	0	0	0	0	0	0	0	0	0	0
NZ_UGQW01000001.1	3p	-	41	40	49	32	33	154	0	6	1	0	0	0	0	1	0	0	0	0	0	0	0	0	0	0	0	0	0
NZ_UGQW01000001.1	3p	-	42	22	54	37	25	138	0	8	2	0	0	0	1	0	0	1	1	0	0	0	0	0	0	0	0	0	0
NZ_UGQW01000001.1	3p	-	43	19	42	31	28	120	0	5	0	0	0	0	0	0	1	0	0	0	0	0	0	0	0	0	0	0	0
NZ_UGQW01000001.1	3p	-	44	33	31	29	19	112	2	1	1	0	0	0	0	1	0	0	0	1	0	0	0	0	0	0	0	0	0
NZ_UGQW01000001.1	3p	-	45	23	32	27	22	104	2	5	0	0	0	0	0	1	0	0	0	0	0	0	0	0	0	0	0	0	0
NZ_UGQW01000001.1	3p	-	46	25	29	21	18	93	1	2	1	0	0	0	0	1	0	0	0	1	0	0	0	0	0	0	0	0	0
NZ_UGQW01000001.1	3p	-	47	26	19	16	21	82	1	4	2	0	0	0	0	0	1	0	0	0	0	0	0	0	0	0	0	0	0
NZ_UGQW01000001.1	3p	-	48	19	18	13	23	73	0	5	1	0	0	0	0	0	0	0	0	0	0	0	0	0	0	0	0	0	0
NZ_UGQW01000001.1	3p	-	49	20	10	22	12	64	0	0	0	0	0	0	0	0	0	0	0	0	0	0	0	0	0	0	0	0	0
NZ_UGQW01000001.1	3p	-	50	17	17	12	14	60	0	2	0	0	0	0	0	0	0	0	0	0	0	0	0	0	0	0	0	0	0
NZ_UGQW01000001.1	3p	-	51	11	18	18	9	56	0	1	1	1	0	0	0	0	0	0	0	0	0	0	0	0	0	0	0	0	0
NZ_UGQW01000001.1	3p	-	52	9	13	13	15	50	0	1	0	1	1	0	0	0	0	0	0	0	0	0	0	0	0	0	0	0	0
NZ_UGQW01000001.1	3p	-	53	6	15	14	9	44	0	2	0	0	0	0	0	0	0	0	0	0	0	0	0	0	0	0	0	0	0
NZ_UGQW01000001.1	3p	-	54	7	12	12	11	42	1	1	0	0	0	0	0	0	0	0	0	0	0	0	0	0	0	0	0	0	0
NZ_UGQW01000001.1	3p	-	55	7	10	15	7	39	0	3	1	0	0	0	0	0	0	0	0	0	0	0	0	0	0	0	0	0	0
NZ_UGQW01000001.1	3p	-	56	8	10	7	8	33	0	0	0	0	0	1	0	0	0	0	0	0	0	0	0	0	0	0	0	0	0
NZ_UGQW01000001.1	3p	-	57	4	8	8	9	29	0	1	0	0	0	0	0	0	0	0	0	0	0	0	0	0	0	0	0	0	0
NZ_UGQW01000001.1	3p	-	58	6	4	8	5	23	0	0	0	0	0	0	0	0	0	0	0	0	0	0	0	0	0	0	0	0	0
NZ_UGQW01000001.1	3p	-	59	4	6	8	5	23	0	0	0	0	0	0	0	0	0	0	0	0	0	0	0	0	0	0	0	0	0
NZ_UGQW01000001.1	3p	-	60	3	7	7	5	22	0	0	0	0	0	0	0	0	0	0	0	0	0	0	0	0	0	0	0	0	0
NZ_UGQW01000001.1	3p	-	61	2	9	6	3	20	1	1	0	0	0	0	0	0	0	0	0	0	0	0	0	0	0	0	0	0	0
NZ_UGQW01000001.1	3p	-	62	7	2	5	4	18	0	0	0	0	0	0	0	0	0	0	0	0	0	0	0	0	0	0	0	0	0
NZ_UGQW01000001.1	3p	-	63	5	2	4	4	15	0	0	0	0	0	0	0	0	0	0	0	0	0	0	0	0	0	0	0	0	0
NZ_UGQW01000001.1	3p	-	64	6	5	1	3	15	0	2	0	0	0	0	0	0	0	0	0	0	0	0	0	0	0	0	0	0	0
NZ_UGQW01000001.1	3p	-	65	4	3	5	3	15	0	0	0	0	0	0	0	0	0	0	0	0	0	0	0	0	0	0	0	0	0
NZ_UGQW01000001.1	3p	-	66	2	3	3	6	14	0	0	1	0	0	0	0	0	0	0	0	0	0	0	0	0	0	0	0	0	0
NZ_UGQW01000001.1	3p	-	67	2	6	1	4	13	0	0	0	0	0	0	0	0	0	0	0	0	0	0	0	0	0	0	0	0	0
NZ_UGQW01000001.1	3p	-	68	3	4	3	1	11	0	0	0	0	0	0	0	0	0	0	0	0	0	0	0	0	0	0	0	0	0
NZ_UGQW01000001.1	3p	-	69	1	1	5	3	10	2	0	0	0	0	0	0	0	0	0	0	0	0	0	0	0	0	0	0	0	0
NZ_UGQW01000001.1	3p	-	70	2	1	1	6	10	0	0	0	0	0	0	0	0	0	0	0	0	0	0	0	0	0	0	0	0	0
NZ_UGQW01000001.1	5p	+	1	91	129	71	148	439	4	45	0	3	0	0	2	0	0	0	0	1	0	0	0	0	0	0	0	0	0
NZ_UGQW01000001.1	5p	+	2	113	123	99	104	439	5	18	2	3	0	0	0	0	0	0	0	0	0	0	0	0	0	0	0	0	0
NZ_UGQW01000001.1	5p	+	3	82	105	151	101	439	3	10	1	2	0	0	0	1	0	0	3	1	0	0	0	0	0	0	0	0	0
NZ_UGQW01000001.1	5p	+	4	106	123	112	98	439	1	10	0	3	0	0	1	0	0	1	0	0	0	0	0	0	0	0	0	0	0
NZ_UGQW01000001.1	5p	+	5	92	117	125	105	439	1	10	1	6	1	0	1	0	0	0	1	0	0	0	0	0	0	0	0	0	0
NZ_UGQW01000001.1	5p	+	6	104	102	133	99	438	2	14	3	2	1	0	1	0	0	0	2	1	0	0	0	0	1	0	0	0	0
NZ_UGQW01000001.1	5p	+	7	97	116	109	116	438	2	8	2	4	0	0	1	1	1	0	3	2	0	0	0	1	0	1	0	0	0
NZ_UGQW01000001.1	5p	+	8	109	119	121	89	438	0	9	4	2	0	0	3	0	0	0	0	0	0	0	0	0	1	0	0	0	0
NZ_UGQW01000001.1	5p	+	9	84	120	132	102	438	1	7	1	5	0	0	0	2	0	0	1	2	0	0	0	0	0	1	0	0	0
NZ_UGQW01000001.1	5p	+	10	101	114	119	105	439	3	12	5	4	1	0	0	2	1	0	0	2	0	0	0	0	0	0	0	0	0
NZ_UGQW01000001.1	5p	+	11	94	128	113	104	439	2	11	7	4	0	0	0	1	0	2	0	2	0	0	1	0	0	0	0	0	0
NZ_UGQW01000001.1	5p	+	12	96	107	126	110	439	3	0	6	2	0	0	1	0	0	2	2	0	0	0	0	0	0	0	0	0	0
NZ_UGQW01000001.1	5p	+	13	97	112	125	105	439	4	7	0	4	0	1	0	0	0	1	2	0	0	0	0	0	0	0	0	0	0
NZ_UGQW01000001.1	5p	+	14	94	120	116	109	439	0	5	0	2	1	0	1	0	2	0	2	0	0	0	0	0	0	0	0	0	0
NZ_UGQW01000001.1	5p	+	15	86	116	132	105	439	5	3	0	4	0	1	1	0	1	0	2	0	0	0	0	0	0	0	0	0	0
NZ_UGQW01000001.1	5p	+	16	108	119	101	111	439	2	6	2	4	0	0	0	1	0	0	1	0	0	0	0	0	0	0	0	0	0
NZ_UGQW01000001.1	5p	+	17	100	108	118	113	439	2	3	3	6	1	0	0	0	0	0	1	2	0	0	0	0	0	0	0	0	0
NZ_UGQW01000001.1	5p	+	18	93	122	124	100	439	2	8	0	0	0	0	2	0	0	0	0	0	0	0	0	1	0	0	0	0	0
NZ_UGQW01000001.1	5p	+	19	102	114	109	114	439	1	4	1	3	1	0	1	0	0	0	0	0	0	0	0	0	0	0	0	0	0
NZ_UGQW01000001.1	5p	+	20	85	120	129	105	439	2	6	3	6	0	0	1	0	0	0	2	2	0	0	0	0	0	0	0	0	0
NZ_UGQW01000001.1	5p	+	21	95	110	121	113	439	0	3	1	5	0	0	0	0	1	0	1	3	0	0	0	0	0	0	0	0	0
NZ_UGQW01000001.1	5p	+	22	108	108	129	93	438	2	7	2	2	1	1	1	1	0	0	2	1	1	0	0	0	0	0	1	0	0
NZ_UGQW01000001.1	5p	+	23	103	109	117	110	439	2	6	1	5	0	0	1	1	2	0	2	1	1	0	0	0	0	0	0	0	0
NZ_UGQW01000001.1	5p	+	24	100	118	128	93	439	2	3	2	5	1	0	1	0	0	0	1	0	0	0	0	0	0	0	0	0	0
NZ_UGQW01000001.1	5p	+	25	110	114	115	100	439	1	5	3	5	0	2	0	1	1	0	0	1	0	0	0	0	0	0	0	0	0
NZ_UGQW01000001.1	5p	+	26	80	130	129	100	439	3	10	1	3	0	0	1	0	0	0	1	0	0	0	0	0	0	0	0	0	0
NZ_UGQW01000001.1	5p	+	27	100	124	120	95	439	2	6	1	3	1	0	0	2	1	0	1	2	0	0	0	0	0	0	0	0	0
NZ_UGQW01000001.1	5p	+	28	109	104	111	115	439	0	9	0	7	0	1	1	2	1	0	1	0	0	0	0	0	0	0	0	0	0
NZ_UGQW01000001.1	5p	+	29	97	112	119	111	439	3	11	4	4	1	0	3	0	1	0	1	2	0	0	0	0	0	0	0	0	0
NZ_UGQW01000001.1	5p	+	30	97	95	124	123	439	2	10	7	5	0	1	1	0	1	0	0	0	0	0	0	1	0	0	0	0	0
NZ_UGQW01000001.1	5p	+	31	86	88	112	118	404	4	16	3	4	1	0	0	0	1	0	1	1	0	0	0	0	0	0	0	0	0
NZ_UGQW01000001.1	5p	+	32	72	104	110	87	373	2	8	1	4	0	0	0	1	0	0	0	3	0	0	0	0	0	0	0	0	0
NZ_UGQW01000001.1	5p	+	33	79	93	95	69	336	0	15	1	2	0	0	0	0	0	0	0	0	0	0	0	0	0	0	0	0	0
NZ_UGQW01000001.1	5p	+	34	75	85	72	72	304	0	12	2	1	0	0	0	0	0	0	0	1	0	0	0	0	0	0	0	0	0
NZ_UGQW01000001.1	5p	+	35	63	71	74	67	275	2	12	1	2	0	0	0	1	0	0	1	1	0	0	0	0	0	0	0	0	0
NZ_UGQW01000001.1	5p	+	36	46	71	67	57	241	2	8	1	4	0	0	0	0	0	0	2	0	0	0	1	0	0	0	0	0	0
NZ_UGQW01000001.1	5p	+	37	49	65	48	55	217	0	8	3	0	0	0	1	0	0	0	0	1	0	0	0	0	0	0	0	0	0
NZ_UGQW01000001.1	5p	+	38	45	60	45	53	203	0	5	3	2	0	0	1	0	0	0	0	1	0	0	0	0	0	0	0	0	0
NZ_UGQW01000001.1	5p	+	39	36	46	58	47	187	4	6	0	0	0	0	1	0	0	0	0	0	0	0	0	0	0	0	0	0	0
NZ_UGQW01000001.1	5p	+	40	43	44	53	34	174	1	10	0	0	1	0	0	0	0	0	2	0	0	0	0	0	0	0	0	0	0
NZ_UGQW01000001.1	5p	+	41	38	50	29	40	157	0	7	0	0	0	0	0	0	0	0	0	1	0	0	0	0	0	0	0	0	0
NZ_UGQW01000001.1	5p	+	42	35	30	41	39	145	0	5	1	4	0	0	0	0	0	0	0	0	0	0	0	0	0	0	0	0	0
NZ_UGQW01000001.1	5p	+	43	32	27	34	35	128	1	4	0	2	0	0	0	0	0	0	1	0	0	0	0	0	0	0	0	0	0
NZ_UGQW01000001.1	5p	+	44	26	31	29	29	115	1	3	0	1	0	0	0	0	0	0	0	0	0	0	0	0	0	0	0	0	0
NZ_UGQW01000001.1	5p	+	45	28	24	29	21	102	1	1	0	0	0	0	0	0	0	0	0	0	0	0	0	0	0	0	0	0	0
NZ_UGQW01000001.1	5p	+	46	32	20	28	14	94	0	2	1	0	0	0	0	0	0	0	0	0	0	0	0	0	0	0	0	0	0
NZ_UGQW01000001.1	5p	+	47	28	28	16	15	87	1	3	0	0	0	0	0	0	0	0	1	0	0	0	0	0	0	0	0	1	0
NZ_UGQW01000001.1	5p	+	48	28	17	22	11	78	0	1	0	0	0	0	0	0	0	0	0	0	0	0	0	0	0	0	0	0	0
NZ_UGQW01000001.1	5p	+	49	13	13	24	19	69	0	0	0	3	0	0	0	0	0	0	0	0	0	0	0	0	0	0	0	0	0
NZ_UGQW01000001.1	5p	+	50	16	17	13	15	61	0	1	1	1	0	0	0	0	0	0	0	0	0	0	0	0	0	0	0	0	0
NZ_UGQW01000001.1	5p	+	51	9	13	17	15	54	0	2	1	0	0	0	0	0	0	0	0	0	0	0	0	0	0	0	0	0	0
NZ_UGQW01000001.1	5p	+	52	13	6	11	19	49	0	0	0	3	0	0	0	0	0	0	0	0	0	0	0	0	0	0	0	0	0
NZ_UGQW01000001.1	5p	+	53	10	15	11	7	43	0	3	0	0	0	0	0	0	0	0	0	0	0	0	0	0	0	0	0	0	0
NZ_UGQW01000001.1	5p	+	54	9	13	8	9	39	0	1	0	0	0	0	0	0	0	0	0	0	0	0	0	0	0	0	0	0	0
NZ_UGQW01000001.1	5p	+	55	6	7	7	16	36	1	1	0	0	0	0	0	0	0	0	1	0	0	0	0	0	0	0	0	0	0
NZ_UGQW01000001.1	5p	+	56	7	4	12	11	34	0	1	0	0	0	0	0	0	0	0	0	0	0	0	0	0	0	0	0	0	0
NZ_UGQW01000001.1	5p	+	57	7	9	9	8	33	0	1	0	0	0	0	0	0	0	0	0	0	0	0	0	0	0	0	0	0	0
NZ_UGQW01000001.1	5p	+	58	12	6	7	4	29	0	2	0	0	0	0	0	0	0	0	0	0	0	0	0	0	0	0	0	0	0
NZ_UGQW01000001.1	5p	+	59	6	5	8	10	29	0	1	0	0	0	0	0	0	0	0	0	0	0	0	0	0	0	0	0	0	0
NZ_UGQW01000001.1	5p	+	60	5	7	6	5	23	0	1	0	0	0	0	1	0	0	0	0	0	0	0	0	0	0	0	0	0	0
NZ_UGQW01000001.1	5p	+	61	5	5	7	3	20	1	0	1	0	0	0	0	0	1	0	0	0	0	0	0	0	0	0	0	0	0
NZ_UGQW01000001.1	5p	+	62	6	4	7	1	18	0	2	0	0	0	0	0	0	0	0	0	0	0	0	0	0	0	0	0	0	0
NZ_UGQW01000001.1	5p	+	63	2	5	7	2	16	0	0	0	0	0	0	0	0	0	0	0	0	0	0	0	0	0	0	0	0	0
NZ_UGQW01000001.1	5p	+	64	2	6	6	2	16	0	1	0	0	0	0	0	0	0	0	0	0	0	0	0	0	0	0	0	0	0
NZ_UGQW01000001.1	5p	+	65	2	5	4	4	15	0	1	0	0	0	0	0	0	0	0	0	0	0	0	0	0	0	0	0	0	0
NZ_UGQW01000001.1	5p	+	66	1	0	6	7	14	0	0	0	1	0	0	0	0	0	0	0	0	0	0	0	0	0	0	0	0	0
NZ_UGQW01000001.1	5p	+	67	2	3	8	1	14	0	0	0	0	0	0	0	0	0	0	1	0	0	0	0	0	0	0	0	0	0
NZ_UGQW01000001.1	5p	+	68	1	3	2	7	13	0	0	0	0	0	0	0	0	0	0	0	0	0	0	0	0	0	0	0	0	0
NZ_UGQW01000001.1	5p	+	69	4	1	4	2	11	0	0	0	0	0	0	0	0	0	0	0	0	0	0	0	0	0	0	0	0	0
NZ_UGQW01000001.1	5p	+	70	2	3	3	2	10	0	0	0	0	0	0	0	0	0	0	0	0	0	0	0	0	0	0	0	0	0
NZ_UGQW01000001.1	5p	-	1	115	123	64	132	434	1	55	0	3	0	4	0	1	0	0	1	0	0	0	0	0	0	0	0	0	0
NZ_UGQW01000001.1	5p	-	2	119	149	75	91	434	4	21	6	1	1	0	0	2	0	0	0	4	0	0	0	0	0	0	0	0	0
NZ_UGQW01000001.1	5p	-	3	119	101	132	82	434	4	14	3	2	0	0	1	1	0	0	1	2	0	0	0	0	0	0	0	0	0
NZ_UGQW01000001.1	5p	-	4	116	109	114	95	434	1	11	1	2	0	0	0	1	1	1	0	0	0	0	0	0	0	0	0	0	0
NZ_UGQW01000001.1	5p	-	5	102	140	98	94	434	4	11	3	2	0	0	1	1	1	1	2	1	0	0	0	0	0	0	0	0	0
NZ_UGQW01000001.1	5p	-	6	104	124	114	92	434	4	6	2	1	0	0	2	1	0	0	1	0	0	0	0	0	0	0	0	0	0
NZ_UGQW01000001.1	5p	-	7	93	120	118	103	434	2	8	3	3	0	0	1	1	0	0	0	1	0	0	0	0	0	0	0	0	0
NZ_UGQW01000001.1	5p	-	8	92	123	125	94	434	2	5	2	2	0	0	0	1	1	0	1	1	0	0	0	0	0	0	0	0	0
NZ_UGQW01000001.1	5p	-	9	121	90	122	101	434	6	9	3	2	0	0	2	0	1	1	0	1	0	0	0	0	0	0	0	0	0
NZ_UGQW01000001.1	5p	-	10	111	104	118	101	434	1	1	4	1	0	0	0	2	2	0	0	2	0	0	0	0	0	0	0	0	0
NZ_UGQW01000001.1	5p	-	11	107	117	98	112	434	2	9	4	7	0	0	1	0	1	1	1	1	0	0	0	0	0	0	0	0	0
NZ_UGQW01000001.1	5p	-	12	103	123	106	102	434	2	5	6	6	1	0	1	0	0	0	0	0	0	0	0	0	0	0	0	0	0
NZ_UGQW01000001.1	5p	-	13	101	124	99	110	434	4	2	5	3	1	0	0	0	0	0	3	1	0	0	0	0	0	0	0	0	0
NZ_UGQW01000001.1	5p	-	14	96	138	109	91	434	2	5	2	3	0	0	0	0	0	0	1	1	0	0	0	0	0	0	0	0	0
NZ_UGQW01000001.1	5p	-	15	90	135	113	96	434	4	7	3	1	2	0	2	1	0	0	0	1	0	0	0	0	0	0	0	0	0
NZ_UGQW01000001.1	5p	-	16	89	119	120	106	434	4	4	2	2	0	0	2	0	0	0	0	0	0	0	0	0	0	0	0	0	0
NZ_UGQW01000001.1	5p	-	17	77	133	122	102	434	3	3	1	1	0	1	1	1	1	0	1	4	0	0	0	0	0	0	0	0	0
NZ_UGQW01000001.1	5p	-	18	93	119	126	96	434	3	3	1	5	0	0	0	1	0	1	0	1	0	0	0	0	0	0	0	0	0
NZ_UGQW01000001.1	5p	-	19	98	117	117	102	434	1	4	4	3	0	0	0	1	1	1	1	0	0	0	0	0	0	0	0	0	0
NZ_UGQW01000001.1	5p	-	20	92	146	120	75	433	1	7	0	3	0	0	1	1	0	0	1	1	0	0	0	0	0	0	0	1	0
NZ_UGQW01000001.1	5p	-	21	106	120	126	82	434	4	1	3	3	2	0	0	0	0	0	1	1	0	0	0	0	0	0	0	0	0
NZ_UGQW01000001.1	5p	-	22	112	127	96	99	434	2	4	1	3	0	0	2	0	0	0	0	0	0	0	0	0	0	0	0	0	0
NZ_UGQW01000001.1	5p	-	23	110	124	100	100	434	2	5	3	3	0	0	0	0	0	0	0	0	0	0	1	0	0	0	0	0	0
NZ_UGQW01000001.1	5p	-	24	113	106	129	86	434	4	2	0	1	0	0	1	0	1	0	2	3	0	0	0	0	0	0	0	0	0
NZ_UGQW01000001.1	5p	-	25	112	127	94	101	434	0	5	4	1	0	0	1	1	1	0	2	0	0	0	0	1	0	0	0	0	0
NZ_UGQW01000001.1	5p	-	26	107	133	105	89	434	3	8	5	2	0	0	1	0	0	0	1	0	0	0	0	0	0	0	0	0	0
NZ_UGQW01000001.1	5p	-	27	106	124	110	94	434	7	8	7	1	0	0	0	1	0	0	0	0	0	0	0	0	0	0	0	0	0
NZ_UGQW01000001.1	5p	-	28	112	127	96	98	433	1	5	10	2	0	0	0	1	0	0	0	0	0	0	0	0	0	0	1	0	0
NZ_UGQW01000001.1	5p	-	29	107	140	92	95	434	3	12	3	3	0	0	0	1	0	0	1	0	0	0	0	0	0	0	0	0	0
NZ_UGQW01000001.1	5p	-	30	103	129	97	105	434	2	11	5	2	0	1	0	0	1	1	0	0	0	0	0	0	0	0	0	0	0
NZ_UGQW01000001.1	5p	-	31	89	110	108	95	402	0	13	2	2	0	0	0	1	0	0	3	1	0	0	0	0	0	0	0	0	0
NZ_UGQW01000001.1	5p	-	32	90	116	95	69	370	2	12	2	4	2	0	2	1	0	0	2	1	0	0	0	0	0	0	0	0	0
NZ_UGQW01000001.1	5p	-	33	72	98	81	81	332	2	10	1	2	0	0	0	0	1	0	0	0	0	0	0	0	0	0	0	0	0
NZ_UGQW01000001.1	5p	-	34	64	83	67	90	304	1	11	1	2	0	0	0	0	0	0	1	1	0	0	0	0	0	0	0	0	0
NZ_UGQW01000001.1	5p	-	35	54	80	72	68	274	3	8	2	1	2	0	1	0	0	0	0	1	0	0	0	0	0	0	0	0	0
NZ_UGQW01000001.1	5p	-	36	67	72	65	56	260	1	9	3	1	0	0	1	1	0	0	0	0	0	0	0	0	0	0	0	0	0
NZ_UGQW01000001.1	5p	-	37	49	68	55	64	236	2	8	0	3	0	0	0	0	0	0	0	1	0	0	0	0	0	0	0	0	0
NZ_UGQW01000001.1	5p	-	38	42	64	55	41	202	1	7	1	1	0	0	0	0	0	0	1	0	0	0	0	0	0	0	0	0	0
NZ_UGQW01000001.1	5p	-	39	41	41	60	39	181	1	2	1	0	0	0	0	0	0	1	1	1	0	0	0	0	0	0	0	0	0
NZ_UGQW01000001.1	5p	-	40	37	51	39	40	167	1	5	2	0	0	0	0	0	0	0	0	0	0	0	0	0	0	0	0	0	0
NZ_UGQW01000001.1	5p	-	41	41	47	33	33	154	2	6	0	1	0	1	0	0	0	0	0	0	0	0	0	0	0	0	0	0	0
NZ_UGQW01000001.1	5p	-	42	37	38	35	28	138	2	4	0	0	0	0	0	0	0	0	0	0	0	0	0	0	0	0	0	0	0
NZ_UGQW01000001.1	5p	-	43	25	29	31	35	120	1	2	1	0	0	0	0	0	1	0	0	0	0	0	0	0	0	0	0	0	0
NZ_UGQW01000001.1	5p	-	44	23	38	26	25	112	0	6	0	1	0	0	0	0	1	0	0	0	0	0	0	0	0	0	0	0	0
NZ_UGQW01000001.1	5p	-	45	24	30	29	21	104	0	2	1	0	1	0	0	0	0	0	0	1	0	0	0	0	0	0	0	0	0
NZ_UGQW01000001.1	5p	-	46	25	32	20	16	93	1	4	1	0	0	0	0	0	0	0	0	0	0	0	0	0	0	0	0	0	0
NZ_UGQW01000001.1	5p	-	47	15	25	21	21	82	0	2	1	0	0	1	1	0	0	0	0	0	0	0	0	0	0	0	0	0	0
NZ_UGQW01000001.1	5p	-	48	19	19	20	15	73	1	4	0	0	0	0	0	0	0	0	1	0	0	0	0	0	0	0	0	0	0
NZ_UGQW01000001.1	5p	-	49	11	17	19	17	64	0	2	1	2	0	0	0	0	0	0	0	0	0	0	0	0	0	0	0	0	0
NZ_UGQW01000001.1	5p	-	50	15	21	12	12	60	0	3	2	0	0	0	0	0	0	0	0	0	0	0	0	0	0	0	0	0	0
NZ_UGQW01000001.1	5p	-	51	17	13	10	16	56	0	1	0	0	0	0	0	0	0	0	0	0	0	0	0	0	0	0	0	0	0
NZ_UGQW01000001.1	5p	-	52	12	14	7	17	50	1	2	1	1	0	0	0	0	0	0	0	0	0	0	0	0	0	0	0	0	0
NZ_UGQW01000001.1	5p	-	53	14	6	12	12	44	2	0	0	0	0	0	0	0	0	0	0	0	0	0	0	0	0	0	0	0	0
NZ_UGQW01000001.1	5p	-	54	10	12	11	9	42	0	1	1	0	1	0	0	0	0	0	0	0	0	0	0	0	0	0	0	0	0
NZ_UGQW01000001.1	5p	-	55	8	12	10	9	39	0	1	0	0	0	0	0	0	0	0	0	0	0	0	0	0	0	0	0	0	0
NZ_UGQW01000001.1	5p	-	56	7	12	6	8	33	0	1	0	0	0	0	1	1	0	0	1	0	0	0	0	0	0	0	0	0	0
NZ_UGQW01000001.1	5p	-	57	5	11	9	4	29	0	1	0	0	0	0	0	0	0	0	0	1	0	0	0	0	0	0	0	0	0
NZ_UGQW01000001.1	5p	-	58	8	7	6	2	23	0	1	0	0	0	0	0	0	0	0	0	0	0	0	0	0	0	0	0	0	0
NZ_UGQW01000001.1	5p	-	59	5	9	6	3	23	0	0	0	0	0	0	0	0	0	0	0	0	0	0	0	0	0	0	0	0	0
NZ_UGQW01000001.1	5p	-	60	10	5	4	3	22	0	0	0	0	0	0	0	1	0	0	0	0	0	0	0	0	0	0	0	0	0
NZ_UGQW01000001.1	5p	-	61	5	7	4	4	20	0	2	0	0	0	0	1	0	0	0	0	0	0	0	0	0	0	0	0	0	0
NZ_UGQW01000001.1	5p	-	62	5	6	5	2	18	0	0	0	0	0	0	0	0	0	0	0	0	0	0	0	0	0	0	0	0	0
NZ_UGQW01000001.1	5p	-	63	5	3	6	1	15	0	0	0	0	0	0	0	0	0	0	0	0	0	0	0	0	0	0	0	0	0
NZ_UGQW01000001.1	5p	-	64	4	4	3	4	15	0	1	1	0	0	0	0	0	0	0	0	0	0	0	0	0	0	0	0	0	0
NZ_UGQW01000001.1	5p	-	65	0	6	3	6	15	0	1	0	0	0	0	0	0	0	0	0	0	0	0	0	0	0	0	0	0	0
NZ_UGQW01000001.1	5p	-	66	3	3	4	4	14	0	1	0	0	0	0	0	0	0	0	0	0	0	0	0	0	0	0	0	0	0
NZ_UGQW01000001.1	5p	-	67	3	3	4	3	13	0	2	0	0	0	0	0	0	0	0	0	0	0	0	0	0	0	0	0	0	0
NZ_UGQW01000001.1	5p	-	68	2	2	2	5	11	0	1	0	1	0	0	0	0	0	0	0	0	0	0	0	0	0	0	0	0	0
NZ_UGQW01000001.1	5p	-	69	2	2	3	3	10	0	0	0	0	0	0	0	0	0	0	0	0	0	0	0	0	0	0	0	0	0
NZ_UGQW01000001.1	5p	-	70	2	3	0	5	10	0	0	0	0	0	0	0	0	0	0	0	0	0	0	0	0	0	0	0	0	0
NZ_UGQW01000002.1	3p	+	1	781	1422	721	1016	3940	21	470	21	15	7	8	5	8	2	1	5	12	0	0	0	0	0	0	0	0	0
NZ_UGQW01000002.1	3p	+	2	1153	1059	945	783	3940	21	205	24	14	2	2	7	13	3	3	6	3	0	0	0	0	0	0	0	0	0
NZ_UGQW01000002.1	3p	+	3	959	1028	1062	891	3940	29	167	24	23	5	1	2	4	5	2	3	8	0	0	0	0	0	0	0	0	0
NZ_UGQW01000002.1	3p	+	4	961	1059	1054	866	3940	22	137	14	16	6	6	3	9	2	3	5	5	0	0	0	0	0	0	0	0	0
NZ_UGQW01000002.1	3p	+	5	1031	990	1020	899	3940	27	95	20	19	4	6	4	5	5	3	7	11	0	0	0	0	0	0	0	0	0
NZ_UGQW01000002.1	3p	+	6	947	1078	1020	894	3939	27	73	17	14	7	2	7	6	7	0	12	8	0	0	0	0	0	0	0	1	0
NZ_UGQW01000002.1	3p	+	7	959	1080	969	932	3940	28	87	24	23	3	2	5	6	4	3	10	10	0	0	1	0	0	0	0	0	0
NZ_UGQW01000002.1	3p	+	8	964	1004	1016	954	3938	23	63	19	24	1	4	7	3	4	2	9	7	0	0	1	0	0	1	1	0	0
NZ_UGQW01000002.1	3p	+	9	913	1047	1113	867	3940	31	63	28	18	3	1	1	8	2	1	8	14	0	0	1	1	0	0	0	0	0
NZ_UGQW01000002.1	3p	+	10	921	1097	1011	911	3940	21	62	20	24	6	1	6	3	2	1	12	5	0	1	1	0	0	0	0	0	0
NZ_UGQW01000002.1	3p	+	11	970	1033	944	993	3940	14	68	20	24	2	1	5	6	6	1	6	11	0	0	1	3	0	0	0	0	0
NZ_UGQW01000002.1	3p	+	12	917	1095	1086	841	3939	31	62	17	16	2	2	6	6	3	1	16	9	0	1	1	3	1	0	0	0	0
NZ_UGQW01000002.1	3p	+	13	935	1088	1020	895	3938	21	47	26	32	6	4	7	6	6	4	8	9	2	0	2	0	1	0	1	0	0
NZ_UGQW01000002.1	3p	+	14	916	1088	1047	888	3939	22	35	16	17	2	1	7	3	4	0	8	8	1	0	1	1	0	1	0	0	0
NZ_UGQW01000002.1	3p	+	15	887	1125	1093	835	3940	19	57	17	26	5	3	9	5	3	3	5	9	0	0	1	0	0	0	0	0	0
NZ_UGQW01000002.1	3p	+	16	883	1109	1033	915	3940	20	54	17	13	2	2	0	8	2	3	3	13	0	0	1	0	0	0	0	0	0
NZ_UGQW01000002.1	3p	+	17	965	1038	975	961	3939	20	40	22	19	6	1	6	5	7	3	4	13	0	1	0	0	0	0	1	0	0
NZ_UGQW01000002.1	3p	+	18	875	1075	1081	908	3939	27	51	27	29	3	5	7	8	6	3	7	14	0	1	1	0	1	0	0	0	0
NZ_UGQW01000002.1	3p	+	19	905	1104	1022	906	3937	21	58	17	22	4	3	2	3	1	2	11	4	2	1	0	0	0	2	0	1	0
NZ_UGQW01000002.1	3p	+	20	950	1079	983	925	3937	24	48	20	14	1	1	4	3	4	3	7	4	0	0	2	0	1	2	0	0	0
NZ_UGQW01000002.1	3p	+	21	910	1074	1082	872	3938	29	57	19	21	3	0	8	4	5	2	9	13	0	2	1	1	0	2	0	0	0
NZ_UGQW01000002.1	3p	+	22	911	1165	994	870	3940	29	49	13	16	2	3	2	8	4	1	2	4	0	1	0	0	0	0	0	0	0
NZ_UGQW01000002.1	3p	+	23	1006	1052	1005	875	3938	18	58	24	25	3	3	4	2	2	1	10	7	1	0	0	0	0	1	0	1	0
NZ_UGQW01000002.1	3p	+	24	923	1046	1083	888	3940	28	56	31	29	3	3	5	5	2	2	11	8	0	0	0	0	0	0	0	0	0
NZ_UGQW01000002.1	3p	+	25	917	1105	1011	906	3939	20	57	19	25	3	0	6	9	3	2	7	10	0	0	0	2	0	0	0	1	0
NZ_UGQW01000002.1	3p	+	26	982	1089	963	906	3940	24	67	23	25	2	1	6	10	3	2	5	4	0	0	2	2	0	0	0	0	0
NZ_UGQW01000002.1	3p	+	27	954	1091	1055	839	3939	23	67	33	22	8	2	6	6	3	1	8	7	1	1	0	3	0	0	1	0	0
NZ_UGQW01000002.1	3p	+	28	935	1077	994	933	3939	30	75	26	22	1	1	8	8	8	0	5	4	0	0	0	1	0	0	0	1	0
NZ_UGQW01000002.1	3p	+	29	1007	1046	989	897	3939	24	84	17	15	3	4	4	4	2	2	6	6	0	0	0	0	1	0	0	0	0
NZ_UGQW01000002.1	3p	+	30	945	1126	998	871	3940	37	103	27	30	6	6	7	3	4	1	8	11	0	0	0	1	0	0	0	0	0
NZ_UGQW01000002.1	3p	+	31	852	1004	902	838	3596	24	110	14	24	3	3	3	7	4	5	5	10	2	0	1	0	0	0	0	0	0
NZ_UGQW01000002.1	3p	+	32	815	853	769	798	3235	15	85	7	9	3	1	5	3	1	0	4	8	0	1	1	0	0	0	0	0	0
NZ_UGQW01000002.1	3p	+	33	720	774	742	686	2922	26	86	16	22	7	3	2	6	5	2	6	4	1	0	1	0	0	1	0	0	0
NZ_UGQW01000002.1	3p	+	34	630	734	611	681	2656	15	76	8	7	1	1	6	6	2	2	3	5	1	0	0	0	0	1	0	1	0
NZ_UGQW01000002.1	3p	+	35	594	646	573	583	2396	9	54	4	14	2	1	2	5	0	0	3	5	0	1	0	0	0	0	0	0	0
NZ_UGQW01000002.1	3p	+	36	529	602	547	496	2174	11	60	19	9	2	2	0	4	4	1	4	3	0	1	0	0	0	0	0	0	0
NZ_UGQW01000002.1	3p	+	37	490	550	457	483	1980	8	59	13	10	1	2	2	3	2	0	6	4	0	0	0	0	0	0	0	0	0
NZ_UGQW01000002.1	3p	+	38	407	475	439	470	1791	10	46	9	6	0	0	1	2	1	0	2	1	0	1	0	0	0	0	0	0	0
NZ_UGQW01000002.1	3p	+	39	398	468	386	369	1621	13	56	6	10	1	3	4	1	1	1	2	2	1	0	0	0	0	1	0	0	0
NZ_UGQW01000002.1	3p	+	40	377	423	341	360	1501	6	41	13	8	1	1	1	2	0	0	0	0	1	0	0	1	0	0	0	0	0
NZ_UGQW01000002.1	3p	+	41	343	373	329	316	1361	4	40	9	9	1	0	1	2	3	1	0	0	0	0	0	1	0	0	0	0	0
NZ_UGQW01000002.1	3p	+	42	313	363	293	275	1244	4	62	15	4	0	1	1	1	2	2	1	3	0	0	0	1	0	0	0	0	0
NZ_UGQW01000002.1	3p	+	43	278	326	249	263	1116	6	44	2	9	0	0	2	3	0	1	2	2	0	0	0	1	0	0	0	0	0
NZ_UGQW01000002.1	3p	+	44	244	274	239	242	999	6	36	3	6	2	0	0	1	0	0	0	1	1	0	0	0	0	1	0	0	0
NZ_UGQW01000002.1	3p	+	45	237	224	226	207	894	4	30	5	2	2	0	3	1	1	1	0	5	1	0	0	0	0	0	0	1	0
NZ_UGQW01000002.1	3p	+	46	201	243	168	192	804	5	33	3	6	1	0	2	1	1	1	1	1	1	0	0	0	0	0	0	0	0
NZ_UGQW01000002.1	3p	+	47	183	206	176	162	727	6	24	2	8	1	1	0	4	0	0	2	0	0	0	0	0	0	0	0	0	0
NZ_UGQW01000002.1	3p	+	48	165	171	155	164	655	4	23	6	5	0	0	0	1	0	0	1	0	0	0	0	0	0	0	0	0	0
NZ_UGQW01000002.1	3p	+	49	151	173	125	145	594	3	16	3	3	1	2	1	0	0	1	4	1	0	0	0	0	0	0	0	0	0
NZ_UGQW01000002.1	3p	+	50	139	146	132	111	528	5	16	2	3	2	1	0	0	0	0	1	2	0	0	0	0	0	0	0	0	0
NZ_UGQW01000002.1	3p	+	51	117	133	108	121	479	2	13	1	1	0	1	0	0	0	1	1	0	1	0	0	0	0	0	0	0	0
NZ_UGQW01000002.1	3p	+	52	113	130	105	97	445	0	11	6	1	0	1	0	0	1	0	2	1	0	0	0	0	0	0	0	0	0
NZ_UGQW01000002.1	3p	+	53	109	106	95	91	401	3	18	2	1	0	1	0	1	0	0	0	1	0	0	0	0	0	0	0	0	0
NZ_UGQW01000002.1	3p	+	54	83	101	75	94	353	1	11	1	2	0	0	1	0	0	0	1	0	0	0	0	0	0	0	0	0	0
NZ_UGQW01000002.1	3p	+	55	88	87	59	75	309	2	13	5	2	1	0	0	0	1	1	0	0	0	0	0	0	0	0	0	0	0
NZ_UGQW01000002.1	3p	+	56	64	80	67	74	285	2	13	1	3	0	0	0	0	0	0	0	1	0	0	0	0	0	0	0	0	0
NZ_UGQW01000002.1	3p	+	57	62	58	75	64	259	2	4	2	0	0	0	0	0	0	0	0	0	0	0	0	0	0	0	0	0	0
NZ_UGQW01000002.1	3p	+	58	48	66	65	65	244	2	9	2	3	1	0	0	2	0	0	0	0	0	0	0	0	0	0	0	0	0
NZ_UGQW01000002.1	3p	+	59	51	63	57	62	233	1	11	3	0	1	0	0	0	0	1	0	0	0	0	0	0	0	0	0	0	0
NZ_UGQW01000002.1	3p	+	60	56	57	43	54	210	0	6	2	3	0	0	0	0	2	1	0	1	0	0	0	0	0	0	0	0	0
NZ_UGQW01000002.1	3p	+	61	50	48	53	42	193	2	7	0	2	0	0	0	0	0	1	0	1	0	0	0	0	0	0	0	0	0
NZ_UGQW01000002.1	3p	+	62	34	37	49	54	174	1	7	0	0	0	0	0	0	0	0	1	0	0	0	0	0	0	0	0	0	0
NZ_UGQW01000002.1	3p	+	63	39	42	41	37	159	1	9	1	1	0	0	0	0	0	0	1	0	0	0	0	0	0	0	0	0	0
NZ_UGQW01000002.1	3p	+	64	38	37	36	39	150	1	8	0	0	0	0	0	0	0	1	0	0	0	0	0	0	0	0	0	0	0
NZ_UGQW01000002.1	3p	+	65	31	26	37	39	133	1	2	0	0	0	0	0	0	0	0	0	1	0	0	0	0	0	0	0	0	0
NZ_UGQW01000002.1	3p	+	66	26	31	26	31	114	0	4	0	1	0	0	0	0	0	0	0	0	0	0	0	0	0	0	0	0	0
NZ_UGQW01000002.1	3p	+	67	26	22	32	19	99	0	4	0	0	0	0	0	0	0	0	0	0	0	0	0	0	0	0	0	0	0
NZ_UGQW01000002.1	3p	+	68	29	25	16	21	91	0	3	0	1	1	0	0	0	0	0	0	0	0	0	0	0	0	0	0	0	0
NZ_UGQW01000002.1	3p	+	69	23	24	14	22	83	0	2	1	0	0	0	0	0	0	0	0	0	0	0	0	0	0	0	0	0	0
NZ_UGQW01000002.1	3p	+	70	20	18	20	19	77	0	2	0	0	0	0	0	0	0	0	0	0	0	0	0	0	0	0	0	0	0
NZ_UGQW01000002.1	3p	-	1	823	1416	812	979	4030	25	446	11	18	2	12	7	8	4	2	13	10	0	0	0	0	0	0	0	0	0
NZ_UGQW01000002.1	3p	-	2	1147	1035	1050	798	4030	21	169	12	16	3	6	7	5	5	1	7	14	0	0	0	0	0	0	0	0	0
NZ_UGQW01000002.1	3p	-	3	917	1042	1182	888	4029	20	160	23	20	3	8	8	3	3	4	9	14	0	0	0	0	1	0	0	0	0
NZ_UGQW01000002.1	3p	-	4	984	1098	995	951	4028	25	135	25	17	6	5	8	12	7	4	3	6	0	0	0	0	1	0	0	1	0
NZ_UGQW01000002.1	3p	-	5	1042	1005	1034	948	4029	29	92	14	25	3	4	7	4	4	4	9	8	0	1	0	1	0	1	0	0	0
NZ_UGQW01000002.1	3p	-	6	925	1062	1109	931	4027	28	84	29	15	1	1	8	9	5	3	7	5	0	1	0	0	1	0	1	1	0
NZ_UGQW01000002.1	3p	-	7	875	1170	997	987	4029	24	76	25	24	4	2	3	1	4	3	7	10	0	0	1	0	0	1	0	0	0
NZ_UGQW01000002.1	3p	-	8	985	975	1055	1014	4029	33	66	25	12	5	1	5	6	3	2	10	6	0	0	0	1	0	1	0	0	0
NZ_UGQW01000002.1	3p	-	9	874	1087	1101	966	4028	26	74	25	28	5	2	5	10	4	3	14	7	1	1	1	1	1	0	0	1	0
NZ_UGQW01000002.1	3p	-	10	912	1079	1020	1016	4027	20	53	24	24	5	1	6	4	5	3	6	8	0	0	2	3	0	1	0	2	0
NZ_UGQW01000002.1	3p	-	11	989	1059	1037	945	4030	22	57	20	17	2	1	6	7	5	2	3	12	0	0	2	3	0	0	0	0	0
NZ_UGQW01000002.1	3p	-	12	909	1047	1108	965	4029	41	53	21	20	4	8	4	2	5	3	11	6	0	2	0	1	0	1	0	0	0
NZ_UGQW01000002.1	3p	-	13	956	1081	1041	950	4028	17	47	28	21	4	5	2	3	3	1	7	6	1	0	1	0	0	2	0	0	0
NZ_UGQW01000002.1	3p	-	14	1010	1017	1043	958	4028	33	58	24	19	4	3	4	3	2	1	13	8	1	0	0	1	1	0	1	0	0
NZ_UGQW01000002.1	3p	-	15	913	1069	1195	852	4029	32	53	21	24	4	2	5	5	4	3	16	5	1	0	3	1	1	0	0	0	0
NZ_UGQW01000002.1	3p	-	16	914	1133	1036	944	4027	18	59	24	23	4	1	4	7	1	3	10	9	0	0	1	1	2	0	1	0	0
NZ_UGQW01000002.1	3p	-	17	942	1068	1067	952	4029	19	50	15	23	4	4	3	8	6	3	8	10	0	1	0	1	0	0	0	1	0
NZ_UGQW01000002.1	3p	-	18	892	1030	1169	938	4029	33	56	20	24	4	6	4	3	4	2	7	13	0	0	1	2	0	1	0	0	0
NZ_UGQW01000002.1	3p	-	19	867	1177	969	1016	4029	14	46	17	16	6	1	6	3	4	2	12	3	0	0	0	0	1	0	0	0	0
NZ_UGQW01000002.1	3p	-	20	939	1050	1092	947	4028	26	42	22	20	4	2	6	4	3	2	6	6	0	0	1	2	2	0	0	0	0
NZ_UGQW01000002.1	3p	-	21	864	1095	1145	925	4029	23	49	26	26	3	2	5	10	1	4	5	4	0	0	0	1	1	0	0	0	0
NZ_UGQW01000002.1	3p	-	22	924	1101	1073	930	4028	32	71	17	28	4	2	6	7	5	2	8	5	1	2	0	3	1	0	1	0	0
NZ_UGQW01000002.1	3p	-	23	979	1049	1025	977	4030	24	60	21	24	2	1	6	5	3	1	6	4	1	0	0	1	0	0	0	0	0
NZ_UGQW01000002.1	3p	-	24	914	1064	1102	949	4029	32	70	20	28	6	1	7	5	8	3	13	11	0	0	0	0	0	0	0	1	0
NZ_UGQW01000002.1	3p	-	25	898	1140	1016	973	4027	20	72	13	23	4	3	3	3	3	1	5	9	0	1	1	0	1	1	0	1	0
NZ_UGQW01000002.1	3p	-	26	991	1041	1017	981	4030	14	56	18	17	2	4	3	9	2	2	7	3	0	0	0	3	0	0	0	0	0
NZ_UGQW01000002.1	3p	-	27	970	1053	1129	876	4028	26	72	25	18	6	1	6	3	5	2	5	6	1	0	0	1	1	1	0	0	0
NZ_UGQW01000002.1	3p	-	28	941	1068	1058	962	4029	26	69	18	18	3	4	1	6	5	4	8	7	2	1	1	2	1	0	0	0	0
NZ_UGQW01000002.1	3p	-	29	954	1069	1009	998	4030	24	75	24	31	3	2	4	7	6	0	4	8	0	0	1	2	0	0	0	0	0
NZ_UGQW01000002.1	3p	-	30	947	1094	1049	940	4030	25	114	23	22	6	4	6	4	6	3	11	3	0	1	1	0	0	0	0	0	0
NZ_UGQW01000002.1	3p	-	31	853	1005	904	907	3669	18	102	18	18	5	4	1	4	7	4	3	6	1	0	0	1	0	0	0	0	0
NZ_UGQW01000002.1	3p	-	32	822	818	836	853	3329	20	97	12	16	3	3	4	3	2	0	4	6	0	0	1	1	0	0	1	0	0
NZ_UGQW01000002.1	3p	-	33	720	808	801	687	3016	23	96	8	6	5	3	6	5	2	1	3	12	0	0	0	1	0	1	1	0	0
NZ_UGQW01000002.1	3p	-	34	693	741	676	648	2758	20	95	15	17	2	3	1	2	1	3	4	2	0	0	0	0	0	0	0	1	0
NZ_UGQW01000002.1	3p	-	35	610	671	599	619	2499	16	74	9	10	0	1	2	5	3	2	0	3	0	0	0	0	0	0	0	0	0
NZ_UGQW01000002.1	3p	-	36	524	620	568	557	2269	21	60	15	17	2	2	2	3	0	0	1	7	0	0	0	0	0	0	0	0	0
NZ_UGQW01000002.1	3p	-	37	469	540	538	507	2054	10	70	8	16	1	6	0	2	1	1	1	6	0	0	0	0	0	0	0	0	0
NZ_UGQW01000002.1	3p	-	38	463	454	457	501	1875	9	48	9	10	3	2	2	6	2	0	2	5	0	0	0	1	0	0	0	0	0
NZ_UGQW01000002.1	3p	-	39	411	449	453	394	1707	13	47	4	9	3	1	0	2	1	0	2	2	0	0	0	0	0	0	0	0	0
NZ_UGQW01000002.1	3p	-	40	370	421	369	398	1558	8	60	8	14	3	1	1	2	2	0	0	2	0	0	0	0	0	0	0	0	0
NZ_UGQW01000002.1	3p	-	41	343	377	329	379	1428	10	46	8	1	1	0	3	4	3	2	0	5	0	0	0	1	0	0	0	0	0
NZ_UGQW01000002.1	3p	-	42	299	356	333	311	1299	2	41	9	4	0	2	0	3	0	0	2	3	0	0	0	0	0	0	0	0	0
NZ_UGQW01000002.1	3p	-	43	272	338	275	282	1167	8	48	10	5	1	2	0	1	0	0	0	2	0	0	0	0	0	0	0	0	0
NZ_UGQW01000002.1	3p	-	44	266	248	243	275	1032	3	25	1	7	1	0	2	0	2	0	1	3	0	0	0	0	0	0	0	0	0
NZ_UGQW01000002.1	3p	-	45	198	247	244	234	923	6	35	6	5	0	0	1	2	1	0	1	1	0	0	0	0	0	0	0	0	0
NZ_UGQW01000002.1	3p	-	46	181	225	205	217	828	3	20	4	7	1	0	0	3	0	1	1	0	0	0	0	0	0	0	0	0	0
NZ_UGQW01000002.1	3p	-	47	192	202	170	203	767	4	16	4	2	0	0	1	2	0	0	1	2	0	0	0	0	0	0	0	0	0
NZ_UGQW01000002.1	3p	-	48	153	198	166	186	703	3	18	3	3	0	1	0	1	1	0	0	0	0	0	0	0	0	0	0	0	0
NZ_UGQW01000002.1	3p	-	49	142	173	158	152	625	3	28	4	6	1	1	0	1	2	0	1	2	0	0	0	0	0	0	0	0	0
NZ_UGQW01000002.1	3p	-	50	135	148	140	134	557	5	22	2	2	1	0	1	1	0	0	1	1	0	0	0	0	0	0	0	0	0
NZ_UGQW01000002.1	3p	-	51	128	129	123	120	500	5	10	3	2	0	0	2	2	0	0	2	1	0	0	0	0	0	0	0	0	0
NZ_UGQW01000002.1	3p	-	52	122	125	94	119	460	1	16	3	1	0	0	1	0	0	0	2	0	0	0	0	0	0	0	0	0	0
NZ_UGQW01000002.1	3p	-	53	114	106	93	96	409	4	23	0	1	0	0	1	2	0	0	0	1	0	0	1	0	0	0	0	0	0
NZ_UGQW01000002.1	3p	-	54	64	99	105	80	348	2	21	1	1	0	1	0	0	0	0	0	1	0	0	0	1	1	0	0	0	0
NZ_UGQW01000002.1	3p	-	55	70	85	71	78	304	1	8	1	1	0	0	0	0	0	0	0	0	0	0	0	0	0	0	0	0	0
NZ_UGQW01000002.1	3p	-	56	71	58	57	79	265	0	5	1	1	0	0	0	0	1	0	0	2	0	1	0	0	0	0	0	0	0
NZ_UGQW01000002.1	3p	-	57	45	70	61	58	234	1	8	3	1	0	0	1	0	0	1	0	0	0	0	0	0	0	0	0	0	0
NZ_UGQW01000002.1	3p	-	58	53	62	38	62	215	1	7	1	1	0	0	0	0	0	0	0	0	0	0	0	0	0	0	0	0	0
NZ_UGQW01000002.1	3p	-	59	64	50	42	47	203	0	5	0	0	0	0	1	0	0	0	2	0	0	0	0	0	0	0	0	0	0
NZ_UGQW01000002.1	3p	-	60	38	60	41	39	178	2	8	0	1	0	0	0	0	0	0	0	0	0	0	0	0	1	0	0	0	0
NZ_UGQW01000002.1	3p	-	61	47	43	42	35	167	2	5	1	2	0	0	0	0	0	0	0	0	0	0	0	0	0	0	0	0	0
NZ_UGQW01000002.1	3p	-	62	29	30	41	53	153	0	4	1	1	0	0	0	1	0	0	0	1	0	0	0	0	0	0	0	0	0
NZ_UGQW01000002.1	3p	-	63	21	43	32	40	136	3	8	0	2	0	0	0	0	0	0	0	1	0	0	0	0	0	0	0	0	0
NZ_UGQW01000002.1	3p	-	64	26	36	28	34	124	1	2	0	0	0	0	1	0	0	0	0	1	0	0	0	0	0	0	0	0	0
NZ_UGQW01000002.1	3p	-	65	27	35	27	26	115	1	5	1	2	1	0	0	1	0	0	0	0	0	0	0	0	0	0	0	0	0
NZ_UGQW01000002.1	3p	-	66	28	31	28	18	105	1	3	0	0	0	0	0	0	0	0	0	0	0	0	0	0	0	0	0	0	0
NZ_UGQW01000002.1	3p	-	67	22	28	19	23	92	1	5	0	1	0	0	0	0	0	0	0	0	0	0	0	0	1	0	0	0	0
NZ_UGQW01000002.1	3p	-	68	19	28	19	17	83	0	3	1	1	1	0	0	0	0	0	0	0	0	0	0	0	0	0	0	0	0
NZ_UGQW01000002.1	3p	-	69	20	21	13	24	78	0	4	1	0	1	0	0	0	0	0	0	0	0	0	0	0	0	0	0	0	0
NZ_UGQW01000002.1	3p	-	70	21	17	16	15	69	0	1	1	0	0	0	1	0	0	0	0	0	0	0	0	0	0	0	0	0	0
NZ_UGQW01000002.1	5p	+	1	933	1184	579	1244	3940	22	441	21	8	5	8	6	4	3	6	6	6	0	0	0	0	0	0	0	0	1
NZ_UGQW01000002.1	5p	+	2	1118	1140	810	872	3940	25	203	20	25	4	6	6	3	2	4	7	13	0	0	1	0	0	0	0	0	0
NZ_UGQW01000002.1	5p	+	3	1057	949	1077	857	3940	30	97	23	18	0	1	4	1	8	3	4	8	0	1	1	0	0	0	0	0	0
NZ_UGQW01000002.1	5p	+	4	1008	1075	908	947	3938	23	112	28	23	4	4	5	8	3	2	8	4	1	1	0	1	0	0	1	1	0
NZ_UGQW01000002.1	5p	+	5	909	1116	1018	895	3938	22	101	26	24	5	2	6	5	3	0	13	7	0	0	0	0	1	0	0	1	0
NZ_UGQW01000002.1	5p	+	6	949	1015	1042	932	3938	32	78	24	23	5	2	7	12	3	2	7	8	2	0	0	2	0	1	0	1	0
NZ_UGQW01000002.1	5p	+	7	940	1083	968	948	3939	26	73	20	24	4	4	4	5	4	0	6	6	1	0	1	0	0	0	0	1	0
NZ_UGQW01000002.1	5p	+	8	906	1173	1024	837	3940	16	62	28	29	6	3	7	6	3	3	7	11	2	0	0	0	0	0	0	0	0
NZ_UGQW01000002.1	5p	+	9	927	1016	1112	884	3939	26	57	22	16	5	4	8	6	3	3	8	9	1	0	0	3	0	0	0	1	0
NZ_UGQW01000002.1	5p	+	10	936	1114	985	903	3938	23	59	22	27	3	1	8	4	3	2	6	10	0	0	1	0	0	2	0	0	0
NZ_UGQW01000002.1	5p	+	11	896	1172	1004	867	3939	25	50	20	37	3	2	6	10	3	2	4	6	0	0	0	4	0	1	0	0	0
NZ_UGQW01000002.1	5p	+	12	963	1024	1094	858	3939	15	43	24	19	4	3	6	6	2	3	7	5	0	0	2	0	1	0	0	0	0
NZ_UGQW01000002.1	5p	+	13	937	1068	995	939	3939	27	55	18	12	1	0	2	9	6	3	2	3	0	0	1	0	0	1	0	0	0
NZ_UGQW01000002.1	5p	+	14	892	1141	1001	906	3940	30	70	20	27	7	1	4	4	7	2	8	5	2	1	1	0	0	0	0	0	0
NZ_UGQW01000002.1	5p	+	15	905	1055	1060	918	3938	25	41	26	23	4	2	5	9	3	3	7	11	1	0	0	1	0	1	1	0	0
NZ_UGQW01000002.1	5p	+	16	935	1089	980	935	3939	16	52	17	20	0	0	4	3	3	1	7	8	0	0	1	1	1	0	0	0	0
NZ_UGQW01000002.1	5p	+	17	869	1148	1063	859	3939	31	46	27	26	5	4	8	6	4	3	5	7	0	1	0	0	0	0	0	1	0
NZ_UGQW01000002.1	5p	+	18	926	1056	1029	929	3940	22	42	14	23	2	2	5	9	3	1	8	7	2	0	0	0	0	0	0	0	0
NZ_UGQW01000002.1	5p	+	19	907	1118	1016	898	3939	14	44	18	13	5	0	3	4	2	2	8	6	0	1	1	0	0	1	0	0	0
NZ_UGQW01000002.1	5p	+	20	832	1164	1065	879	3940	31	61	10	30	4	3	6	4	3	1	3	15	1	0	1	2	0	0	0	0	0
NZ_UGQW01000002.1	5p	+	21	967	1055	1046	872	3940	23	51	15	21	6	3	2	8	6	4	9	4	0	0	0	1	0	0	0	0	0
NZ_UGQW01000002.1	5p	+	22	1011	1046	959	923	3939	22	57	16	21	3	3	4	8	5	0	10	7	0	1	2	0	0	1	0	0	0
NZ_UGQW01000002.1	5p	+	23	886	1155	1053	845	3939	27	73	28	21	2	3	5	9	1	2	12	7	0	0	0	1	0	0	1	0	0
NZ_UGQW01000002.1	5p	+	24	970	1070	1049	850	3939	30	51	24	18	2	0	4	7	4	1	8	9	0	1	1	1	1	0	0	0	0
NZ_UGQW01000002.1	5p	+	25	975	1074	959	932	3940	22	64	19	24	2	1	6	3	2	2	6	7	2	2	0	0	0	0	0	0	0
NZ_UGQW01000002.1	5p	+	26	894	1102	1054	890	3940	19	68	21	22	2	3	9	8	7	0	16	7	0	1	1	2	0	0	0	0	0
NZ_UGQW01000002.1	5p	+	27	927	1049	1061	902	3939	22	73	23	16	2	2	4	3	0	2	4	9	0	0	0	1	0	0	0	1	0
NZ_UGQW01000002.1	5p	+	28	943	1074	987	936	3940	24	86	16	28	5	3	7	4	10	4	4	9	0	1	0	0	0	0	0	0	0
NZ_UGQW01000002.1	5p	+	29	933	1085	1021	900	3939	13	86	27	20	9	2	4	6	3	3	9	13	0	0	1	1	0	1	0	0	0
NZ_UGQW01000002.1	5p	+	30	938	1012	1059	930	3939	22	117	24	14	3	3	9	5	10	6	13	12	0	0	0	0	1	0	0	0	0
NZ_UGQW01000002.1	5p	+	31	888	984	874	850	3596	23	111	14	15	4	3	3	4	2	0	5	8	0	0	0	0	0	0	0	0	0
NZ_UGQW01000002.1	5p	+	32	778	959	794	703	3234	25	104	15	16	2	5	3	5	1	3	6	7	0	0	0	0	0	1	0	0	0
NZ_UGQW01000002.1	5p	+	33	742	724	753	703	2922	17	90	11	13	5	1	3	1	3	1	7	5	0	0	0	0	0	1	0	0	0
NZ_UGQW01000002.1	5p	+	34	675	732	625	625	2657	15	72	11	12	3	3	3	4	0	0	1	5	0	0	1	0	0	1	0	0	0
NZ_UGQW01000002.1	5p	+	35	593	657	611	535	2396	17	83	8	8	0	3	1	5	1	0	4	6	0	0	0	0	0	0	0	0	0
NZ_UGQW01000002.1	5p	+	36	530	566	581	497	2174	16	76	11	10	1	2	4	3	2	0	2	8	0	0	0	1	0	0	0	0	0
NZ_UGQW01000002.1	5p	+	37	516	513	488	463	1980	13	69	8	9	1	2	1	3	1	0	7	5	0	1	1	0	0	0	0	0	0
NZ_UGQW01000002.1	5p	+	38	435	505	448	403	1791	10	63	7	10	1	1	1	2	1	0	3	3	0	0	1	0	0	0	0	0	0
NZ_UGQW01000002.1	5p	+	39	395	443	431	353	1622	6	53	11	11	2	0	2	6	1	1	4	2	0	0	0	0	0	0	0	0	0
NZ_UGQW01000002.1	5p	+	40	383	392	358	368	1501	7	56	8	6	1	1	0	1	1	1	2	3	0	0	0	0	0	0	0	0	0
NZ_UGQW01000002.1	5p	+	41	331	410	311	309	1361	6	46	11	10	1	0	0	4	0	1	2	3	0	0	0	0	0	0	0	0	0
NZ_UGQW01000002.1	5p	+	42	296	341	298	309	1244	6	55	9	5	0	2	1	0	4	0	0	2	0	0	0	0	0	0	0	0	0
NZ_UGQW01000002.1	5p	+	43	262	309	243	302	1116	5	45	9	6	0	0	1	0	1	0	1	2	0	0	1	0	0	0	0	0	0
NZ_UGQW01000002.1	5p	+	44	249	258	257	236	1000	10	37	6	3	3	0	1	1	0	1	2	1	1	0	0	0	0	0	0	0	0
NZ_UGQW01000002.1	5p	+	45	214	232	250	199	895	11	31	7	2	0	0	0	2	1	0	2	2	1	0	0	0	0	0	0	0	0
NZ_UGQW01000002.1	5p	+	46	226	213	185	180	804	2	29	4	2	0	1	2	2	0	0	0	1	0	1	0	0	0	0	0	0	0
NZ_UGQW01000002.1	5p	+	47	174	205	186	161	726	6	29	2	0	1	2	1	1	1	1	0	2	0	0	0	0	0	0	1	0	0
NZ_UGQW01000002.1	5p	+	48	163	193	162	137	655	3	29	5	4	0	0	1	1	0	0	0	0	0	0	0	0	0	0	0	0	0
NZ_UGQW01000002.1	5p	+	49	156	153	146	139	594	5	17	3	3	2	0	0	2	1	0	1	0	0	0	0	0	0	0	0	0	0
NZ_UGQW01000002.1	5p	+	50	121	142	148	117	528	1	15	0	3	2	0	0	0	0	0	0	2	0	0	0	0	0	0	0	0	0
NZ_UGQW01000002.1	5p	+	51	121	126	130	102	479	2	12	0	5	1	0	0	0	0	1	0	0	0	0	0	0	0	0	0	0	0
NZ_UGQW01000002.1	5p	+	52	124	115	101	105	445	3	12	1	3	0	0	1	0	0	0	0	0	0	0	0	0	0	0	0	0	0
NZ_UGQW01000002.1	5p	+	53	100	120	98	83	401	2	17	1	0	1	0	0	1	1	0	0	0	0	0	0	0	0	0	0	0	0
NZ_UGQW01000002.1	5p	+	54	112	86	84	71	353	2	10	7	0	0	1	0	0	0	0	0	1	0	0	0	0	0	0	0	0	0
NZ_UGQW01000002.1	5p	+	55	74	82	75	78	309	2	7	0	0	0	0	0	0	0	0	0	1	0	0	0	0	0	0	0	0	0
NZ_UGQW01000002.1	5p	+	56	68	81	60	76	285	2	9	3	2	0	1	0	0	1	0	0	0	0	0	0	0	0	0	0	0	0
NZ_UGQW01000002.1	5p	+	57	70	71	81	37	259	5	8	0	1	0	0	0	0	0	0	1	1	0	0	0	0	0	0	0	0	0
NZ_UGQW01000002.1	5p	+	58	70	64	65	45	244	0	2	1	0	1	0	0	0	1	0	0	0	0	0	0	0	0	0	0	0	0
NZ_UGQW01000002.1	5p	+	59	57	74	48	54	233	0	10	1	3	0	0	0	1	0	1	1	0	0	0	0	0	0	0	0	0	0
NZ_UGQW01000002.1	5p	+	60	50	57	55	48	210	1	9	1	0	0	0	0	1	0	0	0	0	0	0	0	0	0	0	0	0	0
NZ_UGQW01000002.1	5p	+	61	46	53	46	47	192	1	4	1	0	0	0	0	0	0	0	0	1	0	0	0	0	0	1	0	0	0
NZ_UGQW01000002.1	5p	+	62	37	47	39	51	174	1	3	1	0	0	0	0	1	1	0	0	1	0	0	0	0	0	0	0	0	0
NZ_UGQW01000002.1	5p	+	63	38	41	40	40	159	0	8	2	0	0	0	0	0	0	0	0	1	0	0	0	0	0	0	0	0	0
NZ_UGQW01000002.1	5p	+	64	36	46	28	40	150	1	10	1	2	1	0	0	0	0	0	0	0	0	0	0	0	0	0	0	0	0
NZ_UGQW01000002.1	5p	+	65	24	45	27	37	133	1	6	2	2	0	0	0	0	0	0	0	0	0	0	0	0	0	0	0	0	0
NZ_UGQW01000002.1	5p	+	66	28	33	27	26	114	1	4	2	1	1	0	0	0	0	0	1	0	0	0	0	0	0	0	0	0	0
NZ_UGQW01000002.1	5p	+	67	17	25	29	28	99	0	0	1	1	0	0	0	0	0	0	2	1	0	0	0	0	0	0	0	0	0
NZ_UGQW01000002.1	5p	+	68	19	29	20	23	91	2	3	0	3	0	0	0	1	0	0	0	1	0	0	0	0	0	0	0	0	0
NZ_UGQW01000002.1	5p	+	69	15	21	17	30	83	1	5	0	0	0	0	0	0	0	0	0	0	0	0	0	0	0	0	0	0	0
NZ_UGQW01000002.1	5p	+	70	13	18	23	23	77	0	3	0	0	0	1	0	0	0	0	1	0	0	0	0	0	0	0	0	0	0
NZ_UGQW01000002.1	5p	-	1	876	1145	648	1361	4030	20	446	17	16	4	7	3	5	6	4	4	4	0	0	0	0	0	0	0	0	0
NZ_UGQW01000002.1	5p	-	2	1158	1032	868	972	4030	30	205	16	15	5	10	3	10	4	1	7	15	0	0	0	0	0	0	0	0	0
NZ_UGQW01000002.1	5p	-	3	1027	942	1162	899	4030	26	111	26	28	6	1	5	5	2	1	8	5	0	0	0	0	0	0	0	0	0
NZ_UGQW01000002.1	5p	-	4	1064	1078	978	909	4029	24	128	18	18	6	2	3	5	4	2	1	6	0	0	0	1	1	0	0	0	0
NZ_UGQW01000002.1	5p	-	5	978	1166	1010	874	4028	24	99	21	32	6	0	4	7	2	1	6	11	0	0	0	2	0	1	0	1	0
NZ_UGQW01000002.1	5p	-	6	895	1031	1141	960	4027	29	87	23	24	3	3	3	2	4	2	4	10	0	0	1	1	0	0	2	1	0
NZ_UGQW01000002.1	5p	-	7	947	1153	1018	911	4029	25	65	18	16	4	1	6	6	3	3	8	12	1	0	0	1	1	0	0	0	0
NZ_UGQW01000002.1	5p	-	8	937	1058	1118	915	4028	26	60	22	23	2	1	6	8	6	3	7	7	0	0	1	0	0	1	0	1	0
NZ_UGQW01000002.1	5p	-	9	971	1051	1082	925	4029	22	66	21	23	7	3	8	9	3	2	10	8	0	0	0	2	1	0	0	0	0
NZ_UGQW01000002.1	5p	-	10	935	1124	962	1009	4030	24	58	20	23	5	5	5	9	5	2	2	4	0	0	0	1	0	0	0	0	0
NZ_UGQW01000002.1	5p	-	11	863	1099	1101	967	4030	26	54	16	26	3	1	5	3	3	2	9	9	0	0	0	1	0	0	0	0	0
NZ_UGQW01000002.1	5p	-	12	897	1057	1076	1000	4030	26	49	16	21	5	5	5	5	2	1	7	10	1	1	0	1	0	0	0	0	0
NZ_UGQW01000002.1	5p	-	13	880	1078	1064	1007	4029	29	38	16	24	2	5	2	4	3	5	7	5	0	0	0	2	0	1	0	0	0
NZ_UGQW01000002.1	5p	-	14	916	1088	1083	942	4029	38	44	25	27	7	4	2	5	3	2	7	6	0	0	3	0	0	0	0	1	0
NZ_UGQW01000002.1	5p	-	15	955	1086	1058	930	4029	23	44	27	15	6	0	6	8	5	0	5	7	1	2	0	1	0	1	0	0	0
NZ_UGQW01000002.1	5p	-	16	980	1055	1025	970	4030	17	41	21	23	4	1	4	4	6	3	5	14	0	3	0	2	0	0	0	0	0
NZ_UGQW01000002.1	5p	-	17	915	1113	1120	880	4028	20	60	26	25	2	3	5	4	3	2	11	4	0	0	1	1	2	0	0	0	0
NZ_UGQW01000002.1	5p	-	18	920	1036	1156	916	4028	31	55	22	21	2	5	4	7	4	1	12	3	0	0	1	0	2	0	0	0	0
NZ_UGQW01000002.1	5p	-	19	970	1098	1002	957	4027	18	44	19	19	5	4	1	8	2	0	5	10	0	0	1	2	2	1	0	0	0
NZ_UGQW01000002.1	5p	-	20	894	1099	1065	972	4030	25	50	19	21	8	8	6	5	6	3	11	11	0	1	0	1	0	0	0	0	0
NZ_UGQW01000002.1	5p	-	21	897	1009	1169	955	4030	29	50	24	25	4	3	7	5	4	1	6	6	2	0	1	0	0	0	0	0	0
NZ_UGQW01000002.1	5p	-	22	923	1107	1051	949	4030	28	56	14	30	6	1	6	4	5	2	4	4	0	0	0	2	0	0	0	0	0
NZ_UGQW01000002.1	5p	-	23	927	1124	1073	906	4030	31	51	22	22	5	3	4	8	3	3	11	4	0	0	2	0	0	0	0	0	0
NZ_UGQW01000002.1	5p	-	24	971	999	1089	968	4027	28	51	29	13	3	1	9	3	1	3	6	5	0	0	0	1	0	1	1	1	0
NZ_UGQW01000002.1	5p	-	25	942	1115	983	989	4029	23	64	27	18	3	3	5	4	4	3	8	5	0	0	2	0	0	1	0	0	0
NZ_UGQW01000002.1	5p	-	26	941	1087	1087	913	4028	30	77	24	26	2	1	3	4	12	4	8	10	0	1	0	2	2	0	0	0	0
NZ_UGQW01000002.1	5p	-	27	927	1080	1100	923	4030	31	81	16	29	1	2	7	6	5	5	8	10	0	0	0	0	0	0	0	0	0
NZ_UGQW01000002.1	5p	-	28	988	1060	1029	952	4029	23	71	24	23	1	1	5	6	2	0	10	6	1	0	1	1	1	0	0	0	0
NZ_UGQW01000002.1	5p	-	29	927	1106	1066	930	4029	19	85	16	16	3	3	10	6	7	2	7	13	1	1	0	1	1	0	0	0	0
NZ_UGQW01000002.1	5p	-	30	963	1069	1057	941	4030	25	116	24	16	4	7	7	6	4	1	17	7	0	0	1	1	0	0	0	0	0
NZ_UGQW01000002.1	5p	-	31	940	983	888	858	3669	19	129	21	9	2	4	3	3	5	2	6	4	0	0	1	1	0	0	0	0	0
NZ_UGQW01000002.1	5p	-	32	773	913	849	793	3328	21	99	12	18	2	4	4	6	2	1	5	5	0	0	0	1	0	1	0	1	0
NZ_UGQW01000002.1	5p	-	33	683	803	828	703	3017	22	89	21	12	2	5	4	2	2	2	8	7	0	0	0	1	1	0	0	0	0
NZ_UGQW01000002.1	5p	-	34	647	719	701	690	2757	9	87	14	10	2	0	2	3	0	2	2	1	0	0	0	1	0	2	0	0	0
NZ_UGQW01000002.1	5p	-	35	574	683	641	599	2497	11	77	14	9	2	2	2	5	3	3	3	4	0	0	0	0	1	0	1	0	0
NZ_UGQW01000002.1	5p	-	36	552	575	605	536	2268	15	70	10	10	0	2	4	2	1	1	3	6	0	0	0	0	0	1	0	0	0
NZ_UGQW01000002.1	5p	-	37	495	553	506	500	2054	7	65	5	8	3	0	2	2	4	0	3	4	0	1	0	0	0	0	0	0	0
NZ_UGQW01000002.1	5p	-	38	429	532	486	425	1872	9	60	12	15	2	1	3	4	1	2	3	7	0	1	0	1	1	0	1	1	0
NZ_UGQW01000002.1	5p	-	39	392	436	489	389	1706	12	58	10	8	2	1	2	2	2	2	6	2	1	0	0	1	1	0	0	0	0
NZ_UGQW01000002.1	5p	-	40	365	421	389	383	1558	10	55	9	10	2	0	2	1	1	1	3	3	1	0	0	0	0	0	0	0	0
NZ_UGQW01000002.1	5p	-	41	297	414	371	345	1427	6	55	0	12	1	0	2	5	2	1	4	2	0	1	0	0	0	0	1	0	0
NZ_UGQW01000002.1	5p	-	42	290	323	355	331	1299	5	50	6	7	1	1	0	2	1	1	2	6	0	0	0	1	0	0	0	0	0
NZ_UGQW01000002.1	5p	-	43	278	325	289	274	1166	8	46	6	5	1	2	0	1	3	2	1	4	0	0	0	0	1	0	0	0	0
NZ_UGQW01000002.1	5p	-	44	228	281	250	273	1032	9	34	5	5	2	0	2	1	0	1	3	2	0	0	0	0	0	0	0	0	0
NZ_UGQW01000002.1	5p	-	45	210	249	246	218	923	9	35	2	7	0	1	2	0	0	0	3	1	0	0	0	0	0	0	0	0	0
NZ_UGQW01000002.1	5p	-	46	195	211	205	216	827	3	33	5	1	1	3	0	2	1	0	1	3	0	0	0	1	0	0	0	1	0
NZ_UGQW01000002.1	5p	-	47	169	231	197	170	767	3	26	3	3	0	2	2	3	0	0	0	0	0	0	1	0	0	0	0	0	0
NZ_UGQW01000002.1	5p	-	48	178	183	171	171	703	4	18	2	4	1	1	1	2	2	0	0	2	0	0	1	0	0	0	0	0	0
NZ_UGQW01000002.1	5p	-	49	142	179	157	147	625	9	22	3	4	1	2	1	0	0	0	1	1	0	0	0	0	0	0	0	0	0
NZ_UGQW01000002.1	5p	-	50	127	171	131	126	555	1	19	2	0	1	1	0	0	0	0	0	0	0	0	0	1	1	0	0	1	0
NZ_UGQW01000002.1	5p	-	51	122	121	146	111	500	2	16	2	0	0	2	0	1	1	0	0	1	1	0	0	0	0	0	0	0	0
NZ_UGQW01000002.1	5p	-	52	101	128	110	121	460	1	19	2	1	0	0	1	3	1	0	2	3	0	0	0	0	0	0	0	0	0
NZ_UGQW01000002.1	5p	-	53	97	113	102	97	409	1	12	1	2	0	2	0	0	0	0	0	0	0	0	0	0	0	0	0	0	0
NZ_UGQW01000002.1	5p	-	54	81	91	79	98	349	1	12	1	3	0	0	0	0	0	1	1	3	0	0	0	0	0	0	0	0	0
NZ_UGQW01000002.1	5p	-	55	75	76	61	92	304	2	14	1	0	0	1	0	0	0	0	0	0	0	0	1	0	0	0	0	0	0
NZ_UGQW01000002.1	5p	-	56	71	73	47	74	265	0	12	0	1	0	1	0	0	0	1	0	0	0	0	0	1	0	0	0	0	0
NZ_UGQW01000002.1	5p	-	57	49	58	67	60	234	1	6	0	2	0	0	0	0	0	1	1	0	0	0	0	0	0	0	0	0	0
NZ_UGQW01000002.1	5p	-	58	54	60	52	49	215	3	6	2	1	0	0	0	0	0	0	0	0	0	0	0	0	0	0	0	0	0
NZ_UGQW01000002.1	5p	-	59	34	67	42	60	203	0	9	1	0	0	0	0	1	0	0	0	0	0	0	0	0	0	0	0	0	0
NZ_UGQW01000002.1	5p	-	60	48	50	39	42	179	0	6	1	0	0	1	1	0	0	0	0	1	0	0	0	0	0	0	0	0	0
NZ_UGQW01000002.1	5p	-	61	49	37	35	46	167	0	5	0	3	0	0	0	0	0	0	0	0	0	0	0	0	0	0	0	0	0
NZ_UGQW01000002.1	5p	-	62	36	39	31	47	153	0	6	0	1	0	0	0	0	0	0	1	0	0	0	0	0	0	0	0	0	0
NZ_UGQW01000002.1	5p	-	63	26	37	35	38	136	3	3	1	1	0	0	0	1	0	0	1	0	0	0	0	0	0	0	0	0	0
NZ_UGQW01000002.1	5p	-	64	30	33	28	33	124	0	2	0	0	0	0	0	0	0	0	0	0	0	0	0	0	0	0	0	0	0
NZ_UGQW01000002.1	5p	-	65	23	36	29	27	115	1	3	0	0	0	0	0	1	0	0	0	0	0	0	0	0	0	0	0	0	0
NZ_UGQW01000002.1	5p	-	66	26	24	32	23	105	1	3	1	1	0	0	0	0	0	0	0	0	0	0	0	0	0	0	0	0	0
NZ_UGQW01000002.1	5p	-	67	21	29	20	23	93	1	5	0	0	0	0	1	0	1	0	0	0	0	0	0	0	0	0	0	0	0
NZ_UGQW01000002.1	5p	-	68	25	23	17	18	83	1	6	1	0	0	0	0	0	0	0	0	1	0	0	0	0	0	0	0	0	0
NZ_UGQW01000002.1	5p	-	69	18	28	18	14	78	0	4	0	0	0	0	0	0	0	0	0	0	0	0	0	0	0	0	0	0	0
NZ_UGQW01000002.1	5p	-	70	14	14	25	16	69	1	0	1	0	0	0	0	0	0	0	0	0	0	0	0	0	0	0	0	0	0
