# table produced by mapDamage version 2.2.3
# using mapped file /mnt/archgen/microbiome_calculus/library_ds_vs_ss/04-analysis/normalize_kraken/mapping/neisseria_elongata/out/FUM003.A0101.SG1.1_5M.mapped_n_elongata_q25l30_rmdup.bam and /mnt/archgen/microbiome_calculus/library_ds_vs_ss/04-analysis/normalize_kraken/mapping/neisseria_elongata/input/GCF_900453895.1_42925_E01_genomic.fna as reference file
# Chr: reference from sam/bam header, End: from which termini of DNA sequences, Std: strand of reads
Chr	End	Std	Pos	A	C	G	T	Total	G>A	C>T	A>G	T>C	A>C	A>T	C>G	C>A	T>G	T>A	G>C	G>T	A>-	T>-	C>-	G>-	->A	->T	->C	->G	S
NZ_UGQW01000001.1	3p	+	1	27	24	20	25	96	5	0	0	1	0	0	0	0	1	0	1	0	0	0	0	0	0	0	0	0	0
NZ_UGQW01000001.1	3p	+	2	33	20	24	19	96	2	0	0	1	1	0	0	0	1	0	0	0	0	0	0	0	0	0	0	0	0
NZ_UGQW01000001.1	3p	+	3	18	34	25	19	96	4	0	1	3	0	0	0	1	0	0	1	0	0	0	0	0	0	0	0	0	0
NZ_UGQW01000001.1	3p	+	4	24	25	28	19	96	0	0	0	1	0	0	1	1	0	0	0	2	0	0	0	0	0	0	0	0	0
NZ_UGQW01000001.1	3p	+	5	12	23	32	29	96	1	0	1	0	0	0	2	0	2	1	2	0	0	0	0	0	0	0	0	0	0
NZ_UGQW01000001.1	3p	+	6	24	24	31	17	96	1	1	2	1	0	0	1	0	0	0	0	0	0	0	0	0	0	0	0	0	0
NZ_UGQW01000001.1	3p	+	7	21	36	17	22	96	1	1	2	1	0	0	1	0	0	0	0	0	0	0	0	0	0	0	0	0	0
NZ_UGQW01000001.1	3p	+	8	21	21	32	22	96	1	1	2	2	0	0	2	0	1	0	0	0	0	0	0	0	0	0	0	0	0
NZ_UGQW01000001.1	3p	+	9	16	33	28	19	96	0	0	1	0	0	0	0	0	0	0	0	0	0	0	0	0	0	0	0	0	0
NZ_UGQW01000001.1	3p	+	10	18	23	29	26	96	0	0	2	1	0	0	0	0	0	0	0	1	0	0	0	0	0	0	0	0	0
NZ_UGQW01000001.1	3p	+	11	19	29	30	18	96	3	0	1	2	0	0	1	0	0	0	0	0	0	0	0	0	0	0	0	0	0
NZ_UGQW01000001.1	3p	+	12	23	32	24	17	96	0	0	3	1	0	0	0	0	0	1	1	0	0	0	0	0	0	0	0	0	0
NZ_UGQW01000001.1	3p	+	13	23	26	30	17	96	2	1	0	0	0	0	0	0	0	0	0	0	0	0	0	0	0	0	0	0	0
NZ_UGQW01000001.1	3p	+	14	19	31	22	24	96	2	0	3	1	0	0	2	0	0	0	0	0	0	0	0	0	0	0	0	0	0
NZ_UGQW01000001.1	3p	+	15	20	24	30	22	96	1	0	1	0	0	0	0	0	1	0	1	0	0	0	0	0	0	0	0	0	0
NZ_UGQW01000001.1	3p	+	16	23	22	28	23	96	2	0	0	1	0	0	0	0	0	0	0	0	0	0	0	0	0	0	0	0	0
NZ_UGQW01000001.1	3p	+	17	23	27	32	14	96	0	0	2	1	0	0	1	0	0	0	1	0	0	0	0	0	0	0	0	0	0
NZ_UGQW01000001.1	3p	+	18	13	30	27	26	96	1	1	0	1	0	0	0	0	0	0	1	0	0	0	0	0	0	0	0	0	0
NZ_UGQW01000001.1	3p	+	19	24	30	23	19	96	1	1	0	0	1	0	0	0	1	0	0	0	0	0	0	0	0	0	0	0	0
NZ_UGQW01000001.1	3p	+	20	21	27	31	17	96	0	1	2	3	0	0	0	1	0	0	0	0	0	0	0	0	0	0	0	0	0
NZ_UGQW01000001.1	3p	+	21	20	35	20	21	96	1	2	1	0	0	0	0	1	0	0	0	0	0	1	0	0	0	0	0	0	0
NZ_UGQW01000001.1	3p	+	22	27	25	21	23	96	0	1	0	3	0	0	0	0	0	0	1	0	0	0	0	0	0	0	0	0	0
NZ_UGQW01000001.1	3p	+	23	22	22	32	20	96	0	0	1	1	0	0	0	0	0	0	1	1	0	0	0	0	0	0	0	0	0
NZ_UGQW01000001.1	3p	+	24	25	32	22	17	96	0	1	3	0	1	0	1	0	0	0	0	2	0	0	0	0	0	0	0	0	0
NZ_UGQW01000001.1	3p	+	25	20	32	22	22	96	1	0	0	0	0	1	0	0	0	0	0	0	0	0	0	0	0	0	0	0	0
NZ_UGQW01000001.1	3p	+	26	24	28	22	21	95	0	1	2	2	0	1	4	0	1	0	0	0	0	0	0	0	0	0	1	0	0
NZ_UGQW01000001.1	3p	+	27	18	30	30	18	96	0	2	0	0	1	0	0	0	1	0	0	1	0	0	0	0	0	0	0	0	0
NZ_UGQW01000001.1	3p	+	28	18	27	25	26	96	0	0	0	1	0	0	0	0	0	0	0	0	0	0	0	0	0	0	0	0	0
NZ_UGQW01000001.1	3p	+	29	15	29	31	21	96	0	0	1	2	0	0	0	0	0	0	0	0	0	0	0	0	0	0	0	0	0
NZ_UGQW01000001.1	3p	+	30	12	26	37	21	96	2	3	1	3	0	0	1	0	0	0	0	0	0	0	0	0	0	0	0	0	0
NZ_UGQW01000001.1	3p	+	31	21	21	26	25	93	0	2	0	0	0	0	1	0	0	0	0	1	0	0	0	0	0	0	0	0	0
NZ_UGQW01000001.1	3p	+	32	19	29	27	10	85	1	4	1	0	0	0	1	0	0	0	0	1	0	0	0	0	0	0	0	0	0
NZ_UGQW01000001.1	3p	+	33	10	29	26	11	76	1	0	0	1	1	0	0	0	0	0	1	0	0	0	0	0	0	0	0	0	0
NZ_UGQW01000001.1	3p	+	34	13	18	21	20	72	1	2	0	0	0	0	1	0	1	0	0	1	0	0	0	0	0	0	0	0	0
NZ_UGQW01000001.1	3p	+	35	16	13	21	13	63	0	1	0	0	0	0	0	0	0	0	0	0	0	0	0	0	0	0	0	0	0
NZ_UGQW01000001.1	3p	+	36	8	25	16	9	58	0	1	0	0	0	0	0	0	0	0	0	0	0	0	0	0	0	0	0	0	0
NZ_UGQW01000001.1	3p	+	37	11	20	11	14	56	1	1	0	0	0	0	0	1	0	0	0	0	0	0	0	0	0	0	0	0	0
NZ_UGQW01000001.1	3p	+	38	8	17	15	12	52	0	2	0	0	0	0	1	0	0	0	0	0	0	0	0	0	0	0	0	0	0
NZ_UGQW01000001.1	3p	+	39	6	11	19	12	48	0	1	1	0	0	0	0	0	0	0	0	0	0	0	0	0	0	0	0	0	0
NZ_UGQW01000001.1	3p	+	40	8	15	8	10	41	0	2	0	1	0	0	0	0	0	0	0	0	0	0	0	0	0	0	0	0	0
NZ_UGQW01000001.1	3p	+	41	9	13	8	10	40	0	2	0	0	0	0	0	0	0	0	0	0	0	0	0	0	0	0	0	0	0
NZ_UGQW01000001.1	3p	+	42	7	11	9	12	39	0	0	0	1	0	0	0	0	0	0	0	0	0	0	0	0	0	0	0	0	0
NZ_UGQW01000001.1	3p	+	43	10	9	7	9	35	0	2	2	0	0	0	0	0	0	0	0	0	0	0	0	0	0	0	0	0	0
NZ_UGQW01000001.1	3p	+	44	14	4	10	4	32	0	0	0	0	0	0	0	0	0	0	0	0	0	0	0	0	0	0	0	0	0
NZ_UGQW01000001.1	3p	+	45	10	8	3	8	29	0	1	1	0	0	0	0	0	0	0	0	0	0	0	0	0	0	0	0	0	0
NZ_UGQW01000001.1	3p	+	46	6	7	8	6	27	0	0	0	0	0	0	0	0	0	1	0	0	0	0	0	0	0	0	0	0	0
NZ_UGQW01000001.1	3p	+	47	8	7	6	4	25	0	0	0	0	1	0	0	0	0	0	0	0	0	0	0	0	0	0	0	0	0
NZ_UGQW01000001.1	3p	+	48	4	5	10	5	24	0	2	1	0	0	0	0	0	0	0	0	0	0	0	0	0	0	0	0	0	0
NZ_UGQW01000001.1	3p	+	49	3	6	7	5	21	0	1	0	0	0	0	0	0	1	0	0	0	0	0	0	0	0	0	0	0	0
NZ_UGQW01000001.1	3p	+	50	5	7	3	3	18	0	0	0	0	0	0	1	0	0	0	0	0	0	0	0	0	0	0	0	0	0
NZ_UGQW01000001.1	3p	+	51	5	6	5	2	18	0	0	1	1	0	0	0	0	0	0	0	0	0	0	0	0	0	0	0	0	0
NZ_UGQW01000001.1	3p	+	52	4	7	2	4	17	0	0	1	0	0	0	0	1	0	0	0	0	0	0	0	0	0	0	0	0	0
NZ_UGQW01000001.1	3p	+	53	3	6	3	4	16	0	0	0	2	0	0	0	0	0	0	0	0	0	0	0	0	0	0	0	0	0
NZ_UGQW01000001.1	3p	+	54	4	5	3	3	15	0	0	0	1	0	0	0	0	0	0	0	0	0	0	0	0	0	0	0	0	0
NZ_UGQW01000001.1	3p	+	55	6	3	4	0	13	0	0	1	0	0	0	0	0	0	0	0	0	0	0	0	0	0	0	0	0	0
NZ_UGQW01000001.1	3p	+	56	2	4	2	2	10	0	0	1	0	0	0	0	0	0	0	0	0	0	0	0	0	0	0	0	0	0
NZ_UGQW01000001.1	3p	+	57	2	2	4	1	9	0	0	1	1	0	0	0	0	0	0	0	0	0	0	0	0	0	0	0	0	0
NZ_UGQW01000001.1	3p	+	58	3	3	2	1	9	0	0	0	0	0	0	0	0	0	0	0	0	0	0	0	0	0	0	0	0	0
NZ_UGQW01000001.1	3p	+	59	1	4	3	0	8	0	0	0	0	0	0	0	0	0	0	0	0	0	0	0	0	0	0	0	0	0
NZ_UGQW01000001.1	3p	+	60	1	4	1	1	7	0	0	0	0	0	0	0	0	0	0	0	0	0	0	0	0	0	0	0	0	0
NZ_UGQW01000001.1	3p	+	61	2	2	2	1	7	0	0	0	0	0	0	0	0	0	0	0	0	0	0	0	0	0	0	0	0	0
NZ_UGQW01000001.1	3p	+	62	3	1	2	0	6	0	0	0	0	0	0	0	0	0	0	0	0	0	0	0	0	0	0	0	0	0
NZ_UGQW01000001.1	3p	+	63	0	5	1	0	6	0	1	0	0	0	0	0	0	0	0	0	0	0	0	0	0	0	0	0	0	0
NZ_UGQW01000001.1	3p	+	64	0	2	1	1	4	0	0	0	0	0	0	0	0	0	0	0	0	0	0	0	0	0	0	0	0	0
NZ_UGQW01000001.1	3p	+	65	0	1	2	1	4	0	0	0	0	0	0	0	0	0	0	0	0	0	0	0	0	0	0	0	0	0
NZ_UGQW01000001.1	3p	+	66	1	1	1	1	4	0	0	0	0	0	0	0	0	0	0	0	0	0	0	0	0	0	0	0	0	0
NZ_UGQW01000001.1	3p	+	67	2	0	1	1	4	0	0	0	0	0	0	0	0	0	0	0	0	0	0	0	0	0	0	0	0	0
NZ_UGQW01000001.1	3p	+	68	0	2	1	1	4	0	0	0	0	0	0	0	0	0	0	0	0	0	0	0	0	0	0	0	0	0
NZ_UGQW01000001.1	3p	+	69	1	3	0	0	4	0	0	0	0	0	0	1	0	0	0	0	0	0	0	0	0	0	0	0	0	0
NZ_UGQW01000001.1	3p	+	70	1	1	0	2	4	0	0	0	0	0	0	0	0	0	0	0	0	0	0	0	0	0	0	0	0	0
NZ_UGQW01000001.1	3p	-	1	37	17	42	15	111	7	0	0	0	0	0	0	0	0	0	0	1	0	0	0	0	0	0	0	0	0
NZ_UGQW01000001.1	3p	-	2	23	32	33	23	111	7	0	1	0	0	0	0	0	0	1	1	0	0	0	0	0	0	0	0	0	0
NZ_UGQW01000001.1	3p	-	3	17	40	29	24	110	2	0	1	1	0	0	2	0	1	0	1	0	0	0	0	0	0	0	0	1	0
NZ_UGQW01000001.1	3p	-	4	13	31	37	29	110	4	1	0	0	0	0	0	0	1	0	1	1	0	0	0	0	0	0	1	0	0
NZ_UGQW01000001.1	3p	-	5	23	33	35	20	111	1	2	2	2	1	0	1	0	0	0	0	0	0	0	0	0	0	0	0	0	0
NZ_UGQW01000001.1	3p	-	6	25	34	29	23	111	3	0	1	1	0	0	0	0	0	1	0	0	0	0	0	0	0	0	0	0	0
NZ_UGQW01000001.1	3p	-	7	28	35	33	15	111	1	3	1	1	3	0	0	0	0	0	1	0	0	0	0	0	0	0	0	0	0
NZ_UGQW01000001.1	3p	-	8	21	34	31	25	111	1	0	0	2	0	0	0	0	1	1	0	0	0	0	0	0	0	0	0	0	0
NZ_UGQW01000001.1	3p	-	9	25	31	36	19	111	1	2	1	1	0	0	0	0	0	0	1	0	0	0	0	0	0	0	0	0	0
NZ_UGQW01000001.1	3p	-	10	24	31	38	18	111	3	0	0	1	0	1	2	0	0	0	1	1	0	0	0	0	0	0	0	0	0
NZ_UGQW01000001.1	3p	-	11	29	35	27	20	111	1	0	3	2	0	1	0	0	0	1	0	0	0	0	0	0	0	0	0	0	0
NZ_UGQW01000001.1	3p	-	12	21	29	39	22	111	0	0	0	1	0	0	0	0	0	0	0	0	0	0	0	0	0	0	0	0	0
NZ_UGQW01000001.1	3p	-	13	22	30	24	35	111	0	1	1	3	0	0	1	1	1	0	0	0	0	0	0	0	0	0	0	0	0
NZ_UGQW01000001.1	3p	-	14	22	28	43	18	111	0	0	1	2	0	0	1	0	0	1	1	1	0	0	0	0	0	0	0	0	0
NZ_UGQW01000001.1	3p	-	15	27	38	28	18	111	1	0	3	1	0	0	1	0	0	0	0	0	0	0	0	0	0	0	0	0	0
NZ_UGQW01000001.1	3p	-	16	20	37	34	20	111	0	0	0	0	0	0	1	0	0	0	0	0	0	0	0	0	0	0	0	0	0
NZ_UGQW01000001.1	3p	-	17	22	32	32	25	111	1	1	0	1	0	0	0	0	2	1	1	0	0	0	0	0	0	0	0	0	0
NZ_UGQW01000001.1	3p	-	18	26	33	32	20	111	1	1	3	1	0	0	1	0	0	0	1	0	0	0	0	0	0	0	0	0	0
NZ_UGQW01000001.1	3p	-	19	24	27	36	24	111	1	1	2	3	1	0	2	0	1	0	0	0	0	0	0	0	0	0	0	0	0
NZ_UGQW01000001.1	3p	-	20	17	42	33	19	111	0	2	1	1	0	0	0	1	0	1	0	1	0	0	0	0	0	0	0	0	0
NZ_UGQW01000001.1	3p	-	21	20	34	37	20	111	1	0	2	2	0	0	0	0	0	0	0	0	0	0	0	0	0	0	0	0	0
NZ_UGQW01000001.1	3p	-	22	24	27	43	17	111	1	0	0	1	1	0	0	0	0	0	1	1	0	0	0	0	0	0	0	0	0
NZ_UGQW01000001.1	3p	-	23	19	33	31	28	111	2	0	2	6	0	0	2	0	0	0	0	0	0	0	0	0	0	0	0	0	0
NZ_UGQW01000001.1	3p	-	24	17	33	28	33	111	0	0	1	4	0	0	1	0	0	0	4	0	0	0	0	0	0	0	0	0	0
NZ_UGQW01000001.1	3p	-	25	24	35	34	18	111	1	0	0	2	0	1	0	1	0	0	0	0	0	0	0	0	0	0	0	0	0
NZ_UGQW01000001.1	3p	-	26	22	47	20	22	111	1	4	1	0	2	1	0	0	0	0	1	0	0	0	0	0	0	0	0	0	0
NZ_UGQW01000001.1	3p	-	27	26	26	35	24	111	2	0	2	1	1	1	0	1	0	0	1	0	0	0	0	0	0	0	0	0	0
NZ_UGQW01000001.1	3p	-	28	22	37	31	21	111	1	1	1	1	0	0	0	0	0	0	1	1	0	0	0	0	0	0	0	0	0
NZ_UGQW01000001.1	3p	-	29	25	41	26	19	111	1	4	1	1	1	0	1	1	0	1	0	0	0	0	0	0	0	0	0	0	0
NZ_UGQW01000001.1	3p	-	30	23	22	36	30	111	1	3	0	1	1	0	1	0	0	0	1	0	0	0	0	0	0	0	0	0	0
NZ_UGQW01000001.1	3p	-	31	23	28	25	21	97	0	0	1	0	0	0	0	0	0	0	0	0	0	0	0	0	0	0	0	0	0
NZ_UGQW01000001.1	3p	-	32	21	30	19	20	90	0	2	1	0	0	0	0	0	0	0	0	0	0	0	0	0	0	0	0	0	0
NZ_UGQW01000001.1	3p	-	33	14	21	25	23	83	0	2	1	2	0	0	1	0	0	0	1	0	0	0	0	0	0	0	0	0	0
NZ_UGQW01000001.1	3p	-	34	17	25	12	22	76	1	0	0	1	0	0	0	0	0	0	0	0	0	0	0	0	0	0	0	0	0
NZ_UGQW01000001.1	3p	-	35	15	17	21	17	70	1	3	1	0	0	0	0	0	0	0	0	0	0	0	0	0	0	0	0	0	0
NZ_UGQW01000001.1	3p	-	36	13	15	18	14	60	0	0	1	0	0	0	1	0	0	0	0	0	0	0	0	0	0	0	0	0	0
NZ_UGQW01000001.1	3p	-	37	7	13	20	13	53	2	0	2	0	0	0	1	0	0	0	0	1	0	0	0	0	0	0	0	0	0
NZ_UGQW01000001.1	3p	-	38	11	13	15	10	49	0	0	1	0	0	0	0	0	0	0	1	1	0	0	0	0	0	0	0	0	0
NZ_UGQW01000001.1	3p	-	39	8	20	7	11	46	0	3	0	0	0	0	0	0	1	0	0	0	0	0	0	0	0	0	0	0	0
NZ_UGQW01000001.1	3p	-	40	13	14	11	8	46	0	2	1	0	0	0	0	0	0	1	0	0	0	0	0	0	0	0	0	0	0
NZ_UGQW01000001.1	3p	-	41	11	14	7	10	42	1	0	0	0	0	0	1	0	0	0	0	1	0	0	0	0	0	0	0	0	0
NZ_UGQW01000001.1	3p	-	42	7	15	10	8	40	0	2	0	0	0	0	0	0	0	0	0	0	0	0	0	0	0	0	0	0	0
NZ_UGQW01000001.1	3p	-	43	6	11	13	6	36	1	1	0	0	0	0	0	0	1	0	0	0	0	0	0	0	0	0	0	0	0
NZ_UGQW01000001.1	3p	-	44	4	7	10	9	30	1	1	0	0	0	0	0	0	0	0	0	0	0	0	0	0	0	0	0	0	0
NZ_UGQW01000001.1	3p	-	45	8	5	8	8	29	0	1	1	1	0	0	0	0	0	0	1	1	0	0	0	0	0	0	0	0	0
NZ_UGQW01000001.1	3p	-	46	7	5	10	5	27	1	0	0	0	0	0	0	0	0	0	0	0	0	0	0	0	0	0	0	0	0
NZ_UGQW01000001.1	3p	-	47	5	7	11	3	26	0	0	0	0	0	0	0	0	0	0	0	0	0	0	0	0	0	0	0	0	0
NZ_UGQW01000001.1	3p	-	48	3	6	8	9	26	0	0	0	1	0	0	0	0	0	0	0	0	0	0	0	0	0	0	0	0	0
NZ_UGQW01000001.1	3p	-	49	5	4	9	6	24	0	0	0	0	0	0	0	0	0	0	0	0	0	0	0	0	0	0	0	0	0
NZ_UGQW01000001.1	3p	-	50	4	6	3	7	20	0	0	0	0	0	0	0	0	0	0	0	0	0	0	0	0	0	0	0	0	0
NZ_UGQW01000001.1	3p	-	51	6	3	5	4	18	1	0	0	0	0	0	0	0	0	0	0	0	0	0	0	0	0	0	0	0	0
NZ_UGQW01000001.1	3p	-	52	2	6	7	2	17	0	0	0	0	0	0	0	0	0	0	0	0	0	0	0	0	0	0	0	0	0
NZ_UGQW01000001.1	3p	-	53	3	5	2	5	15	0	0	0	0	0	0	0	0	0	0	0	0	0	0	0	0	0	0	0	0	0
NZ_UGQW01000001.1	3p	-	54	3	5	2	1	11	0	0	0	0	0	0	0	0	0	0	1	0	0	0	0	0	0	0	0	0	0
NZ_UGQW01000001.1	3p	-	55	1	2	7	0	10	0	0	0	0	0	0	0	0	0	0	0	0	0	0	0	0	0	0	0	0	0
NZ_UGQW01000001.1	3p	-	56	3	2	4	1	10	0	0	0	0	0	0	0	0	0	0	0	0	0	0	0	0	0	0	0	0	0
NZ_UGQW01000001.1	3p	-	57	2	5	0	3	10	0	0	0	0	0	0	0	1	0	0	0	0	0	0	0	0	0	0	0	0	0
NZ_UGQW01000001.1	3p	-	58	1	4	2	2	9	0	0	0	0	0	0	0	0	0	0	0	0	0	0	0	0	0	0	0	0	0
NZ_UGQW01000001.1	3p	-	59	0	0	5	4	9	0	0	0	0	0	0	0	0	0	0	0	0	0	0	0	0	0	0	0	0	0
NZ_UGQW01000001.1	3p	-	60	1	2	0	4	7	0	0	0	1	0	0	0	0	0	0	0	0	0	0	0	0	0	0	0	0	0
NZ_UGQW01000001.1	3p	-	61	2	1	1	2	6	0	0	0	1	0	0	0	0	0	0	0	0	0	0	0	0	0	0	0	0	0
NZ_UGQW01000001.1	3p	-	62	0	2	1	1	4	0	0	0	0	0	0	0	0	0	0	0	0	0	0	0	0	0	0	0	0	0
NZ_UGQW01000001.1	3p	-	63	0	0	3	1	4	0	0	0	0	0	0	0	0	0	0	0	0	0	0	0	0	0	0	0	0	0
NZ_UGQW01000001.1	3p	-	64	1	1	2	0	4	0	0	0	0	0	0	0	0	0	0	0	0	0	0	0	0	0	0	0	0	0
NZ_UGQW01000001.1	3p	-	65	1	2	0	1	4	0	0	0	0	0	0	0	0	0	0	0	0	0	0	0	0	0	0	0	0	0
NZ_UGQW01000001.1	3p	-	66	2	0	1	1	4	0	0	1	0	0	0	0	0	0	0	0	0	0	0	0	0	0	0	0	0	0
NZ_UGQW01000001.1	3p	-	67	3	1	0	0	4	0	0	1	0	0	0	0	0	0	0	0	0	0	0	0	0	0	0	0	0	0
NZ_UGQW01000001.1	3p	-	68	1	2	0	1	4	0	0	0	0	0	0	0	0	0	0	0	0	0	0	0	0	0	0	0	0	0
NZ_UGQW01000001.1	3p	-	69	0	0	3	1	4	0	0	0	0	0	0	0	0	0	0	0	0	0	0	0	0	0	0	0	0	0
NZ_UGQW01000001.1	3p	-	70	0	0	4	0	4	0	0	0	0	0	0	0	0	0	0	0	0	0	0	0	0	0	0	0	0	0
NZ_UGQW01000001.1	5p	+	1	14	24	23	35	96	0	5	1	2	0	0	0	1	0	0	0	2	0	0	0	0	0	0	0	0	0
NZ_UGQW01000001.1	5p	+	2	18	35	20	23	96	0	5	1	2	0	0	1	1	0	0	0	0	0	0	0	0	0	0	0	0	0
NZ_UGQW01000001.1	5p	+	3	21	24	28	23	96	0	1	1	3	0	0	1	0	0	0	0	0	0	0	0	0	0	0	0	0	0
NZ_UGQW01000001.1	5p	+	4	24	19	31	22	96	0	1	1	0	0	0	0	0	0	0	0	1	0	0	0	0	0	0	0	0	0
NZ_UGQW01000001.1	5p	+	5	14	32	31	19	96	0	2	1	1	0	0	1	0	0	0	0	0	0	0	0	0	0	0	0	0	0
NZ_UGQW01000001.1	5p	+	6	18	32	33	13	96	0	2	1	2	0	0	2	0	0	0	1	0	0	0	0	0	0	0	0	0	0
NZ_UGQW01000001.1	5p	+	7	20	22	32	22	96	0	2	0	2	0	0	0	0	1	0	0	0	0	0	0	0	0	0	0	0	0
NZ_UGQW01000001.1	5p	+	8	22	33	21	19	95	0	1	2	0	2	0	2	0	0	0	0	1	0	0	0	0	0	0	1	0	0
NZ_UGQW01000001.1	5p	+	9	20	21	31	24	96	2	2	1	0	1	1	1	0	0	0	0	0	0	0	0	0	0	0	0	0	0
NZ_UGQW01000001.1	5p	+	10	25	28	21	22	96	0	1	2	1	0	0	0	0	0	1	0	0	0	0	0	0	0	0	0	0	0
NZ_UGQW01000001.1	5p	+	11	19	35	14	28	96	0	2	0	0	0	0	0	0	2	0	0	0	0	0	0	0	0	0	0	0	0
NZ_UGQW01000001.1	5p	+	12	18	27	32	19	96	2	1	3	0	0	0	1	0	0	0	0	2	0	0	0	0	0	0	0	0	0
NZ_UGQW01000001.1	5p	+	13	26	29	26	15	96	0	2	0	1	0	0	0	0	0	0	1	0	0	1	0	0	0	0	0	0	0
NZ_UGQW01000001.1	5p	+	14	22	35	24	15	96	0	2	0	0	0	0	0	0	1	0	0	0	0	0	0	0	0	0	0	0	0
NZ_UGQW01000001.1	5p	+	15	20	27	28	21	96	0	0	3	1	0	0	0	0	0	0	1	0	0	0	0	0	0	0	0	0	0
NZ_UGQW01000001.1	5p	+	16	27	29	26	14	96	0	1	0	1	1	0	2	0	0	0	0	0	0	0	0	0	0	0	0	0	0
NZ_UGQW01000001.1	5p	+	17	20	24	32	20	96	2	0	0	0	0	0	1	0	0	0	0	0	0	0	0	0	0	0	0	0	0
NZ_UGQW01000001.1	5p	+	18	15	33	30	18	96	0	2	2	2	0	0	0	0	0	0	0	0	0	0	0	0	0	0	0	0	0
NZ_UGQW01000001.1	5p	+	19	17	33	24	22	96	0	2	3	1	0	0	2	0	0	0	0	0	0	0	0	0	0	0	0	0	0
NZ_UGQW01000001.1	5p	+	20	21	23	30	22	96	0	1	2	1	0	0	0	0	1	0	1	0	0	0	0	0	0	0	0	0	0
NZ_UGQW01000001.1	5p	+	21	22	26	32	16	96	1	0	3	0	0	0	1	0	0	0	0	0	0	0	0	0	0	0	0	0	0
NZ_UGQW01000001.1	5p	+	22	25	32	22	17	96	0	1	2	1	0	0	0	1	0	0	1	2	0	0	0	0	0	0	0	0	0
NZ_UGQW01000001.1	5p	+	23	23	26	33	14	96	1	0	4	0	0	0	0	0	0	0	0	0	0	0	0	0	0	0	0	0	0
NZ_UGQW01000001.1	5p	+	24	28	34	19	15	96	1	1	0	2	0	0	1	0	0	0	0	0	0	0	0	0	0	0	0	0	0
NZ_UGQW01000001.1	5p	+	25	17	24	24	31	96	1	1	2	3	0	0	0	0	1	0	0	0	0	0	0	0	0	0	0	0	0
NZ_UGQW01000001.1	5p	+	26	19	34	32	11	96	2	2	1	0	0	0	1	0	0	0	0	0	0	0	0	0	0	0	0	0	0
NZ_UGQW01000001.1	5p	+	27	16	34	31	15	96	2	1	0	0	0	0	0	0	0	0	0	0	0	0	0	0	0	0	0	0	0
NZ_UGQW01000001.1	5p	+	28	23	25	25	23	96	0	0	0	1	0	0	1	0	0	0	0	0	0	0	0	0	0	0	0	0	0
NZ_UGQW01000001.1	5p	+	29	23	24	27	22	96	2	0	1	1	0	1	2	0	0	0	1	0	0	0	0	0	0	0	0	0	0
NZ_UGQW01000001.1	5p	+	30	18	23	34	21	96	1	0	1	0	0	0	1	0	0	0	1	0	0	0	0	0	0	0	0	0	0
NZ_UGQW01000001.1	5p	+	31	16	28	25	24	93	2	1	0	2	0	0	0	0	1	1	0	0	0	0	0	0	0	0	0	0	0
NZ_UGQW01000001.1	5p	+	32	14	33	22	16	85	3	0	1	0	0	0	1	0	1	0	0	0	0	0	0	0	0	0	0	0	0
NZ_UGQW01000001.1	5p	+	33	13	21	23	19	76	1	0	1	0	0	0	0	1	0	0	0	0	0	0	0	0	0	0	0	0	0
NZ_UGQW01000001.1	5p	+	34	19	15	21	17	72	1	0	0	0	0	0	0	0	0	0	0	0	0	0	0	0	0	0	0	0	0
NZ_UGQW01000001.1	5p	+	35	14	18	18	13	63	2	0	0	1	0	0	0	1	0	0	0	1	0	0	0	0	0	0	0	0	0
NZ_UGQW01000001.1	5p	+	36	15	13	11	19	58	1	0	0	2	1	0	0	0	0	0	0	0	0	0	0	0	0	0	0	0	0
NZ_UGQW01000001.1	5p	+	37	7	19	14	16	56	0	0	2	0	0	0	0	0	0	0	0	0	0	0	0	0	0	0	0	0	0
NZ_UGQW01000001.1	5p	+	38	6	17	15	14	52	0	0	1	0	0	0	0	0	1	0	0	0	0	0	0	0	0	0	0	0	0
NZ_UGQW01000001.1	5p	+	39	14	15	8	11	48	0	1	0	1	0	0	0	0	0	0	0	0	0	0	0	0	0	0	0	0	0
NZ_UGQW01000001.1	5p	+	40	13	7	11	10	41	1	0	0	1	0	0	0	0	0	0	0	1	0	0	0	0	0	0	0	0	0
NZ_UGQW01000001.1	5p	+	41	11	16	7	6	40	0	0	0	1	0	0	0	0	0	0	0	0	0	0	0	0	0	0	0	0	0
NZ_UGQW01000001.1	5p	+	42	8	11	11	9	39	0	0	0	0	0	0	1	0	0	1	1	0	0	0	0	0	0	0	0	0	0
NZ_UGQW01000001.1	5p	+	43	9	12	7	7	35	1	0	0	0	0	0	0	0	1	0	0	0	0	0	0	0	0	0	0	0	0
NZ_UGQW01000001.1	5p	+	44	10	6	12	4	32	1	0	0	0	0	0	0	1	0	0	1	0	0	0	0	0	0	0	0	0	0
NZ_UGQW01000001.1	5p	+	45	9	8	7	5	29	1	0	0	0	0	0	0	0	0	0	0	0	0	0	0	0	0	0	0	0	0
NZ_UGQW01000001.1	5p	+	46	5	9	5	8	27	0	0	0	0	0	0	0	0	0	0	0	0	0	0	0	0	0	0	0	0	0
NZ_UGQW01000001.1	5p	+	47	8	8	4	5	25	1	0	0	1	0	0	0	0	0	0	0	0	0	0	0	0	0	0	0	0	0
NZ_UGQW01000001.1	5p	+	48	10	6	3	5	24	1	0	1	0	0	0	1	0	0	0	0	0	0	0	0	0	0	0	0	0	0
NZ_UGQW01000001.1	5p	+	49	7	4	7	3	21	1	0	0	0	0	0	0	0	0	0	0	0	0	0	0	0	0	0	0	0	0
NZ_UGQW01000001.1	5p	+	50	5	5	4	4	18	0	0	0	0	1	0	0	0	0	0	0	0	0	0	0	0	0	0	0	0	0
NZ_UGQW01000001.1	5p	+	51	3	6	4	5	18	1	0	0	0	0	0	0	0	1	0	0	0	0	0	0	0	0	0	0	0	0
NZ_UGQW01000001.1	5p	+	52	4	4	6	3	17	0	0	0	0	0	0	0	0	0	0	0	0	0	0	0	0	0	0	0	0	0
NZ_UGQW01000001.1	5p	+	53	1	5	8	2	16	0	0	0	0	0	0	0	0	0	0	0	0	0	0	0	0	0	0	0	0	0
NZ_UGQW01000001.1	5p	+	54	5	3	5	2	15	0	0	0	0	0	0	0	0	0	0	1	0	0	0	0	0	0	0	0	0	0
NZ_UGQW01000001.1	5p	+	55	4	4	4	1	13	0	0	0	0	0	0	0	0	0	0	0	0	0	0	0	0	0	0	0	0	0
NZ_UGQW01000001.1	5p	+	56	3	2	3	2	10	0	0	0	0	0	0	0	0	0	0	0	0	0	0	0	0	0	0	0	0	0
NZ_UGQW01000001.1	5p	+	57	2	3	3	1	9	0	0	1	1	0	0	0	0	0	0	0	0	0	0	0	0	0	0	0	0	0
NZ_UGQW01000001.1	5p	+	58	2	1	5	1	9	0	0	0	0	0	0	0	0	0	0	0	0	0	0	0	0	0	0	0	0	0
NZ_UGQW01000001.1	5p	+	59	2	3	2	1	8	0	0	0	0	0	0	0	0	0	0	0	0	0	0	0	0	0	0	0	0	0
NZ_UGQW01000001.1	5p	+	60	0	4	3	0	7	0	0	0	0	0	0	0	0	0	0	0	0	0	0	0	0	0	0	0	0	0
NZ_UGQW01000001.1	5p	+	61	1	1	1	4	7	0	0	0	0	0	0	0	0	0	0	0	0	0	0	0	0	0	0	0	0	0
NZ_UGQW01000001.1	5p	+	62	2	2	2	0	6	0	0	0	0	0	0	0	0	0	0	0	0	0	0	0	0	0	0	0	0	0
NZ_UGQW01000001.1	5p	+	63	0	2	1	3	6	0	0	0	1	0	0	0	0	0	0	0	0	0	0	0	0	0	0	0	0	0
NZ_UGQW01000001.1	5p	+	64	1	1	2	0	4	0	0	0	0	0	0	0	0	0	0	0	0	0	0	0	0	0	0	0	0	0
NZ_UGQW01000001.1	5p	+	65	2	0	2	0	4	0	0	1	0	0	0	0	0	0	0	0	0	0	0	0	0	0	0	0	0	0
NZ_UGQW01000001.1	5p	+	66	1	2	1	0	4	0	0	0	0	0	0	0	0	0	0	0	0	0	0	0	0	0	0	0	0	0
NZ_UGQW01000001.1	5p	+	67	2	0	1	1	4	0	0	0	0	0	0	0	0	0	0	0	0	0	0	0	0	0	0	0	0	0
NZ_UGQW01000001.1	5p	+	68	1	2	0	1	4	0	0	0	0	0	0	0	0	0	0	0	0	0	0	0	0	0	0	0	0	0
NZ_UGQW01000001.1	5p	+	69	1	0	1	2	4	0	0	0	0	0	0	0	0	0	0	0	0	0	0	0	0	0	0	0	0	0
NZ_UGQW01000001.1	5p	+	70	1	1	1	1	4	0	0	0	0	0	0	0	0	0	0	0	0	0	0	0	0	0	0	0	0	0
NZ_UGQW01000001.1	5p	-	1	14	35	23	39	111	0	8	0	0	0	0	0	0	0	0	1	0	0	0	0	0	0	0	0	0	0
NZ_UGQW01000001.1	5p	-	2	22	32	27	30	111	1	3	0	2	0	1	0	0	0	1	2	1	0	0	0	0	0	0	0	0	0
NZ_UGQW01000001.1	5p	-	3	23	31	29	28	111	1	2	2	0	0	1	0	1	0	1	1	0	0	0	0	0	0	0	0	0	0
NZ_UGQW01000001.1	5p	-	4	34	36	24	17	111	1	3	3	0	1	0	0	0	0	0	1	0	0	0	0	0	0	0	0	0	0
NZ_UGQW01000001.1	5p	-	5	35	30	20	26	111	1	1	2	1	0	1	0	1	0	0	0	0	0	0	0	0	0	0	0	0	0
NZ_UGQW01000001.1	5p	-	6	20	32	39	20	111	0	0	0	1	0	0	1	0	0	0	2	1	0	0	0	0	0	0	0	0	0
NZ_UGQW01000001.1	5p	-	7	23	37	31	20	111	0	2	1	0	0	0	0	1	0	0	1	1	0	0	0	0	0	0	0	0	0
NZ_UGQW01000001.1	5p	-	8	21	28	35	27	111	0	0	2	1	1	0	0	0	1	0	0	0	0	0	0	0	0	0	0	0	0
NZ_UGQW01000001.1	5p	-	9	24	36	30	21	111	2	0	0	1	1	2	1	0	0	0	1	2	0	0	0	0	0	0	0	0	0
NZ_UGQW01000001.1	5p	-	10	19	43	24	25	111	1	1	2	1	0	0	0	0	0	0	0	0	0	0	0	0	0	0	0	0	0
NZ_UGQW01000001.1	5p	-	11	25	28	37	21	111	2	2	4	0	0	0	1	0	0	1	0	0	0	0	0	0	0	0	0	0	0
NZ_UGQW01000001.1	5p	-	12	18	40	29	24	111	0	2	1	2	0	0	1	0	0	0	1	0	0	0	0	0	0	0	0	0	0
NZ_UGQW01000001.1	5p	-	13	27	32	34	18	111	1	0	2	1	1	0	1	0	0	0	1	1	0	0	0	0	0	0	0	0	0
NZ_UGQW01000001.1	5p	-	14	28	28	30	25	111	0	0	3	3	0	0	1	0	0	0	0	0	0	0	0	0	0	0	0	0	0
NZ_UGQW01000001.1	5p	-	15	22	26	37	26	111	1	1	1	5	0	0	0	0	1	0	0	0	0	0	0	0	0	0	0	0	0
NZ_UGQW01000001.1	5p	-	16	19	32	35	25	111	3	1	0	3	1	0	1	0	0	0	0	0	0	0	0	0	0	0	0	0	0
NZ_UGQW01000001.1	5p	-	17	17	32	37	25	111	2	0	1	2	0	0	1	0	0	1	2	0	0	0	0	0	0	0	0	0	0
NZ_UGQW01000001.1	5p	-	18	25	32	33	21	111	1	1	1	3	0	0	0	0	1	0	2	0	0	0	0	0	0	0	0	0	0
NZ_UGQW01000001.1	5p	-	19	25	33	32	21	111	0	1	1	2	0	0	0	0	0	0	0	0	0	0	0	0	0	0	0	0	0
NZ_UGQW01000001.1	5p	-	20	32	21	35	23	111	0	1	0	2	1	0	1	0	1	1	0	0	0	0	0	0	0	0	0	0	0
NZ_UGQW01000001.1	5p	-	21	24	39	28	20	111	1	1	1	1	0	0	2	0	0	0	1	0	0	0	0	0	0	0	0	0	0
NZ_UGQW01000001.1	5p	-	22	22	30	35	24	111	0	1	1	0	1	0	1	1	0	1	1	0	0	0	0	0	0	0	0	0	0
NZ_UGQW01000001.1	5p	-	23	17	31	39	24	111	1	0	1	0	0	0	0	0	0	0	0	0	0	0	0	0	0	0	0	0	0
NZ_UGQW01000001.1	5p	-	24	18	37	37	19	111	1	1	0	1	0	0	1	0	0	0	0	0	0	0	0	0	0	0	0	0	0
NZ_UGQW01000001.1	5p	-	25	17	37	33	24	111	3	0	1	1	0	0	2	0	0	0	0	0	0	0	0	0	0	0	0	0	0
NZ_UGQW01000001.1	5p	-	26	24	33	27	27	111	2	0	0	1	1	0	2	0	0	0	0	0	0	0	0	0	0	0	0	0	0
NZ_UGQW01000001.1	5p	-	27	18	32	43	18	111	1	1	0	1	0	1	0	0	0	1	0	0	0	0	0	0	0	0	0	0	0
NZ_UGQW01000001.1	5p	-	28	18	39	35	19	111	2	1	3	1	0	0	0	0	0	0	0	0	0	0	0	0	0	0	0	0	0
NZ_UGQW01000001.1	5p	-	29	17	30	39	25	111	3	2	1	2	0	0	0	0	1	0	0	1	0	0	0	0	0	0	0	0	0
NZ_UGQW01000001.1	5p	-	30	28	26	33	24	111	3	1	0	1	1	0	0	0	0	0	0	0	0	0	0	0	0	0	0	0	0
NZ_UGQW01000001.1	5p	-	31	23	23	34	17	97	3	0	1	1	0	0	1	0	1	0	0	2	0	0	0	0	0	0	0	0	0
NZ_UGQW01000001.1	5p	-	32	23	29	18	20	90	0	0	2	0	0	0	1	0	1	0	0	0	0	0	0	0	0	0	0	0	0
NZ_UGQW01000001.1	5p	-	33	19	24	26	14	83	1	0	1	0	0	0	0	0	1	0	0	0	0	0	0	0	0	0	0	0	0
NZ_UGQW01000001.1	5p	-	34	17	24	17	18	76	1	1	0	0	0	0	1	0	0	0	2	0	0	0	0	0	0	0	0	0	0
NZ_UGQW01000001.1	5p	-	35	13	26	14	17	70	1	0	0	0	0	0	0	0	0	1	0	0	0	0	0	0	0	0	0	0	0
NZ_UGQW01000001.1	5p	-	36	22	20	11	7	60	0	0	0	0	0	0	0	0	0	0	0	0	0	0	0	0	0	0	0	0	0
NZ_UGQW01000001.1	5p	-	37	12	13	17	10	52	2	1	0	1	0	0	0	1	0	0	0	1	0	0	0	0	0	0	1	0	0
NZ_UGQW01000001.1	5p	-	38	16	13	14	6	49	3	0	0	0	0	0	0	0	0	0	0	0	0	0	0	0	0	0	0	0	0
NZ_UGQW01000001.1	5p	-	39	13	12	12	9	46	0	0	1	0	0	0	0	0	0	0	0	1	0	0	0	0	0	0	0	0	0
NZ_UGQW01000001.1	5p	-	40	6	14	16	10	46	1	0	0	2	0	0	1	0	0	0	0	0	0	0	0	0	0	0	0	0	0
NZ_UGQW01000001.1	5p	-	41	11	8	13	10	42	0	0	2	0	0	0	0	0	0	0	0	0	0	0	0	0	0	0	0	0	0
NZ_UGQW01000001.1	5p	-	42	8	14	8	10	40	2	0	0	1	0	0	0	0	0	0	0	0	0	0	0	0	0	0	0	0	0
NZ_UGQW01000001.1	5p	-	43	6	12	11	7	36	0	0	0	0	0	0	0	0	1	0	0	0	0	0	0	0	0	0	0	0	0
NZ_UGQW01000001.1	5p	-	44	5	8	11	6	30	0	0	0	0	0	1	0	0	0	0	1	0	0	0	0	0	0	0	0	0	0
NZ_UGQW01000001.1	5p	-	45	3	8	13	5	29	0	0	0	0	0	0	0	0	0	1	0	0	0	0	0	0	0	0	0	0	0
NZ_UGQW01000001.1	5p	-	46	5	11	9	2	27	1	1	1	0	0	0	1	0	0	0	0	0	0	0	0	0	0	0	0	0	0
NZ_UGQW01000001.1	5p	-	47	8	9	3	6	26	1	1	0	0	2	0	0	0	0	0	0	0	0	0	0	0	0	0	0	0	0
NZ_UGQW01000001.1	5p	-	48	4	9	8	5	26	1	0	0	1	0	0	0	0	0	0	0	0	0	0	0	0	0	0	0	0	0
NZ_UGQW01000001.1	5p	-	49	1	10	9	4	24	0	0	0	0	0	0	0	0	0	0	0	0	0	0	0	0	0	0	0	0	0
NZ_UGQW01000001.1	5p	-	50	5	3	7	5	20	0	0	0	0	0	0	0	0	0	0	0	0	0	0	0	0	0	0	0	0	0
NZ_UGQW01000001.1	5p	-	51	1	5	7	5	18	1	1	0	0	0	0	0	0	0	0	0	0	0	0	0	0	0	0	0	0	0
NZ_UGQW01000001.1	5p	-	52	2	2	7	6	17	1	0	0	1	0	0	0	0	0	0	0	0	0	0	0	0	0	0	0	0	0
NZ_UGQW01000001.1	5p	-	53	2	3	4	6	15	0	0	0	2	0	0	0	0	0	0	0	0	0	0	0	0	0	0	0	0	0
NZ_UGQW01000001.1	5p	-	54	3	1	2	5	11	0	0	0	0	0	0	0	0	0	0	0	0	0	0	0	0	0	0	0	0	0
NZ_UGQW01000001.1	5p	-	55	3	2	3	2	10	0	0	0	0	0	0	0	0	0	0	0	0	0	0	0	0	0	0	0	0	0
NZ_UGQW01000001.1	5p	-	56	3	2	4	1	10	0	1	1	0	0	0	0	0	0	0	0	0	0	0	0	0	0	0	0	0	0
NZ_UGQW01000001.1	5p	-	57	4	0	4	2	10	0	0	0	2	0	0	0	0	0	0	0	0	0	0	0	0	0	0	0	0	0
NZ_UGQW01000001.1	5p	-	58	1	1	4	3	9	1	0	0	0	0	0	0	0	0	0	0	0	0	0	0	0	0	0	0	0	0
NZ_UGQW01000001.1	5p	-	59	0	4	3	1	8	1	0	0	0	0	0	0	0	0	0	0	0	0	0	0	0	0	0	0	1	0
NZ_UGQW01000001.1	5p	-	60	2	1	4	0	7	0	0	0	0	0	0	0	0	0	0	0	0	0	0	0	0	0	0	0	0	0
NZ_UGQW01000001.1	5p	-	61	1	2	2	1	6	0	0	0	0	0	0	0	0	0	0	0	0	0	0	0	0	0	0	0	0	0
NZ_UGQW01000001.1	5p	-	62	1	1	2	0	4	0	0	0	0	0	0	0	0	0	0	0	0	0	0	0	0	0	0	0	0	0
NZ_UGQW01000001.1	5p	-	63	1	1	1	1	4	0	0	0	0	0	0	0	0	0	0	0	0	0	0	0	0	0	0	0	0	0
NZ_UGQW01000001.1	5p	-	64	0	1	2	1	4	0	0	0	0	0	0	0	0	0	0	0	0	0	0	0	0	0	0	0	0	0
NZ_UGQW01000001.1	5p	-	65	0	1	3	0	4	1	0	0	0	0	0	0	0	0	0	0	0	0	0	0	0	0	0	0	0	0
NZ_UGQW01000001.1	5p	-	66	2	1	0	1	4	0	0	0	0	0	0	0	0	0	0	0	0	0	0	0	0	0	0	0	0	0
NZ_UGQW01000001.1	5p	-	67	2	0	1	1	4	0	0	0	0	0	0	0	0	0	0	0	0	0	0	0	0	0	0	0	0	0
NZ_UGQW01000001.1	5p	-	68	1	1	2	0	4	0	0	0	0	0	0	0	0	0	0	0	0	0	0	0	0	0	0	0	0	0
NZ_UGQW01000001.1	5p	-	69	0	0	3	1	4	0	0	0	0	0	0	0	0	0	0	0	0	0	0	0	0	0	0	0	0	0
NZ_UGQW01000001.1	5p	-	70	1	0	2	1	4	0	0	0	0	0	0	0	0	0	0	0	0	0	0	0	0	0	0	0	0	0
NZ_UGQW01000002.1	3p	+	1	240	230	277	148	895	62	8	6	13	1	2	6	3	0	2	3	2	0	0	0	0	0	0	0	0	0
NZ_UGQW01000002.1	3p	+	2	229	254	230	182	895	31	4	8	8	0	1	4	1	2	2	4	0	0	0	0	0	0	0	0	0	0
NZ_UGQW01000002.1	3p	+	3	220	258	235	182	895	19	2	10	10	3	3	2	2	2	0	2	0	0	0	0	0	0	0	0	0	0
NZ_UGQW01000002.1	3p	+	4	214	251	250	180	895	14	3	6	4	2	1	6	1	1	0	4	2	0	0	0	0	0	0	0	0	0
NZ_UGQW01000002.1	3p	+	5	202	271	241	181	895	18	5	3	6	1	2	11	4	0	1	3	1	0	0	0	0	0	0	0	0	0
NZ_UGQW01000002.1	3p	+	6	192	266	239	197	894	9	5	5	5	3	1	7	3	4	2	2	0	0	0	0	0	0	1	0	0	0
NZ_UGQW01000002.1	3p	+	7	182	253	251	209	895	8	6	6	6	2	0	4	2	2	1	6	0	0	0	0	0	0	0	0	0	0
NZ_UGQW01000002.1	3p	+	8	174	285	237	199	895	11	10	6	12	1	0	2	3	2	0	5	1	0	0	0	0	0	0	0	0	0
NZ_UGQW01000002.1	3p	+	9	170	281	269	175	895	8	7	4	6	3	0	6	2	1	0	7	2	0	0	0	1	0	0	0	0	0
NZ_UGQW01000002.1	3p	+	10	197	257	250	190	894	6	4	9	8	2	0	6	3	3	0	5	1	0	0	0	0	0	1	0	0	0
NZ_UGQW01000002.1	3p	+	11	194	294	243	164	895	4	7	11	9	4	0	5	2	1	0	6	1	1	0	0	0	0	0	0	0	0
NZ_UGQW01000002.1	3p	+	12	190	294	258	152	894	12	11	9	10	2	0	5	1	1	0	1	2	0	0	0	1	0	0	0	1	0
NZ_UGQW01000002.1	3p	+	13	229	252	248	166	895	10	5	13	9	1	1	1	3	0	5	0	0	0	0	1	0	0	0	0	0	0
NZ_UGQW01000002.1	3p	+	14	192	276	261	165	894	11	7	13	8	1	3	3	4	4	2	3	1	0	0	1	0	0	0	0	1	0
NZ_UGQW01000002.1	3p	+	15	196	295	248	156	895	7	5	2	7	2	1	4	3	0	0	7	2	0	0	1	0	0	0	0	0	0
NZ_UGQW01000002.1	3p	+	16	180	243	286	184	893	6	3	3	11	2	1	4	2	3	0	3	2	0	0	1	0	1	0	0	1	0
NZ_UGQW01000002.1	3p	+	17	205	269	247	174	895	6	5	10	5	1	1	4	1	1	0	2	4	0	0	0	0	0	0	0	0	0
NZ_UGQW01000002.1	3p	+	18	182	269	266	178	895	5	5	13	9	1	0	4	4	1	1	2	0	0	0	0	1	0	0	0	0	0
NZ_UGQW01000002.1	3p	+	19	178	281	271	165	895	6	5	5	11	1	0	6	1	3	0	3	1	0	0	0	1	0	0	0	0	0
NZ_UGQW01000002.1	3p	+	20	173	273	276	173	895	6	5	4	11	2	1	4	0	0	1	3	1	0	1	0	0	0	0	0	0	0
NZ_UGQW01000002.1	3p	+	21	182	304	245	164	895	3	5	10	7	5	1	2	1	3	0	4	2	0	0	0	0	0	0	0	0	0
NZ_UGQW01000002.1	3p	+	22	187	260	287	161	895	5	3	9	8	1	2	5	2	1	0	3	1	0	0	0	0	0	0	0	0	0
NZ_UGQW01000002.1	3p	+	23	175	270	266	184	895	8	10	4	12	1	1	3	3	4	1	1	1	0	0	0	0	0	0	0	0	0
NZ_UGQW01000002.1	3p	+	24	180	296	242	176	894	3	11	10	8	2	0	2	2	0	0	5	0	0	0	0	0	0	0	1	0	0
NZ_UGQW01000002.1	3p	+	25	192	251	273	179	895	6	5	3	13	2	2	7	2	3	0	2	2	0	0	0	0	0	0	0	0	0
NZ_UGQW01000002.1	3p	+	26	204	257	266	166	893	6	5	9	14	4	1	6	5	2	1	5	2	0	0	1	0	0	0	1	1	0
NZ_UGQW01000002.1	3p	+	27	195	300	244	156	895	4	8	16	11	3	0	1	0	0	0	2	2	0	0	0	0	0	0	0	0	0
NZ_UGQW01000002.1	3p	+	28	183	257	258	197	895	8	12	3	11	1	2	3	1	0	0	3	1	1	0	0	0	0	0	0	0	0
NZ_UGQW01000002.1	3p	+	29	179	272	277	167	895	12	15	8	3	0	3	1	5	1	0	4	4	0	0	0	0	0	0	0	0	0
NZ_UGQW01000002.1	3p	+	30	184	289	238	183	894	9	23	8	5	1	2	13	2	1	0	3	2	0	0	0	0	0	0	0	1	0
NZ_UGQW01000002.1	3p	+	31	155	249	241	178	823	5	14	2	5	2	0	4	1	0	2	1	5	0	0	0	0	0	0	1	1	0
NZ_UGQW01000002.1	3p	+	32	147	257	196	142	742	3	19	2	6	1	3	3	1	4	1	3	1	0	0	0	0	0	0	0	0	0
NZ_UGQW01000002.1	3p	+	33	127	229	194	138	688	5	18	5	3	4	0	2	3	2	0	3	0	0	0	0	0	0	0	0	0	0
NZ_UGQW01000002.1	3p	+	34	133	184	178	139	634	2	14	5	5	1	2	3	0	2	2	2	1	0	0	0	0	0	0	1	1	0
NZ_UGQW01000002.1	3p	+	35	149	188	143	115	595	3	9	9	6	3	0	6	2	2	1	3	0	0	0	0	0	0	0	0	0	0
NZ_UGQW01000002.1	3p	+	36	109	179	157	111	556	2	8	6	7	1	0	5	0	0	1	4	1	0	0	1	0	0	0	0	0	0
NZ_UGQW01000002.1	3p	+	37	95	151	175	102	523	3	16	5	4	0	0	1	2	1	0	2	0	0	0	0	0	0	0	0	0	0
NZ_UGQW01000002.1	3p	+	38	113	152	126	95	486	4	14	4	3	2	0	4	0	1	1	2	1	0	0	0	0	0	0	0	0	0
NZ_UGQW01000002.1	3p	+	39	97	136	119	91	443	5	9	2	5	0	0	1	1	0	0	3	0	0	0	0	0	1	0	0	0	0
NZ_UGQW01000002.1	3p	+	40	85	128	116	91	420	3	6	1	5	0	1	2	1	2	0	0	0	0	0	0	0	0	0	0	0	0
NZ_UGQW01000002.1	3p	+	41	82	116	114	79	391	2	5	4	2	1	0	2	1	0	0	3	1	0	0	0	0	0	0	0	0	0
NZ_UGQW01000002.1	3p	+	42	95	120	93	66	374	5	7	3	2	2	0	1	1	2	0	2	0	0	0	0	0	0	0	0	0	0
NZ_UGQW01000002.1	3p	+	43	70	107	98	64	339	2	4	4	3	3	0	3	1	1	1	0	0	0	0	0	0	0	0	0	0	0
NZ_UGQW01000002.1	3p	+	44	65	93	86	68	312	2	5	3	0	2	1	1	1	0	0	0	2	0	0	0	0	0	0	0	0	0
NZ_UGQW01000002.1	3p	+	45	60	107	66	60	293	3	12	5	2	0	0	2	4	0	0	1	0	0	0	0	0	0	0	0	0	0
NZ_UGQW01000002.1	3p	+	46	54	78	61	71	264	2	6	2	5	0	0	1	1	0	0	1	0	0	0	0	0	0	0	0	0	0
NZ_UGQW01000002.1	3p	+	47	59	61	72	47	239	2	6	3	3	1	0	1	1	0	0	1	3	0	0	0	0	0	0	0	0	0
NZ_UGQW01000002.1	3p	+	48	49	69	60	46	224	2	2	2	4	0	0	1	0	0	0	1	0	0	0	0	0	0	0	0	0	0
NZ_UGQW01000002.1	3p	+	49	41	73	52	40	206	0	3	3	0	0	0	1	1	0	0	0	0	0	0	0	0	0	0	0	0	0
NZ_UGQW01000002.1	3p	+	50	44	55	42	46	187	1	4	0	1	0	0	0	0	2	0	0	0	0	0	0	0	0	0	0	0	0
NZ_UGQW01000002.1	3p	+	51	41	56	45	31	173	1	5	2	2	0	0	0	1	1	0	0	0	0	0	0	0	0	0	0	0	0
NZ_UGQW01000002.1	3p	+	52	46	45	33	33	157	3	3	1	1	0	0	0	0	0	0	0	0	0	0	0	0	0	0	0	0	0
NZ_UGQW01000002.1	3p	+	53	41	38	39	26	144	0	1	0	0	0	0	0	1	0	0	0	0	0	0	0	0	0	0	0	0	0
NZ_UGQW01000002.1	3p	+	54	32	41	36	20	129	1	3	0	1	0	0	0	0	0	0	2	0	0	0	0	0	0	0	0	0	0
NZ_UGQW01000002.1	3p	+	55	28	38	33	23	122	2	1	0	0	0	1	0	0	0	0	0	0	0	0	0	0	0	0	0	0	0
NZ_UGQW01000002.1	3p	+	56	20	29	38	23	110	2	2	0	0	0	0	0	0	1	0	1	0	0	0	0	0	0	0	0	0	0
NZ_UGQW01000002.1	3p	+	57	27	31	21	25	104	0	6	0	0	0	1	0	0	0	0	0	0	0	0	0	0	0	0	0	0	0
NZ_UGQW01000002.1	3p	+	58	24	26	25	21	96	2	0	0	0	0	0	0	0	0	0	0	1	0	0	0	0	0	0	0	0	0
NZ_UGQW01000002.1	3p	+	59	15	30	20	24	89	3	4	0	0	0	1	0	0	0	0	1	0	0	0	0	0	0	0	0	0	0
NZ_UGQW01000002.1	3p	+	60	26	24	16	15	81	1	1	1	1	0	0	0	0	0	0	0	0	0	0	0	0	0	0	0	0	0
NZ_UGQW01000002.1	3p	+	61	14	27	24	13	78	0	3	1	1	0	0	0	0	0	0	0	0	0	0	0	0	0	0	0	0	0
NZ_UGQW01000002.1	3p	+	62	12	20	23	16	71	0	2	0	0	0	0	0	0	0	0	0	1	0	0	0	0	0	0	0	0	0
NZ_UGQW01000002.1	3p	+	63	18	14	17	21	70	0	0	0	0	0	0	0	0	1	0	0	0	0	0	0	0	0	0	0	0	0
NZ_UGQW01000002.1	3p	+	64	25	13	12	15	65	1	0	1	0	0	0	0	0	0	0	1	0	0	0	0	0	0	0	0	0	0
NZ_UGQW01000002.1	3p	+	65	15	15	15	14	59	0	4	0	1	0	0	0	0	0	0	0	0	0	0	0	0	0	0	0	0	0
NZ_UGQW01000002.1	3p	+	66	9	23	15	8	55	0	1	0	0	0	0	0	0	0	0	0	1	0	0	0	0	0	0	0	0	0
NZ_UGQW01000002.1	3p	+	67	8	15	14	15	52	0	1	0	1	0	0	0	0	0	0	0	0	0	0	0	0	0	0	0	0	0
NZ_UGQW01000002.1	3p	+	68	10	20	10	10	50	0	1	0	1	0	0	0	0	0	0	0	0	0	0	0	0	0	0	0	0	0
NZ_UGQW01000002.1	3p	+	69	13	10	13	7	43	0	0	0	0	0	0	0	1	0	0	0	0	0	0	0	0	0	0	0	0	0
NZ_UGQW01000002.1	3p	+	70	11	12	15	4	42	0	1	0	0	0	0	0	0	0	0	0	0	0	0	0	0	0	0	0	0	0
NZ_UGQW01000002.1	3p	-	1	257	194	275	183	909	60	4	10	6	5	1	9	6	6	1	1	0	0	0	0	0	0	0	0	0	0
NZ_UGQW01000002.1	3p	-	2	234	236	256	183	909	26	10	8	4	3	2	2	1	1	0	5	0	0	0	0	0	0	0	0	0	0
NZ_UGQW01000002.1	3p	-	3	190	281	277	161	909	29	5	8	7	3	1	4	4	0	0	2	5	0	0	0	0	0	0	0	0	0
NZ_UGQW01000002.1	3p	-	4	194	236	279	200	909	14	8	6	6	2	0	6	2	2	4	4	1	0	0	0	0	0	0	0	0	0
NZ_UGQW01000002.1	3p	-	5	196	253	277	183	909	19	4	9	2	0	0	7	3	1	1	12	2	0	0	0	0	0	0	0	0	0
NZ_UGQW01000002.1	3p	-	6	180	274	259	196	909	12	5	7	7	3	0	3	0	2	0	4	2	0	0	0	0	0	0	0	0	0
NZ_UGQW01000002.1	3p	-	7	188	256	267	198	909	19	5	13	7	0	0	2	4	1	0	1	0	0	0	0	0	0	0	0	0	0
NZ_UGQW01000002.1	3p	-	8	203	245	266	194	908	14	8	7	7	0	1	3	2	0	1	2	0	0	0	1	0	0	0	1	0	0
NZ_UGQW01000002.1	3p	-	9	168	260	294	187	909	16	10	8	7	2	0	8	3	5	0	2	2	0	0	0	0	0	0	0	0	0
NZ_UGQW01000002.1	3p	-	10	195	246	280	187	908	7	7	5	8	2	1	1	2	1	0	4	4	0	0	1	0	0	0	0	1	0
NZ_UGQW01000002.1	3p	-	11	166	277	284	182	909	10	4	9	9	2	0	3	4	6	0	5	0	2	0	0	1	0	0	0	0	0
NZ_UGQW01000002.1	3p	-	12	175	271	301	162	909	4	5	10	4	1	0	2	3	0	3	6	3	0	0	0	0	0	0	0	0	0
NZ_UGQW01000002.1	3p	-	13	187	251	290	180	908	10	5	9	9	2	0	3	3	2	0	6	2	0	0	0	0	0	0	0	1	0
NZ_UGQW01000002.1	3p	-	14	182	267	283	176	908	6	7	6	7	0	1	1	3	1	0	4	1	0	0	0	0	0	0	1	0	0
NZ_UGQW01000002.1	3p	-	15	178	272	290	169	909	8	3	6	3	4	1	4	2	4	0	6	2	0	0	0	0	0	0	0	0	0
NZ_UGQW01000002.1	3p	-	16	142	272	285	209	908	7	3	7	6	0	0	1	2	2	1	2	2	0	0	0	1	0	0	0	1	0
NZ_UGQW01000002.1	3p	-	17	188	249	293	179	909	9	5	6	6	1	0	4	5	2	1	4	2	1	0	0	0	0	0	0	0	0
NZ_UGQW01000002.1	3p	-	18	198	274	267	169	908	7	8	10	9	2	2	10	0	2	0	5	4	0	0	0	0	0	1	0	0	0
NZ_UGQW01000002.1	3p	-	19	181	257	270	201	909	5	5	11	9	1	0	5	1	1	0	3	3	0	0	0	1	0	0	0	0	0
NZ_UGQW01000002.1	3p	-	20	174	263	289	183	909	4	7	7	4	2	0	5	3	2	0	8	2	0	0	0	0	0	0	0	0	0
NZ_UGQW01000002.1	3p	-	21	171	291	281	164	907	9	8	10	6	1	2	3	0	0	0	2	3	1	0	0	0	0	0	1	1	0
NZ_UGQW01000002.1	3p	-	22	182	266	282	178	908	5	7	9	4	2	0	3	1	1	0	4	2	0	0	0	0	1	0	0	0	0
NZ_UGQW01000002.1	3p	-	23	186	271	266	186	909	6	6	2	10	2	0	7	1	1	1	3	3	0	0	1	1	0	0	0	0	0
NZ_UGQW01000002.1	3p	-	24	174	286	270	179	909	9	12	6	7	3	0	3	2	0	0	5	1	0	0	0	0	0	0	0	0	0
NZ_UGQW01000002.1	3p	-	25	178	257	283	191	909	9	7	9	4	1	0	5	1	1	1	1	1	0	0	0	0	0	0	0	0	0
NZ_UGQW01000002.1	3p	-	26	182	252	301	174	909	6	6	4	9	3	0	4	3	3	0	6	3	1	0	0	0	0	0	0	0	0
NZ_UGQW01000002.1	3p	-	27	185	270	265	189	909	5	8	6	7	3	0	6	0	4	1	8	0	0	0	0	0	0	0	0	0	0
NZ_UGQW01000002.1	3p	-	28	176	251	280	202	909	5	9	5	10	2	1	2	1	0	0	3	2	0	0	0	0	0	0	0	0	0
NZ_UGQW01000002.1	3p	-	29	182	237	289	201	909	13	17	9	6	0	2	6	1	2	2	5	0	0	0	0	0	0	0	0	0	0
NZ_UGQW01000002.1	3p	-	30	182	268	266	193	909	9	20	8	6	3	1	0	2	3	0	2	0	0	0	0	0	0	0	0	0	0
NZ_UGQW01000002.1	3p	-	31	178	236	230	188	832	7	11	6	5	1	2	1	1	1	0	1	2	0	0	0	0	0	0	0	0	0
NZ_UGQW01000002.1	3p	-	32	155	201	237	175	768	7	11	4	5	3	0	5	0	2	1	7	0	0	0	0	0	0	0	0	0	0
NZ_UGQW01000002.1	3p	-	33	145	222	189	146	702	6	11	15	6	0	2	1	2	4	0	5	1	0	0	0	0	0	0	0	0	0
NZ_UGQW01000002.1	3p	-	34	141	199	179	130	649	3	12	6	3	2	0	2	1	0	0	2	1	0	0	0	1	0	0	0	0	0
NZ_UGQW01000002.1	3p	-	35	122	156	181	137	596	2	9	4	6	1	1	1	1	2	0	2	2	0	0	0	0	0	0	0	0	0
NZ_UGQW01000002.1	3p	-	36	104	171	157	116	548	7	9	6	7	1	1	5	3	4	0	1	2	0	0	0	0	0	0	0	0	0
NZ_UGQW01000002.1	3p	-	37	102	122	142	140	506	2	7	4	3	0	0	1	0	0	0	1	1	0	0	0	0	0	0	0	0	0
NZ_UGQW01000002.1	3p	-	38	91	134	140	106	471	4	9	4	4	0	0	0	1	0	0	1	1	0	0	0	0	0	0	0	0	0
NZ_UGQW01000002.1	3p	-	39	88	120	137	91	436	0	12	5	5	0	1	3	1	0	0	2	1	0	0	0	0	1	0	0	0	0
NZ_UGQW01000002.1	3p	-	40	101	103	112	90	406	4	7	4	0	0	0	2	0	1	0	1	1	0	0	0	0	0	0	0	0	0
NZ_UGQW01000002.1	3p	-	41	81	109	107	82	379	2	12	3	3	0	0	2	1	1	0	2	0	0	1	0	0	0	0	0	0	0
NZ_UGQW01000002.1	3p	-	42	76	107	87	84	354	1	7	4	5	0	0	0	0	0	0	0	0	0	0	0	0	0	0	0	0	0
NZ_UGQW01000002.1	3p	-	43	66	88	84	77	315	1	9	1	4	0	2	1	0	0	0	3	0	0	0	0	0	0	0	0	0	0
NZ_UGQW01000002.1	3p	-	44	43	88	79	74	284	1	4	3	3	0	1	0	1	0	0	0	0	0	0	0	0	0	0	0	0	0
NZ_UGQW01000002.1	3p	-	45	46	64	92	57	259	1	6	2	1	0	1	1	0	0	0	3	0	0	0	0	0	0	0	0	0	0
NZ_UGQW01000002.1	3p	-	46	51	64	76	56	247	1	3	2	2	0	0	1	0	0	0	1	0	0	0	0	0	0	0	0	0	0
NZ_UGQW01000002.1	3p	-	47	43	64	50	59	216	0	2	2	3	0	0	0	0	1	0	1	0	0	0	0	0	0	0	0	0	0
NZ_UGQW01000002.1	3p	-	48	45	36	72	46	199	2	3	3	0	0	0	1	1	0	0	0	0	0	0	0	0	0	0	0	0	0
NZ_UGQW01000002.1	3p	-	49	42	43	51	44	180	2	1	4	1	1	0	1	0	1	1	1	1	0	0	0	0	0	0	0	0	0
NZ_UGQW01000002.1	3p	-	50	44	37	48	37	166	0	8	2	2	0	0	1	0	0	0	1	1	0	0	0	0	0	0	0	0	0
NZ_UGQW01000002.1	3p	-	51	28	59	42	27	156	1	8	4	2	0	0	0	0	0	0	0	0	0	0	0	0	0	0	0	0	0
NZ_UGQW01000002.1	3p	-	52	34	42	33	31	140	0	4	2	1	0	0	0	0	0	0	0	0	0	0	0	0	0	0	0	0	0
NZ_UGQW01000002.1	3p	-	53	17	39	42	29	127	1	0	1	0	0	0	1	0	0	0	0	0	0	0	0	0	0	0	0	1	0
NZ_UGQW01000002.1	3p	-	54	22	27	45	27	121	0	1	1	1	0	0	0	0	0	0	2	0	0	0	0	0	0	0	0	0	0
NZ_UGQW01000002.1	3p	-	55	27	28	40	18	113	2	0	0	1	0	0	0	0	0	0	0	0	0	0	0	0	0	0	0	0	0
NZ_UGQW01000002.1	3p	-	56	20	33	25	22	100	0	4	1	0	0	0	0	0	0	0	0	0	0	0	0	0	0	0	0	0	0
NZ_UGQW01000002.1	3p	-	57	15	26	30	20	91	1	1	1	1	0	0	0	0	0	0	1	0	0	0	0	0	0	0	0	0	0
NZ_UGQW01000002.1	3p	-	58	24	22	19	20	85	0	2	0	1	0	0	1	0	0	0	1	1	0	0	0	0	0	0	0	0	0
NZ_UGQW01000002.1	3p	-	59	15	18	29	19	81	1	2	1	0	0	0	0	0	0	0	0	0	0	0	1	0	0	0	0	0	0
NZ_UGQW01000002.1	3p	-	60	15	17	28	16	76	0	2	0	0	0	0	0	0	0	0	0	0	0	0	0	0	0	0	0	0	0
NZ_UGQW01000002.1	3p	-	61	19	24	15	13	71	0	1	0	0	0	0	0	1	0	1	0	0	0	0	0	0	0	0	0	0	0
NZ_UGQW01000002.1	3p	-	62	20	15	21	13	69	0	0	2	1	0	0	0	0	0	1	1	0	0	0	0	0	0	0	0	0	0
NZ_UGQW01000002.1	3p	-	63	16	19	13	18	66	1	1	1	1	0	0	0	0	0	0	0	0	0	0	0	0	0	0	0	0	0
NZ_UGQW01000002.1	3p	-	64	11	13	24	14	62	1	1	0	1	0	0	0	2	0	0	0	0	0	0	0	0	0	0	0	0	0
NZ_UGQW01000002.1	3p	-	65	17	9	23	11	60	2	0	1	0	0	0	0	0	0	1	0	0	0	0	0	0	0	0	0	0	0
NZ_UGQW01000002.1	3p	-	66	18	13	14	9	54	0	0	0	1	0	0	0	0	0	0	0	0	0	0	0	0	0	0	0	0	0
NZ_UGQW01000002.1	3p	-	67	11	15	15	10	51	0	0	2	0	0	0	0	0	0	0	0	0	0	0	0	0	0	0	0	0	0
NZ_UGQW01000002.1	3p	-	68	5	10	18	16	49	0	0	1	1	0	0	0	0	0	0	1	0	0	0	0	0	0	0	0	0	0
NZ_UGQW01000002.1	3p	-	69	8	14	14	9	45	0	0	0	0	0	0	0	0	0	0	0	1	0	0	0	0	0	0	0	0	0
NZ_UGQW01000002.1	3p	-	70	12	8	11	12	43	0	1	0	0	0	1	0	0	0	0	0	0	0	0	0	0	0	0	0	0	0
NZ_UGQW01000002.1	5p	+	1	151	317	178	249	895	5	86	0	9	3	3	3	2	2	1	2	3	0	0	0	0	0	0	0	0	0
NZ_UGQW01000002.1	5p	+	2	186	263	253	193	895	7	38	10	6	6	2	8	2	2	0	7	4	0	0	0	0	0	0	0	0	0
NZ_UGQW01000002.1	5p	+	3	200	259	266	169	894	9	19	7	8	2	0	6	0	1	0	2	2	0	0	0	0	0	0	1	0	0
NZ_UGQW01000002.1	5p	+	4	199	272	216	207	894	5	12	2	10	1	1	5	2	1	2	3	0	0	0	0	0	0	0	1	0	0
NZ_UGQW01000002.1	5p	+	5	198	274	239	183	894	11	19	9	10	3	0	7	3	3	0	2	1	0	0	0	0	0	0	0	1	0
NZ_UGQW01000002.1	5p	+	6	196	254	257	187	894	6	16	5	11	2	0	2	4	3	1	6	3	0	0	0	0	0	0	1	0	0
NZ_UGQW01000002.1	5p	+	7	217	283	232	162	894	2	10	6	6	0	2	6	2	1	0	6	3	0	0	0	0	0	0	0	1	0
NZ_UGQW01000002.1	5p	+	8	169	284	265	176	894	9	6	14	8	2	3	4	7	2	0	5	3	0	0	0	0	0	0	0	1	0
NZ_UGQW01000002.1	5p	+	9	191	262	264	178	895	5	12	13	5	3	0	6	2	0	1	3	0	1	0	0	0	0	0	0	0	0
NZ_UGQW01000002.1	5p	+	10	195	273	222	205	895	2	9	6	9	1	2	3	2	1	0	4	2	0	0	0	0	0	0	0	0	0
NZ_UGQW01000002.1	5p	+	11	188	284	256	167	895	4	8	13	5	0	2	9	3	1	0	9	1	0	0	0	0	0	0	0	0	0
NZ_UGQW01000002.1	5p	+	12	185	253	277	180	895	8	5	4	11	3	1	3	0	2	2	1	3	0	0	1	0	0	0	0	0	0
NZ_UGQW01000002.1	5p	+	13	167	286	255	186	894	5	12	8	4	2	0	7	1	2	0	7	3	0	1	0	1	0	0	1	0	0
NZ_UGQW01000002.1	5p	+	14	178	298	264	154	894	7	12	7	9	3	0	3	1	2	1	3	3	0	0	0	0	0	0	0	1	0
NZ_UGQW01000002.1	5p	+	15	172	292	271	160	895	3	8	9	6	3	1	3	1	2	0	3	0	0	0	0	0	0	0	0	0	0
NZ_UGQW01000002.1	5p	+	16	191	280	275	148	894	1	8	5	8	2	1	3	3	4	0	2	1	0	0	0	0	0	0	0	1	0
NZ_UGQW01000002.1	5p	+	17	188	294	261	151	894	4	10	10	14	3	0	2	0	2	2	2	2	0	0	0	0	1	0	0	0	0
NZ_UGQW01000002.1	5p	+	18	216	265	272	142	895	6	6	10	7	0	4	3	4	1	0	2	1	0	0	0	0	0	0	0	0	0
NZ_UGQW01000002.1	5p	+	19	187	269	248	191	895	4	11	5	11	1	1	1	2	1	4	1	0	0	0	0	0	0	0	0	0	0
NZ_UGQW01000002.1	5p	+	20	155	313	262	165	895	5	12	6	6	0	0	5	2	2	1	4	0	0	0	0	1	0	0	0	0	0
NZ_UGQW01000002.1	5p	+	21	188	274	266	167	895	6	6	8	5	4	0	8	6	3	1	1	1	0	0	0	1	0	0	0	0	0
NZ_UGQW01000002.1	5p	+	22	200	279	224	192	895	3	6	6	5	2	1	4	1	5	1	2	0	0	0	0	0	0	0	0	0	0
NZ_UGQW01000002.1	5p	+	23	184	291	266	154	895	5	9	8	9	3	1	8	1	0	0	1	0	0	0	0	0	0	0	0	0	0
NZ_UGQW01000002.1	5p	+	24	183	250	273	189	895	3	8	7	9	2	0	1	0	3	2	5	2	0	0	0	0	0	0	0	0	0
NZ_UGQW01000002.1	5p	+	25	191	265	261	178	895	10	4	6	4	0	1	1	2	0	0	5	0	0	0	0	0	0	0	0	0	0
NZ_UGQW01000002.1	5p	+	26	167	269	264	194	894	13	8	10	16	2	1	5	2	4	1	5	1	0	0	0	0	0	0	0	1	0
NZ_UGQW01000002.1	5p	+	27	212	265	257	160	894	8	0	8	11	1	0	5	3	2	0	2	1	0	0	0	0	0	0	0	1	0
NZ_UGQW01000002.1	5p	+	28	200	270	256	169	895	11	8	7	4	2	1	8	3	2	0	6	1	0	0	1	0	0	0	0	0	0
NZ_UGQW01000002.1	5p	+	29	194	282	259	160	895	13	5	10	7	2	0	4	2	0	0	3	3	0	0	0	1	0	0	0	0	0
NZ_UGQW01000002.1	5p	+	30	196	265	253	181	895	17	5	5	13	1	2	2	2	0	1	6	0	1	0	0	0	0	0	0	0	0
NZ_UGQW01000002.1	5p	+	31	184	226	236	179	825	13	2	8	9	2	2	4	2	0	1	3	1	0	0	0	0	0	0	0	0	0
NZ_UGQW01000002.1	5p	+	32	163	227	204	148	742	13	7	4	15	2	1	5	2	3	0	2	0	0	0	1	0	0	0	0	0	0
NZ_UGQW01000002.1	5p	+	33	167	189	197	135	688	8	3	2	7	2	0	3	3	2	0	0	1	0	0	0	0	0	0	0	0	0
NZ_UGQW01000002.1	5p	+	34	139	193	175	128	635	12	6	4	3	0	1	1	2	1	0	1	0	0	0	0	0	1	0	0	0	0
NZ_UGQW01000002.1	5p	+	35	109	199	177	110	595	9	4	6	3	2	0	5	1	2	1	3	0	0	0	0	0	0	0	0	0	0
NZ_UGQW01000002.1	5p	+	36	123	152	171	110	556	6	4	4	3	0	0	3	2	1	0	3	0	0	0	1	0	0	0	0	0	0
NZ_UGQW01000002.1	5p	+	37	120	156	148	99	523	7	4	3	4	1	0	4	1	0	0	4	1	0	0	0	0	0	0	0	0	0
NZ_UGQW01000002.1	5p	+	38	99	141	149	97	486	11	3	5	2	1	0	2	2	0	1	0	1	0	0	0	0	0	0	0	0	0
NZ_UGQW01000002.1	5p	+	39	115	125	116	88	444	7	2	5	4	2	1	2	3	1	0	4	0	0	0	1	0	0	0	0	0	0
NZ_UGQW01000002.1	5p	+	40	98	120	115	87	420	4	0	4	7	0	1	1	0	1	0	2	1	0	0	0	0	0	0	0	0	0
NZ_UGQW01000002.1	5p	+	41	78	116	112	85	391	5	2	5	5	2	0	3	0	1	0	2	0	0	0	1	0	0	0	0	0	0
NZ_UGQW01000002.1	5p	+	42	100	90	108	76	374	8	3	2	4	1	1	0	0	0	1	2	1	0	0	0	0	0	0	0	0	0
NZ_UGQW01000002.1	5p	+	43	85	112	75	67	339	5	2	2	1	1	0	1	1	0	1	1	1	0	0	0	0	0	0	0	0	0
NZ_UGQW01000002.1	5p	+	44	78	97	87	50	312	7	3	1	3	0	0	0	0	1	1	0	1	0	0	0	0	0	0	0	0	0
NZ_UGQW01000002.1	5p	+	45	70	86	77	59	292	4	2	1	2	0	0	0	2	0	0	1	0	0	0	0	0	0	1	0	0	0
NZ_UGQW01000002.1	5p	+	46	64	77	67	55	263	7	2	2	3	0	0	0	1	0	0	0	1	0	0	0	0	0	1	0	0	0
NZ_UGQW01000002.1	5p	+	47	48	69	76	46	239	6	0	1	3	0	0	2	0	1	0	0	1	0	0	0	0	0	0	0	0	0
NZ_UGQW01000002.1	5p	+	48	42	71	57	54	224	10	0	2	2	0	0	1	0	0	0	0	1	0	0	0	0	0	0	0	0	0
NZ_UGQW01000002.1	5p	+	49	41	66	54	45	206	3	1	1	1	0	0	0	0	0	0	0	1	0	0	0	0	0	0	0	0	0
NZ_UGQW01000002.1	5p	+	50	35	56	53	43	187	2	2	0	2	0	0	2	2	0	0	0	1	0	0	0	0	0	0	0	0	0
NZ_UGQW01000002.1	5p	+	51	39	49	54	31	173	4	1	2	2	0	0	1	0	1	0	0	0	0	0	0	0	0	0	0	0	0
NZ_UGQW01000002.1	5p	+	52	34	47	48	28	157	1	2	1	1	0	1	0	0	0	0	0	0	0	0	0	0	0	0	0	0	0
NZ_UGQW01000002.1	5p	+	53	42	52	27	23	144	1	1	3	0	1	0	1	2	0	0	0	0	0	0	0	0	0	0	0	0	0
NZ_UGQW01000002.1	5p	+	54	29	36	39	25	129	4	2	1	1	0	0	1	0	0	0	0	0	0	0	0	0	0	0	0	0	0
NZ_UGQW01000002.1	5p	+	55	29	37	29	27	122	1	0	0	1	0	0	1	0	0	0	1	0	0	0	0	0	0	0	0	0	0
NZ_UGQW01000002.1	5p	+	56	29	29	28	24	110	5	0	0	1	1	0	1	0	0	0	0	0	0	0	0	0	0	0	0	0	0
NZ_UGQW01000002.1	5p	+	57	26	30	22	26	104	2	0	1	0	0	0	0	0	0	0	0	0	0	0	0	0	0	0	0	0	0
NZ_UGQW01000002.1	5p	+	58	20	28	25	23	96	2	1	0	0	0	0	0	0	0	0	0	0	0	0	0	0	0	0	0	0	0
NZ_UGQW01000002.1	5p	+	59	21	26	19	23	89	1	1	2	0	0	0	0	0	0	0	0	0	0	0	0	0	0	0	0	0	0
NZ_UGQW01000002.1	5p	+	60	18	21	26	16	81	0	0	1	1	0	0	0	0	0	0	0	0	0	0	0	0	0	0	0	0	0
NZ_UGQW01000002.1	5p	+	61	18	22	21	17	78	1	0	1	3	0	0	0	1	0	0	0	0	0	0	0	0	0	0	0	0	0
NZ_UGQW01000002.1	5p	+	62	17	22	17	15	71	2	0	2	0	0	0	0	0	1	0	0	0	0	0	0	0	0	0	0	0	0
NZ_UGQW01000002.1	5p	+	63	13	17	28	12	70	5	0	0	1	0	0	0	0	0	0	0	0	0	0	0	0	0	0	0	0	0
NZ_UGQW01000002.1	5p	+	64	21	18	13	13	65	1	2	0	0	0	0	0	0	0	0	0	0	0	0	0	0	0	0	0	0	0
NZ_UGQW01000002.1	5p	+	65	16	24	12	7	59	1	0	1	0	0	0	0	1	0	0	0	0	0	0	0	0	0	0	0	0	0
NZ_UGQW01000002.1	5p	+	66	10	22	12	11	55	4	0	1	0	0	0	0	0	0	0	0	0	0	0	0	0	0	0	0	0	0
NZ_UGQW01000002.1	5p	+	67	14	13	15	10	52	0	2	0	0	0	0	0	0	0	0	1	0	0	0	0	0	0	0	0	0	0
NZ_UGQW01000002.1	5p	+	68	13	16	12	9	50	3	0	0	0	1	0	0	0	0	0	0	0	0	0	0	0	0	0	0	0	0
NZ_UGQW01000002.1	5p	+	69	9	10	13	11	43	1	0	0	0	0	0	0	0	0	0	0	0	0	0	0	0	0	0	0	0	0
NZ_UGQW01000002.1	5p	+	70	10	14	10	8	42	0	0	1	0	0	0	0	0	0	1	0	0	0	0	0	0	0	0	0	0	0
NZ_UGQW01000002.1	5p	-	1	137	282	200	290	909	5	78	4	10	2	3	4	2	2	1	6	4	0	0	0	0	0	0	0	0	0
NZ_UGQW01000002.1	5p	-	2	170	279	251	209	909	6	40	7	1	4	4	8	1	0	3	9	1	0	0	0	0	0	0	0	0	0
NZ_UGQW01000002.1	5p	-	3	195	243	276	195	909	2	15	8	8	1	1	3	3	3	0	5	1	0	0	0	0	0	0	0	0	0
NZ_UGQW01000002.1	5p	-	4	216	232	263	198	909	8	18	9	7	2	1	4	0	2	2	2	1	0	0	0	0	0	0	0	0	0
NZ_UGQW01000002.1	5p	-	5	203	239	254	213	909	5	13	11	15	1	1	2	2	3	1	2	0	0	0	0	0	0	0	0	0	0
NZ_UGQW01000002.1	5p	-	6	191	233	263	222	909	7	12	8	7	0	2	4	0	2	1	6	2	0	1	0	0	0	0	0	0	0
NZ_UGQW01000002.1	5p	-	7	191	252	267	199	909	4	8	5	1	1	1	3	2	3	0	4	0	0	0	1	0	0	0	0	0	0
NZ_UGQW01000002.1	5p	-	8	175	258	279	197	909	13	6	9	10	1	0	3	2	0	0	3	2	0	0	0	0	0	0	0	0	0
NZ_UGQW01000002.1	5p	-	9	185	245	303	175	908	9	7	8	7	0	1	4	0	6	0	5	1	0	0	1	0	1	0	0	0	0
NZ_UGQW01000002.1	5p	-	10	183	245	287	192	907	6	11	4	8	1	0	3	1	0	1	9	3	0	0	0	0	0	0	0	2	0
NZ_UGQW01000002.1	5p	-	11	178	239	298	194	909	11	6	7	11	3	0	5	1	2	0	4	2	0	0	0	0	0	0	0	0	0
NZ_UGQW01000002.1	5p	-	12	175	260	270	204	909	8	7	10	6	2	0	2	2	0	0	1	0	0	0	0	0	0	0	0	0	0
NZ_UGQW01000002.1	5p	-	13	201	272	258	178	909	3	10	11	11	0	0	6	2	2	0	4	5	0	0	0	0	0	0	0	0	0
NZ_UGQW01000002.1	5p	-	14	191	284	263	170	908	1	3	11	10	1	0	9	0	1	0	6	0	0	0	0	0	0	1	0	0	0
NZ_UGQW01000002.1	5p	-	15	176	277	281	175	909	8	4	12	5	2	0	5	0	0	0	3	2	0	0	0	1	0	0	0	0	0
NZ_UGQW01000002.1	5p	-	16	162	260	293	194	909	9	8	6	8	0	0	4	1	2	0	4	1	0	0	0	1	0	0	0	0	0
NZ_UGQW01000002.1	5p	-	17	170	280	274	185	909	3	10	8	7	1	2	2	3	2	1	1	6	0	0	0	0	0	0	0	0	0
NZ_UGQW01000002.1	5p	-	18	184	263	301	160	908	3	7	11	7	2	0	3	2	1	0	4	2	1	0	0	1	0	0	0	1	0
NZ_UGQW01000002.1	5p	-	19	181	278	288	160	907	7	10	12	8	1	0	0	2	0	0	4	3	0	0	0	0	0	0	1	1	0
NZ_UGQW01000002.1	5p	-	20	154	283	280	192	909	10	9	5	6	0	1	8	2	7	0	2	2	0	0	0	0	0	0	0	0	0
NZ_UGQW01000002.1	5p	-	21	170	260	301	178	909	7	4	8	5	3	1	1	3	1	0	4	4	0	0	0	0	0	0	0	0	0
NZ_UGQW01000002.1	5p	-	22	183	269	278	179	909	4	6	5	6	1	0	3	3	1	1	5	3	0	0	0	0	0	0	0	0	0
NZ_UGQW01000002.1	5p	-	23	168	265	290	184	907	10	7	7	8	1	0	2	1	3	1	5	2	0	0	1	0	0	0	2	0	0
NZ_UGQW01000002.1	5p	-	24	185	252	302	170	909	9	6	10	4	2	0	3	1	1	0	7	0	0	0	0	1	0	0	0	0	0
NZ_UGQW01000002.1	5p	-	25	189	243	288	189	909	4	4	5	2	2	2	4	2	3	1	3	0	0	0	1	0	0	0	0	0	0
NZ_UGQW01000002.1	5p	-	26	188	269	260	192	909	10	5	10	6	1	0	1	3	2	0	11	2	0	0	0	0	0	0	0	0	0
NZ_UGQW01000002.1	5p	-	27	194	241	282	191	908	15	4	9	7	1	0	5	2	1	2	6	0	0	0	0	0	1	0	0	0	0
NZ_UGQW01000002.1	5p	-	28	201	274	254	180	909	15	7	12	7	3	0	7	4	2	0	5	1	1	0	0	0	0	0	0	0	0
NZ_UGQW01000002.1	5p	-	29	199	251	285	174	909	12	9	6	6	5	1	5	4	1	1	4	3	0	0	0	0	0	0	0	0	0
NZ_UGQW01000002.1	5p	-	30	202	241	293	173	909	19	5	8	7	2	0	3	1	1	1	2	4	0	0	0	0	0	0	0	0	0
NZ_UGQW01000002.1	5p	-	31	167	217	263	185	832	17	5	9	9	3	0	2	2	4	2	2	0	0	0	0	0	0	0	0	0	0
NZ_UGQW01000002.1	5p	-	32	175	223	219	151	768	13	5	6	6	2	0	2	2	2	0	3	1	0	0	0	0	0	0	0	0	0
NZ_UGQW01000002.1	5p	-	33	157	194	201	150	702	15	5	5	6	2	0	3	2	1	0	1	0	0	0	0	0	0	0	0	0	0
NZ_UGQW01000002.1	5p	-	34	146	183	190	130	649	7	3	5	1	1	1	5	3	1	0	2	0	0	0	0	0	0	0	0	0	0
NZ_UGQW01000002.1	5p	-	35	132	159	161	144	596	7	7	2	3	0	0	1	1	1	0	2	1	1	0	0	0	0	0	0	0	0
NZ_UGQW01000002.1	5p	-	36	111	157	175	105	548	15	4	5	2	1	0	2	0	1	0	2	0	0	0	0	0	0	0	0	0	0
NZ_UGQW01000002.1	5p	-	37	106	130	156	114	506	10	4	2	4	0	0	3	1	1	0	4	3	1	0	0	0	0	0	0	0	0
NZ_UGQW01000002.1	5p	-	38	104	129	136	102	471	6	4	5	6	1	0	2	2	1	0	1	1	0	0	0	0	0	0	0	0	0
NZ_UGQW01000002.1	5p	-	39	73	134	136	94	437	6	2	3	5	1	0	2	1	0	1	0	2	0	0	0	0	0	0	0	0	0
NZ_UGQW01000002.1	5p	-	40	97	140	110	59	406	6	0	1	1	1	1	3	2	2	0	1	1	0	0	0	0	0	0	0	0	0
NZ_UGQW01000002.1	5p	-	41	82	117	99	81	379	5	4	6	0	0	0	1	1	1	0	3	0	0	0	0	0	0	0	0	0	0
NZ_UGQW01000002.1	5p	-	42	76	94	110	74	354	9	2	4	3	0	0	3	0	0	0	2	1	0	0	0	0	0	0	0	0	0
NZ_UGQW01000002.1	5p	-	43	56	92	98	69	315	3	1	3	2	0	0	2	2	0	0	3	0	0	0	0	0	0	0	0	0	0
NZ_UGQW01000002.1	5p	-	44	65	78	92	49	284	8	2	4	2	0	2	1	1	1	0	1	0	0	0	0	0	0	0	0	0	0
NZ_UGQW01000002.1	5p	-	45	50	80	86	43	259	8	3	1	0	0	0	1	2	0	0	0	1	0	0	0	0	0	0	0	0	0
NZ_UGQW01000002.1	5p	-	46	62	66	66	53	247	4	4	1	2	1	0	1	0	0	0	0	0	0	0	0	0	0	0	0	0	0
NZ_UGQW01000002.1	5p	-	47	48	61	57	50	216	4	1	1	1	0	0	0	0	0	0	0	1	0	0	0	0	0	0	0	0	0
NZ_UGQW01000002.1	5p	-	48	42	45	68	44	199	9	0	1	2	1	0	1	1	0	0	0	0	0	0	0	0	0	0	0	0	0
NZ_UGQW01000002.1	5p	-	49	47	46	45	41	179	4	2	1	0	0	0	0	1	1	0	0	0	0	0	0	0	0	0	0	1	0
NZ_UGQW01000002.1	5p	-	50	41	42	44	39	166	2	2	2	2	0	0	1	0	0	0	0	0	0	0	0	0	0	0	0	0	0
NZ_UGQW01000002.1	5p	-	51	31	46	48	31	156	2	0	1	0	0	0	0	0	1	0	0	0	0	0	0	0	0	0	0	0	0
NZ_UGQW01000002.1	5p	-	52	34	39	35	32	140	2	1	0	2	0	0	0	0	0	0	0	0	0	0	0	0	0	0	0	0	0
NZ_UGQW01000002.1	5p	-	53	35	34	36	23	128	5	0	1	1	1	0	1	2	0	0	0	0	0	0	0	0	0	0	0	0	0
NZ_UGQW01000002.1	5p	-	54	22	45	38	16	121	0	0	3	0	0	0	0	0	0	0	1	0	0	0	0	0	0	0	0	0	0
NZ_UGQW01000002.1	5p	-	55	29	29	27	28	113	4	1	0	2	0	0	0	0	0	0	1	0	0	0	0	0	0	0	0	0	0
NZ_UGQW01000002.1	5p	-	56	22	20	35	23	100	2	1	0	1	0	0	0	0	0	0	0	0	0	0	0	1	0	0	0	0	0
NZ_UGQW01000002.1	5p	-	57	14	22	28	27	91	1	1	2	1	0	0	0	0	0	0	0	0	1	0	0	0	0	0	0	0	0
NZ_UGQW01000002.1	5p	-	58	22	19	22	22	85	0	0	1	0	0	0	0	0	0	0	0	0	0	0	0	0	0	0	0	0	0
NZ_UGQW01000002.1	5p	-	59	13	20	28	20	81	2	0	0	0	1	0	1	0	0	0	0	0	0	0	0	0	0	0	0	0	0
NZ_UGQW01000002.1	5p	-	60	9	30	24	13	76	3	1	1	0	0	0	0	0	0	1	1	0	0	0	0	0	0	0	0	0	0
NZ_UGQW01000002.1	5p	-	61	14	20	27	10	71	1	0	0	0	0	0	0	1	0	0	0	0	0	0	0	0	0	0	0	0	0
NZ_UGQW01000002.1	5p	-	62	20	19	21	9	69	2	1	0	0	0	1	0	0	0	0	0	0	0	0	0	0	0	0	0	0	0
NZ_UGQW01000002.1	5p	-	63	21	12	22	11	66	0	0	3	0	0	0	0	0	0	1	0	0	0	0	0	0	0	0	0	0	0
NZ_UGQW01000002.1	5p	-	64	17	16	13	16	62	0	0	1	0	0	0	0	0	0	0	0	0	0	0	0	0	0	0	0	0	0
NZ_UGQW01000002.1	5p	-	65	14	18	16	12	60	2	0	1	0	1	0	0	1	0	0	0	1	0	0	0	0	0	0	0	0	0
NZ_UGQW01000002.1	5p	-	66	8	14	19	13	54	1	0	0	0	0	0	0	0	0	0	0	0	0	0	0	0	0	0	0	0	0
NZ_UGQW01000002.1	5p	-	67	13	10	15	13	51	0	0	1	0	0	0	0	0	0	0	0	0	0	0	0	0	0	0	0	0	0
NZ_UGQW01000002.1	5p	-	68	7	16	15	11	49	1	1	1	0	0	0	0	0	0	0	0	0	0	0	0	0	0	0	0	0	0
NZ_UGQW01000002.1	5p	-	69	6	16	15	8	45	3	2	0	1	0	0	0	0	0	0	0	0	0	0	0	0	0	0	0	0	0
NZ_UGQW01000002.1	5p	-	70	10	15	11	7	43	0	0	1	0	0	0	0	0	0	0	0	0	0	0	0	0	0	0	0	0	0
