# table produced by mapDamage version 2.2.3
# using mapped file /mnt/archgen/microbiome_calculus/library_ds_vs_ss/04-analysis/normalize_kraken/mapping/lautropia_mirabilis/mapDamage2_ssLibs/input/FUM003.A0102.SG1.4_5M.mapped_l_mirabilis_q25l30_rmdup.bam and /mnt/archgen/microbiome_calculus/library_ds_vs_ss/04-analysis/normalize_kraken/mapping/lautropia_mirabilis/input/GCF_900637555.1_51726_E01_genomic.fna as reference file
# Chr: reference from sam/bam header, End: from which termini of DNA sequences, Std: strand of reads
Chr	End	Std	Pos	A	C	G	T	Total	G>A	C>T	A>G	T>C	A>C	A>T	C>G	C>A	T>G	T>A	G>C	G>T	A>-	T>-	C>-	G>-	->A	->T	->C	->G	S
NZ_LR134378.1	3p	+	1	1245	2742	1799	1467	7253	56	316	38	56	26	19	68	28	19	9	124	31	0	0	0	0	0	0	0	0	0
NZ_LR134378.1	3p	+	2	1509	2427	2216	1100	7252	58	183	53	40	15	11	78	24	16	18	74	24	0	0	0	0	0	0	0	0	0
NZ_LR134378.1	3p	+	3	1250	2318	2431	1254	7253	54	148	54	54	12	17	80	12	17	11	74	21	0	0	0	0	0	0	0	0	0
NZ_LR134378.1	3p	+	4	1383	2411	2155	1303	7252	57	119	51	44	9	11	57	18	15	4	68	15	0	0	0	0	0	0	1	0	0
NZ_LR134378.1	3p	+	5	1447	2267	2138	1400	7252	43	92	40	47	17	12	74	19	7	8	65	19	0	0	0	0	0	0	0	1	0
NZ_LR134378.1	3p	+	6	1294	2412	2337	1202	7245	59	104	52	46	12	15	76	16	16	5	66	20	0	0	0	1	2	1	1	4	0
NZ_LR134378.1	3p	+	7	1270	2377	2184	1417	7248	43	103	43	56	11	11	61	13	14	10	73	22	0	0	3	1	2	0	2	1	0
NZ_LR134378.1	3p	+	8	1335	2295	2330	1290	7250	48	80	41	40	15	8	70	14	12	7	81	22	0	0	2	3	1	0	0	2	0
NZ_LR134378.1	3p	+	9	1155	2392	2426	1279	7252	47	87	43	61	13	6	87	14	19	7	111	19	0	0	0	4	1	0	0	0	0
NZ_LR134378.1	3p	+	10	1284	2407	2173	1388	7252	50	69	30	45	10	10	64	15	14	5	67	14	0	1	1	2	0	1	0	0	0
NZ_LR134378.1	3p	+	11	1364	2331	2243	1312	7250	51	65	60	50	10	8	74	14	11	10	70	15	1	0	3	4	0	0	2	1	0
NZ_LR134378.1	3p	+	12	1234	2371	2427	1218	7250	50	76	55	44	11	9	74	11	16	4	81	21	2	1	3	4	0	0	1	2	0
NZ_LR134378.1	3p	+	13	1290	2389	2241	1331	7251	46	86	42	51	11	8	69	16	23	6	73	20	0	0	1	1	0	0	0	2	0
NZ_LR134378.1	3p	+	14	1293	2230	2378	1347	7248	61	58	47	36	13	9	55	18	14	3	62	17	0	1	3	2	1	0	0	4	0
NZ_LR134378.1	3p	+	15	1220	2436	2358	1234	7248	50	72	50	46	12	8	84	8	13	6	77	20	1	2	0	5	0	1	0	4	0
NZ_LR134378.1	3p	+	16	1254	2402	2236	1358	7250	40	74	35	45	5	6	55	19	14	5	62	17	1	0	1	1	0	1	1	1	0
NZ_LR134378.1	3p	+	17	1293	2280	2332	1344	7249	47	70	38	44	12	6	60	14	16	9	84	12	1	2	2	1	1	1	1	1	0
NZ_LR134378.1	3p	+	18	1183	2384	2419	1261	7247	53	85	64	44	9	3	101	20	11	9	65	22	0	0	0	2	2	1	2	1	0
NZ_LR134378.1	3p	+	19	1270	2435	2212	1331	7248	47	66	29	47	8	5	76	11	12	4	59	25	0	0	3	0	2	0	1	2	0
NZ_LR134378.1	3p	+	20	1288	2323	2264	1377	7252	47	78	30	48	13	7	73	14	21	13	70	8	0	0	1	1	1	0	0	0	0
NZ_LR134378.1	3p	+	21	1244	2442	2354	1209	7249	60	78	50	48	11	5	64	11	10	7	77	20	0	1	2	1	0	1	1	2	0
NZ_LR134378.1	3p	+	22	1207	2387	2339	1317	7250	48	73	40	38	7	8	62	12	9	6	68	24	0	3	4	3	0	1	1	1	0
NZ_LR134378.1	3p	+	23	1357	2252	2304	1339	7252	43	81	46	42	7	10	63	14	13	4	54	21	0	0	0	1	0	0	0	1	0
NZ_LR134378.1	3p	+	24	1204	2454	2399	1194	7251	50	74	30	40	10	2	66	17	12	3	78	29	1	1	1	2	0	0	0	2	0
NZ_LR134378.1	3p	+	25	1282	2391	2278	1298	7249	45	81	36	42	11	9	60	11	9	5	75	20	1	0	3	1	0	0	1	3	0
NZ_LR134378.1	3p	+	26	1353	2228	2358	1306	7245	48	74	44	43	13	5	67	14	14	6	80	14	0	0	0	2	1	1	2	4	0
NZ_LR134378.1	3p	+	27	1201	2488	2413	1150	7252	51	94	50	45	15	7	71	23	7	5	76	17	0	0	1	0	0	0	1	0	0
NZ_LR134378.1	3p	+	28	1215	2406	2369	1262	7252	53	70	45	30	17	10	68	14	13	8	72	20	0	0	1	0	0	0	0	1	0
NZ_LR134378.1	3p	+	29	1287	2326	2324	1311	7248	57	114	41	54	12	12	67	14	7	8	78	12	0	0	3	1	1	1	2	1	0
NZ_LR134378.1	3p	+	30	1216	2460	2347	1227	7250	62	159	54	56	13	11	86	17	17	7	92	21	0	0	2	1	0	1	1	1	0
NZ_LR134378.1	3p	+	31	1185	2076	1930	1170	6361	43	108	34	31	9	11	62	13	5	14	63	16	1	1	1	1	1	0	1	3	0
NZ_LR134378.1	3p	+	32	1050	1752	1756	1035	5593	34	93	30	42	7	7	44	20	6	6	53	15	0	0	0	3	0	1	0	0	0
NZ_LR134378.1	3p	+	33	880	1672	1579	847	4978	47	85	29	31	10	5	60	9	12	9	64	11	1	1	0	2	0	0	1	0	0
NZ_LR134378.1	3p	+	34	787	1518	1298	848	4451	23	81	26	28	5	7	38	12	8	7	41	15	0	0	2	1	0	0	1	1	0
NZ_LR134378.1	3p	+	35	790	1253	1241	667	3951	29	56	23	34	5	9	24	8	8	2	49	9	0	0	0	0	0	0	0	1	0
NZ_LR134378.1	3p	+	36	638	1152	1098	606	3494	26	57	20	22	5	2	42	8	3	2	27	14	0	0	0	0	0	2	0	0	0
NZ_LR134378.1	3p	+	37	592	1005	934	611	3142	18	54	10	21	5	2	26	9	3	3	42	6	0	0	3	0	0	0	0	1	0
NZ_LR134378.1	3p	+	38	560	887	861	530	2838	24	42	22	17	7	4	27	5	7	4	34	8	0	0	1	0	0	0	1	0	0
NZ_LR134378.1	3p	+	39	451	889	809	418	2567	13	44	21	14	2	1	35	7	2	3	42	10	0	0	0	0	0	0	1	0	0
NZ_LR134378.1	3p	+	40	444	766	698	447	2355	15	30	23	17	7	3	21	1	4	4	38	7	1	0	0	0	0	0	0	1	0
NZ_LR134378.1	3p	+	41	393	733	658	379	2163	18	35	13	13	3	2	26	3	1	2	20	7	0	0	0	1	0	0	0	0	0
NZ_LR134378.1	3p	+	42	338	662	673	317	1990	20	34	12	18	5	1	26	6	2	7	28	12	0	0	0	0	0	0	0	1	0
NZ_LR134378.1	3p	+	43	351	565	482	330	1728	13	22	10	16	9	0	18	2	2	8	16	3	0	0	1	1	0	0	1	0	0
NZ_LR134378.1	3p	+	44	319	486	462	248	1515	14	20	24	9	1	1	19	5	4	1	10	6	0	0	1	0	0	0	0	0	0
NZ_LR134378.1	3p	+	45	246	455	432	192	1325	8	13	12	6	2	3	8	2	1	3	19	4	0	0	1	1	0	0	0	1	0
NZ_LR134378.1	3p	+	46	213	364	356	219	1152	5	11	6	6	1	4	11	1	1	1	17	2	0	0	0	0	1	0	0	0	0
NZ_LR134378.1	3p	+	47	214	316	308	173	1011	9	10	5	4	0	2	13	1	2	0	13	1	0	0	1	0	1	0	0	0	0
NZ_LR134378.1	3p	+	48	154	318	276	143	891	9	9	3	7	2	0	11	4	3	0	7	3	1	0	0	0	0	0	1	0	0
NZ_LR134378.1	3p	+	49	158	266	252	126	802	3	10	2	6	1	1	6	1	1	0	8	2	0	0	0	0	0	0	0	0	0
NZ_LR134378.1	3p	+	50	153	242	208	115	718	3	7	2	1	0	1	3	1	1	0	9	4	0	0	1	0	0	0	0	0	0
NZ_LR134378.1	3p	+	51	112	213	191	107	623	5	3	1	2	1	1	5	2	2	0	9	2	0	0	0	0	0	0	0	0	0
NZ_LR134378.1	3p	+	52	116	173	164	112	565	3	3	2	7	0	0	3	1	1	1	6	1	0	0	0	0	0	0	1	0	0
NZ_LR134378.1	3p	+	53	100	172	142	84	498	2	5	1	3	1	1	4	0	1	1	3	0	0	0	0	0	0	0	1	0	0
NZ_LR134378.1	3p	+	54	90	133	161	77	461	0	2	3	3	0	3	2	0	1	0	6	1	0	0	0	0	0	0	0	1	0
NZ_LR134378.1	3p	+	55	85	134	130	74	423	1	2	1	2	3	1	2	1	2	0	4	3	0	0	0	1	0	0	0	0	0
NZ_LR134378.1	3p	+	56	59	125	126	76	386	3	3	2	2	1	1	2	0	1	0	3	0	0	0	0	0	0	0	0	0	0
NZ_LR134378.1	3p	+	57	56	112	115	68	351	4	4	1	5	0	0	3	0	1	0	8	1	0	0	0	0	0	0	0	0	0
NZ_LR134378.1	3p	+	58	80	89	90	60	319	3	4	0	1	1	1	2	0	0	2	4	2	0	0	0	0	0	0	0	0	0
NZ_LR134378.1	3p	+	59	58	96	88	51	293	3	2	2	1	0	1	1	0	1	0	3	1	0	0	1	0	0	0	0	0	0
NZ_LR134378.1	3p	+	60	42	91	91	54	278	0	2	1	3	1	0	6	1	1	0	6	0	0	0	0	0	0	0	0	0	0
NZ_LR134378.1	3p	+	61	50	77	80	50	257	0	1	0	2	0	0	1	0	1	0	2	1	0	0	0	0	0	0	0	0	0
NZ_LR134378.1	3p	+	62	53	78	76	35	242	1	4	2	1	0	1	1	0	0	0	3	0	0	0	0	0	0	0	0	0	0
NZ_LR134378.1	3p	+	63	35	84	73	37	229	1	7	1	2	1	0	3	0	1	0	2	1	0	0	1	0	0	0	0	0	0
NZ_LR134378.1	3p	+	64	34	70	63	52	219	1	0	0	0	0	0	1	0	0	1	6	1	0	0	0	0	0	0	0	0	0
NZ_LR134378.1	3p	+	65	35	69	62	33	199	1	1	0	1	0	1	1	0	0	0	1	1	0	0	1	0	0	0	0	0	0
NZ_LR134378.1	3p	+	66	32	57	58	33	180	0	1	1	3	0	0	3	0	0	0	2	1	0	0	0	1	0	0	0	0	0
NZ_LR134378.1	3p	+	67	30	53	46	34	163	0	0	1	2	0	2	1	0	0	0	0	2	0	0	0	0	0	0	0	0	0
NZ_LR134378.1	3p	+	68	39	45	39	28	151	1	2	0	1	2	1	0	1	0	1	2	1	0	0	0	0	0	0	0	0	0
NZ_LR134378.1	3p	+	69	21	47	40	20	128	0	2	0	1	0	0	2	1	1	1	4	0	0	0	0	0	0	0	0	0	0
NZ_LR134378.1	3p	+	70	25	33	32	27	117	1	0	0	1	0	3	1	0	0	0	4	0	0	0	0	0	0	0	0	0	0
NZ_LR134378.1	3p	-	1	1159	2713	1849	1468	7189	54	288	36	61	23	21	82	23	20	20	132	32	0	0	0	0	0	0	0	0	0
NZ_LR134378.1	3p	-	2	1381	2362	2273	1173	7189	87	155	55	43	28	11	85	20	13	9	61	29	0	0	0	0	0	0	0	0	0
NZ_LR134378.1	3p	-	3	1229	2256	2445	1259	7189	57	140	44	44	13	19	80	25	12	6	95	20	0	0	0	0	0	0	0	0	0
NZ_LR134378.1	3p	-	4	1295	2392	2152	1347	7186	57	123	29	49	13	8	75	19	18	7	98	21	1	0	0	1	1	0	1	1	0
NZ_LR134378.1	3p	-	5	1344	2239	2238	1363	7184	58	93	48	57	9	10	74	14	16	12	70	18	0	0	0	2	1	1	2	1	0
NZ_LR134378.1	3p	-	6	1192	2319	2367	1307	7185	69	101	54	42	10	15	79	18	14	16	97	20	0	0	0	0	1	0	2	1	0
NZ_LR134378.1	3p	-	7	1230	2292	2288	1374	7184	48	84	37	38	13	10	70	21	6	12	72	20	0	0	0	0	0	0	4	1	0
NZ_LR134378.1	3p	-	8	1281	2290	2245	1369	7185	48	77	46	37	9	6	81	17	8	5	66	24	0	1	1	1	0	1	2	1	0
NZ_LR134378.1	3p	-	9	1210	2359	2302	1315	7186	47	104	59	29	16	5	67	7	11	12	81	24	1	0	2	1	0	0	2	1	0
NZ_LR134378.1	3p	-	10	1185	2422	2208	1369	7184	40	71	43	47	10	12	56	23	9	5	62	13	0	0	1	2	1	1	3	0	0
NZ_LR134378.1	3p	-	11	1286	2327	2243	1332	7188	55	70	37	42	9	10	68	18	16	7	62	18	2	0	5	4	0	0	0	1	0
NZ_LR134378.1	3p	-	12	1159	2285	2390	1350	7184	68	80	43	45	11	10	68	14	19	6	88	13	0	2	1	3	1	0	1	3	0
NZ_LR134378.1	3p	-	13	1190	2327	2263	1406	7186	57	90	48	43	11	7	55	13	15	7	53	17	1	1	1	1	3	0	0	0	0
NZ_LR134378.1	3p	-	14	1285	2313	2225	1363	7186	42	68	42	40	10	3	86	16	18	5	62	13	1	1	1	1	1	0	1	1	0
NZ_LR134378.1	3p	-	15	1233	2346	2436	1169	7184	52	81	40	28	9	6	82	22	13	8	79	13	2	1	2	1	2	2	0	1	0
NZ_LR134378.1	3p	-	16	1221	2401	2272	1294	7188	47	61	43	40	9	10	58	15	13	6	70	15	0	2	0	0	1	0	0	0	0
NZ_LR134378.1	3p	-	17	1214	2283	2310	1380	7187	48	44	45	43	7	9	65	11	16	7	72	16	1	0	0	4	0	0	0	2	0
NZ_LR134378.1	3p	-	18	1165	2307	2415	1300	7187	53	66	56	43	15	14	68	25	10	3	66	28	2	0	0	1	1	1	0	0	0
NZ_LR134378.1	3p	-	19	1206	2349	2309	1324	7188	53	80	45	36	10	7	66	13	14	6	75	21	0	0	2	3	0	0	1	0	0
NZ_LR134378.1	3p	-	20	1323	2233	2301	1330	7187	44	65	56	38	15	10	57	9	6	8	83	21	1	1	0	3	0	0	2	0	0
NZ_LR134378.1	3p	-	21	1177	2395	2309	1303	7184	51	86	45	33	13	7	90	11	10	7	78	21	1	0	3	3	0	0	3	2	0
NZ_LR134378.1	3p	-	22	1198	2410	2254	1324	7186	43	65	40	39	12	8	60	10	15	6	62	18	1	0	1	1	1	0	2	0	0
NZ_LR134378.1	3p	-	23	1234	2282	2337	1330	7183	51	73	51	52	15	7	68	13	10	8	71	15	0	0	0	0	2	2	1	1	0
NZ_LR134378.1	3p	-	24	1208	2325	2428	1223	7184	55	73	52	42	15	6	70	19	15	11	70	13	0	0	0	0	1	3	1	0	0
NZ_LR134378.1	3p	-	25	1186	2406	2219	1368	7179	41	77	47	47	18	11	77	19	14	4	84	18	1	2	0	1	2	2	3	3	0
NZ_LR134378.1	3p	-	26	1203	2379	2256	1343	7181	47	69	39	36	13	13	67	16	14	12	77	17	0	1	0	2	1	5	2	0	0
NZ_LR134378.1	3p	-	27	1135	2414	2362	1274	7185	41	100	46	29	11	5	69	13	7	8	91	25	1	1	0	2	0	1	0	3	0
NZ_LR134378.1	3p	-	28	1211	2252	2329	1395	7187	45	90	43	55	10	9	67	22	18	10	75	19	0	2	0	2	1	0	1	0	0
NZ_LR134378.1	3p	-	29	1362	2264	2261	1297	7184	55	92	36	45	16	8	54	18	12	10	79	14	0	1	2	3	0	0	3	2	0
NZ_LR134378.1	3p	-	30	1175	2358	2347	1308	7188	60	153	45	50	18	9	77	14	19	7	84	21	0	0	1	1	0	0	0	1	0
NZ_LR134378.1	3p	-	31	1089	2108	1967	1189	6353	56	117	39	45	8	11	55	14	8	6	78	16	0	1	0	3	0	0	0	1	0
NZ_LR134378.1	3p	-	32	1030	1823	1681	1063	5597	37	77	42	47	14	6	61	16	9	3	58	22	0	0	2	1	1	0	2	1	0
NZ_LR134378.1	3p	-	33	826	1658	1637	830	4951	38	88	29	22	7	3	55	14	10	6	62	21	0	1	0	1	0	1	1	0	0
NZ_LR134378.1	3p	-	34	749	1486	1356	837	4428	34	74	30	29	11	7	47	12	9	6	45	13	1	0	0	0	1	0	1	0	0
NZ_LR134378.1	3p	-	35	680	1241	1218	793	3932	24	58	19	23	8	6	30	10	6	5	40	9	1	2	1	2	1	1	0	0	0
NZ_LR134378.1	3p	-	36	602	1177	1135	611	3525	27	54	22	27	13	4	33	7	8	3	48	5	0	0	0	2	1	0	1	1	0
NZ_LR134378.1	3p	-	37	546	1034	992	570	3142	31	59	13	19	4	3	28	8	6	4	31	11	1	0	1	0	0	0	0	0	0
NZ_LR134378.1	3p	-	38	495	878	913	542	2828	28	23	17	13	5	6	31	5	2	5	36	6	1	0	0	1	1	0	3	0	0
NZ_LR134378.1	3p	-	39	445	861	833	427	2566	19	33	11	22	5	3	22	12	3	2	37	8	0	0	0	0	1	0	1	3	0
NZ_LR134378.1	3p	-	40	407	791	708	438	2344	19	32	13	15	2	6	27	3	5	4	22	13	0	0	2	0	0	0	1	0	0
NZ_LR134378.1	3p	-	41	437	655	658	391	2141	16	27	15	11	3	1	17	8	7	3	22	9	1	0	0	1	0	1	1	0	0
NZ_LR134378.1	3p	-	42	342	682	607	358	1989	21	36	14	17	7	2	20	7	4	2	28	7	0	0	0	1	1	0	0	0	0
NZ_LR134378.1	3p	-	43	324	587	519	307	1737	12	30	11	7	1	2	21	3	5	1	17	5	1	0	0	2	0	0	0	0	0
NZ_LR134378.1	3p	-	44	292	456	478	279	1505	14	16	6	8	5	4	10	1	1	4	17	3	0	4	1	0	0	1	1	0	0
NZ_LR134378.1	3p	-	45	210	429	435	226	1300	16	19	12	7	3	2	12	2	2	3	10	5	1	0	1	1	0	0	0	0	0
NZ_LR134378.1	3p	-	46	179	403	353	211	1146	18	10	5	10	4	3	15	2	5	2	10	3	0	0	0	0	0	0	1	0	0
NZ_LR134378.1	3p	-	47	191	324	282	188	985	7	15	2	5	2	1	5	3	3	2	6	0	0	0	0	0	0	0	1	1	0
NZ_LR134378.1	3p	-	48	148	263	287	164	862	8	6	4	10	3	2	6	3	0	2	12	1	0	0	0	0	0	0	0	0	0
NZ_LR134378.1	3p	-	49	140	248	238	142	768	5	11	6	3	2	0	6	3	1	1	7	3	0	0	0	0	0	0	0	0	0
NZ_LR134378.1	3p	-	50	133	222	192	140	687	4	11	4	3	2	2	6	1	0	0	9	1	0	0	0	0	0	0	0	0	0
NZ_LR134378.1	3p	-	51	102	198	192	106	598	1	10	5	3	0	1	7	0	0	0	5	3	0	0	0	0	0	0	0	0	0
NZ_LR134378.1	3p	-	52	101	169	164	97	531	7	10	1	1	4	0	4	1	1	0	4	1	0	0	0	0	0	0	0	0	0
NZ_LR134378.1	3p	-	53	88	150	156	84	478	8	8	8	2	1	0	3	1	1	1	2	1	0	0	0	0	0	0	0	0	0
NZ_LR134378.1	3p	-	54	66	135	149	78	428	2	5	8	2	0	1	6	1	0	1	3	0	0	1	0	0	0	0	0	0	0
NZ_LR134378.1	3p	-	55	61	120	118	85	384	4	1	3	6	0	0	4	1	2	1	5	0	0	0	0	1	0	0	0	0	0
NZ_LR134378.1	3p	-	56	68	112	106	68	354	3	2	3	2	2	0	0	0	0	0	2	1	0	0	1	0	0	0	0	0	0
NZ_LR134378.1	3p	-	57	61	98	110	58	327	1	1	2	4	1	2	2	0	1	0	7	0	1	0	0	0	0	0	0	0	0
NZ_LR134378.1	3p	-	58	59	107	77	62	305	3	3	3	4	2	1	2	0	0	0	2	0	0	0	0	0	0	0	0	0	0
NZ_LR134378.1	3p	-	59	57	81	91	54	283	2	1	2	1	0	0	1	0	0	0	5	1	0	0	0	0	0	0	0	0	0
NZ_LR134378.1	3p	-	60	33	85	100	46	264	0	2	1	0	0	0	2	1	0	0	3	0	0	0	0	0	0	0	1	0	0
NZ_LR134378.1	3p	-	61	56	68	74	46	244	5	2	0	1	0	0	2	2	0	0	2	0	0	0	0	0	0	0	0	0	0
NZ_LR134378.1	3p	-	62	50	62	77	38	227	3	3	2	2	2	0	0	1	0	0	5	0	0	0	0	0	0	0	0	0	0
NZ_LR134378.1	3p	-	63	37	71	67	36	211	2	2	2	1	0	0	1	0	1	0	5	1	0	0	0	0	0	0	1	0	0
NZ_LR134378.1	3p	-	64	34	76	66	26	202	2	1	0	2	0	1	3	2	0	0	0	3	0	0	1	0	0	0	0	0	0
NZ_LR134378.1	3p	-	65	27	56	64	36	183	1	2	1	1	0	0	3	0	1	0	2	0	0	0	0	0	0	0	0	0	0
NZ_LR134378.1	3p	-	66	23	64	44	25	156	2	3	0	1	0	0	3	1	0	0	2	0	0	0	0	0	0	0	0	0	0
NZ_LR134378.1	3p	-	67	28	41	36	34	139	2	0	0	0	0	0	1	0	1	0	0	0	0	0	0	0	0	0	0	0	0
NZ_LR134378.1	3p	-	68	19	40	48	18	125	1	2	1	1	0	0	1	0	0	0	3	0	0	0	0	0	0	0	0	0	0
NZ_LR134378.1	3p	-	69	15	40	40	23	118	0	2	0	0	0	0	3	0	0	0	1	0	0	0	0	0	0	0	0	0	0
NZ_LR134378.1	3p	-	70	26	32	32	19	109	0	0	1	1	0	0	2	0	0	0	2	0	0	0	0	0	0	0	0	0	0
NZ_LR134378.1	5p	+	1	1471	2507	1604	1671	7253	54	346	33	50	24	26	51	27	12	20	82	35	0	0	0	0	0	0	0	0	0
NZ_LR134378.1	5p	+	2	1372	2498	2269	1114	7253	66	174	49	56	17	14	71	15	16	10	107	20	0	0	0	1	0	0	0	0	0
NZ_LR134378.1	5p	+	3	1320	2331	2510	1089	7250	67	97	60	55	13	10	80	11	11	13	74	21	0	0	0	1	0	2	0	1	0
NZ_LR134378.1	5p	+	4	1429	2345	2205	1267	7246	51	104	38	39	14	13	52	14	13	10	70	22	1	0	1	2	1	0	2	4	0
NZ_LR134378.1	5p	+	5	1178	2532	2312	1223	7245	58	81	41	64	19	7	84	18	10	8	96	19	0	1	0	1	1	1	3	3	0
NZ_LR134378.1	5p	+	6	1154	2285	2518	1290	7247	62	87	47	55	7	10	75	22	12	9	91	19	0	0	2	3	1	1	1	3	0
NZ_LR134378.1	5p	+	7	1376	2350	2207	1314	7247	40	71	39	38	9	14	62	12	12	5	70	16	0	0	2	0	0	1	2	3	0
NZ_LR134378.1	5p	+	8	1222	2438	2414	1173	7247	41	82	58	58	13	12	77	17	16	9	67	31	0	1	3	1	0	1	1	4	0
NZ_LR134378.1	5p	+	9	1296	2297	2434	1225	7252	66	75	58	44	12	8	85	12	10	5	87	22	1	0	3	0	0	0	1	0	0
NZ_LR134378.1	5p	+	10	1366	2286	2230	1367	7249	54	79	34	46	12	10	55	10	7	9	70	19	0	0	4	3	0	0	3	1	0
NZ_LR134378.1	5p	+	11	1169	2415	2379	1287	7250	47	87	38	61	13	6	73	10	16	7	101	18	0	1	4	3	1	0	1	1	0
NZ_LR134378.1	5p	+	12	1282	2325	2425	1215	7247	60	62	48	47	10	4	92	12	12	9	78	12	0	1	2	1	1	1	4	0	0
NZ_LR134378.1	5p	+	13	1305	2306	2235	1405	7251	52	64	38	31	9	4	51	16	8	6	69	24	0	0	1	1	1	0	0	1	0
NZ_LR134378.1	5p	+	14	1167	2451	2363	1269	7250	44	77	37	40	14	10	75	16	16	10	85	20	0	1	1	0	0	0	2	1	0
NZ_LR134378.1	5p	+	15	1291	2354	2399	1208	7252	69	70	46	41	9	9	69	17	13	5	88	20	1	1	3	3	0	0	0	1	0
NZ_LR134378.1	5p	+	16	1368	2286	2175	1417	7246	47	64	41	47	6	11	67	11	13	7	54	18	0	0	1	0	1	2	1	3	0
NZ_LR134378.1	5p	+	17	1208	2447	2338	1259	7252	43	66	40	44	12	10	81	11	8	5	70	18	0	0	0	1	0	0	0	1	0
NZ_LR134378.1	5p	+	18	1314	2343	2382	1211	7250	40	70	59	38	11	3	65	20	17	4	69	15	2	0	5	1	1	1	0	1	0
NZ_LR134378.1	5p	+	19	1313	2271	2263	1405	7252	44	60	38	35	7	4	59	17	11	8	67	17	1	2	1	2	0	1	0	0	0
NZ_LR134378.1	5p	+	20	1164	2465	2366	1256	7251	54	80	40	52	11	4	71	17	16	7	65	21	0	0	0	2	0	0	1	1	0
NZ_LR134378.1	5p	+	21	1258	2347	2392	1254	7251	54	78	50	32	7	9	74	14	11	7	78	13	0	0	1	3	0	0	1	1	0
NZ_LR134378.1	5p	+	22	1327	2325	2217	1380	7249	33	78	32	45	16	7	47	14	10	5	68	15	0	1	2	3	2	0	0	2	0
NZ_LR134378.1	5p	+	23	1175	2500	2337	1239	7251	53	92	44	47	8	4	71	14	13	5	74	22	1	0	2	2	1	0	0	1	0
NZ_LR134378.1	5p	+	24	1291	2325	2444	1190	7250	68	74	53	41	20	5	77	14	12	6	83	18	0	0	0	3	0	1	1	1	0
NZ_LR134378.1	5p	+	25	1380	2299	2204	1365	7248	40	64	41	48	8	8	62	16	10	9	55	26	0	2	2	0	1	0	1	3	0
NZ_LR134378.1	5p	+	26	1186	2488	2292	1281	7247	56	106	43	50	15	10	80	9	11	7	77	15	0	0	4	1	0	1	2	3	0
NZ_LR134378.1	5p	+	27	1360	2322	2326	1244	7252	56	75	49	50	4	11	83	16	17	5	84	17	0	0	0	3	0	1	0	0	0
NZ_LR134378.1	5p	+	28	1361	2326	2140	1425	7252	44	81	33	38	8	6	67	17	15	8	58	16	0	0	1	0	1	0	0	0	0
NZ_LR134378.1	5p	+	29	1238	2434	2359	1220	7251	44	113	43	46	7	8	61	17	11	4	77	17	0	0	0	3	1	0	0	1	0
NZ_LR134378.1	5p	+	30	1338	2355	2300	1258	7251	52	148	56	51	14	12	73	22	15	8	83	26	0	0	0	3	0	0	1	1	0
NZ_LR134378.1	5p	+	31	1243	2002	1887	1234	6366	42	112	34	42	9	7	50	13	17	6	47	14	0	0	0	1	0	0	0	0	0
NZ_LR134378.1	5p	+	32	938	2004	1687	963	5592	33	114	37	45	10	7	55	16	7	2	59	16	0	1	0	0	0	0	1	1	0
NZ_LR134378.1	5p	+	33	932	1634	1571	840	4977	37	104	30	30	15	6	42	16	10	6	54	18	1	0	2	1	1	0	0	1	0
NZ_LR134378.1	5p	+	34	877	1378	1330	867	4452	37	77	25	29	7	3	25	11	9	3	44	9	0	0	1	0	1	0	0	0	0
NZ_LR134378.1	5p	+	35	650	1372	1224	704	3950	27	63	19	23	4	8	49	12	10	6	50	11	1	0	0	1	0	0	0	2	0
NZ_LR134378.1	5p	+	36	631	1149	1077	639	3496	19	56	23	20	8	5	38	8	10	3	42	7	0	0	1	1	0	0	0	0	0
NZ_LR134378.1	5p	+	37	616	993	880	653	3142	11	54	12	18	4	4	32	6	5	4	30	9	0	1	0	0	1	0	0	0	0
NZ_LR134378.1	5p	+	38	445	993	905	496	2839	16	46	20	17	7	3	29	5	7	5	36	9	1	1	0	0	0	0	0	0	0
NZ_LR134378.1	5p	+	39	482	845	816	423	2566	21	44	22	16	5	4	31	7	4	3	17	6	0	0	1	0	0	0	0	2	0
NZ_LR134378.1	5p	+	40	485	714	686	470	2355	11	46	9	14	5	5	22	4	5	1	34	4	0	0	0	1	1	0	0	0	0
NZ_LR134378.1	5p	+	41	373	737	681	371	2162	10	43	21	19	1	1	27	7	4	4	23	4	0	0	1	0	0	0	0	1	0
NZ_LR134378.1	5p	+	42	392	680	585	333	1990	12	35	11	11	3	3	31	7	3	3	25	7	0	0	1	0	0	0	0	1	0
NZ_LR134378.1	5p	+	43	344	566	471	348	1729	10	34	10	9	5	4	13	1	4	2	16	9	0	0	0	0	0	0	0	0	0
NZ_LR134378.1	5p	+	44	239	511	490	275	1515	6	22	12	12	2	1	13	2	2	0	17	7	0	0	0	0	0	0	0	0	0
NZ_LR134378.1	5p	+	45	208	451	445	222	1326	10	19	9	7	3	1	12	0	4	3	27	5	0	0	0	0	0	0	0	0	0
NZ_LR134378.1	5p	+	46	229	384	326	214	1153	4	12	7	12	3	2	10	2	3	3	14	1	0	0	0	1	0	0	0	0	0
NZ_LR134378.1	5p	+	47	170	346	312	184	1012	12	11	9	12	1	2	10	1	0	0	10	5	0	0	0	1	0	0	0	0	0
NZ_LR134378.1	5p	+	48	168	280	293	150	891	9	8	7	3	0	3	17	1	1	0	13	3	0	0	0	0	0	0	0	0	0
NZ_LR134378.1	5p	+	49	150	239	250	163	802	8	14	3	4	2	3	4	0	6	2	7	3	0	0	0	0	0	0	0	0	0
NZ_LR134378.1	5p	+	50	128	249	213	128	718	2	14	8	8	0	1	10	1	0	0	10	2	0	0	0	0	0	0	0	0	0
NZ_LR134378.1	5p	+	51	117	197	206	103	623	2	7	3	6	3	1	4	1	1	0	6	0	1	0	0	1	0	0	0	0	0
NZ_LR134378.1	5p	+	52	109	176	154	127	566	4	9	4	1	0	2	3	0	1	1	6	2	0	0	0	0	0	0	0	0	0
NZ_LR134378.1	5p	+	53	76	178	141	104	499	4	9	2	1	0	1	10	1	2	1	4	1	0	0	0	0	0	0	0	0	0
NZ_LR134378.1	5p	+	54	89	133	151	89	462	3	7	3	2	0	0	4	0	1	2	5	1	0	0	0	0	0	0	0	0	0
NZ_LR134378.1	5p	+	55	79	136	126	81	422	3	7	2	1	0	0	2	0	0	0	4	3	0	0	1	1	0	0	0	1	0
NZ_LR134378.1	5p	+	56	54	115	135	82	386	6	5	3	2	0	1	2	1	1	0	2	3	0	0	0	0	0	0	0	0	0
NZ_LR134378.1	5p	+	57	70	105	110	65	350	2	3	3	2	0	1	2	2	3	0	4	1	0	0	0	0	0	0	0	1	0
NZ_LR134378.1	5p	+	58	61	112	81	64	318	1	2	2	3	2	0	7	1	1	0	3	0	0	0	0	0	0	0	1	0	0
NZ_LR134378.1	5p	+	59	42	99	104	47	292	1	3	0	1	0	1	8	1	0	0	2	1	0	0	0	0	0	0	0	1	0
NZ_LR134378.1	5p	+	60	51	102	85	40	278	2	2	3	2	1	0	2	0	0	0	0	0	0	0	0	0	0	0	0	0	0
NZ_LR134378.1	5p	+	61	59	87	51	60	257	1	2	1	2	0	1	0	2	2	0	3	0	0	0	0	0	0	0	0	0	0
NZ_LR134378.1	5p	+	62	37	102	68	35	242	2	2	2	1	1	0	2	2	0	0	2	1	0	0	1	0	0	0	0	0	0
NZ_LR134378.1	5p	+	63	46	71	66	46	229	3	3	1	3	2	1	3	0	0	0	6	1	1	0	0	0	0	0	0	0	0
NZ_LR134378.1	5p	+	64	46	70	56	47	219	0	1	0	1	0	1	5	0	2	0	4	0	0	0	1	0	0	0	0	0	0
NZ_LR134378.1	5p	+	65	37	71	64	27	199	0	1	0	0	1	1	4	0	2	1	4	3	0	0	0	0	0	0	0	0	0
NZ_LR134378.1	5p	+	66	41	53	57	29	180	0	1	2	0	0	0	2	1	1	1	1	0	0	0	0	0	0	0	0	0	0
NZ_LR134378.1	5p	+	67	39	57	38	29	163	1	3	1	1	1	0	3	0	0	0	0	0	0	0	0	0	0	0	0	0	0
NZ_LR134378.1	5p	+	68	18	66	48	19	151	2	1	0	1	0	0	2	0	0	0	3	1	0	0	0	0	0	0	0	0	0
NZ_LR134378.1	5p	+	69	23	36	42	27	128	1	3	0	1	0	0	0	0	0	0	2	0	0	0	0	0	0	0	0	0	0
NZ_LR134378.1	5p	+	70	30	43	19	25	117	0	2	0	1	0	1	3	0	0	1	1	0	0	0	0	0	0	0	0	0	0
NZ_LR134378.1	5p	-	1	1406	2499	1627	1657	7189	69	335	38	54	25	22	74	17	12	13	91	36	0	0	0	0	0	0	0	0	1
NZ_LR134378.1	5p	-	2	1347	2425	2260	1157	7189	76	187	48	50	18	12	78	21	19	10	105	19	2	0	1	0	0	0	0	0	0
NZ_LR134378.1	5p	-	3	1245	2271	2526	1146	7188	78	103	59	43	14	6	60	20	10	11	66	19	2	1	1	1	0	1	0	0	0
NZ_LR134378.1	5p	-	4	1331	2274	2181	1401	7187	51	107	36	52	10	13	69	24	18	8	82	16	1	0	0	3	0	1	1	0	0
NZ_LR134378.1	5p	-	5	1082	2587	2278	1233	7180	54	103	45	57	18	11	73	18	8	9	90	28	0	3	3	2	2	1	4	2	0
NZ_LR134378.1	5p	-	6	1160	2299	2417	1303	7179	60	89	48	44	13	8	77	13	16	5	73	18	1	3	2	4	3	3	4	0	0
NZ_LR134378.1	5p	-	7	1308	2270	2249	1352	7179	39	58	48	27	15	13	56	17	8	13	71	22	2	1	1	1	2	4	2	2	0
NZ_LR134378.1	5p	-	8	1126	2341	2469	1249	7185	55	68	49	44	14	6	69	24	15	11	78	17	1	3	2	4	0	1	2	1	0
NZ_LR134378.1	5p	-	9	1209	2302	2382	1291	7184	59	84	50	43	15	8	82	18	20	4	90	14	0	0	0	2	1	0	2	2	0
NZ_LR134378.1	5p	-	10	1267	2271	2120	1525	7183	43	64	32	40	12	9	72	10	9	11	69	20	0	1	1	1	1	2	2	1	0
NZ_LR134378.1	5p	-	11	1043	2450	2385	1306	7184	44	76	44	50	16	12	73	14	15	6	84	21	0	0	0	1	2	1	2	0	0
NZ_LR134378.1	5p	-	12	1206	2360	2438	1175	7179	52	63	53	34	15	11	80	19	10	7	81	20	1	0	3	2	0	1	5	4	0
NZ_LR134378.1	5p	-	13	1314	2236	2192	1443	7185	44	58	43	40	7	12	52	18	7	9	58	15	1	0	0	3	3	0	1	0	0
NZ_LR134378.1	5p	-	14	1092	2444	2306	1341	7183	59	59	42	53	15	13	75	14	21	8	84	16	0	0	3	0	1	0	2	3	0
NZ_LR134378.1	5p	-	15	1201	2284	2484	1216	7185	50	72	47	37	7	11	57	12	18	11	67	17	1	0	0	3	0	0	3	1	0
NZ_LR134378.1	5p	-	16	1359	2263	2204	1359	7185	53	60	31	39	12	10	64	14	9	7	68	15	1	1	0	1	0	1	2	1	0
NZ_LR134378.1	5p	-	17	1132	2443	2317	1293	7185	44	77	49	55	12	7	68	16	13	4	70	22	0	0	1	1	2	1	0	1	0
NZ_LR134378.1	5p	-	18	1265	2318	2420	1185	7188	71	76	48	38	11	4	66	19	12	7	83	15	2	2	1	5	0	0	0	1	0
NZ_LR134378.1	5p	-	19	1391	2225	2220	1351	7187	40	55	44	31	7	1	48	7	13	6	62	18	0	3	1	1	1	0	0	1	0
NZ_LR134378.1	5p	-	20	1129	2458	2323	1277	7187	46	66	49	45	10	6	88	14	20	5	78	20	1	1	0	0	0	1	0	1	0
NZ_LR134378.1	5p	-	21	1160	2326	2428	1271	7185	52	78	54	35	12	8	80	20	15	6	100	17	2	1	1	1	0	1	3	0	0
NZ_LR134378.1	5p	-	22	1307	2205	2251	1423	7186	53	70	32	27	13	9	49	12	12	11	55	14	0	0	1	2	1	1	0	1	0
NZ_LR134378.1	5p	-	23	1148	2415	2317	1307	7187	55	79	54	46	15	2	75	15	12	4	78	18	0	1	1	3	1	1	0	0	0
NZ_LR134378.1	5p	-	24	1254	2364	2342	1224	7184	58	82	46	38	13	3	70	18	14	6	70	11	1	0	1	2	1	0	3	1	0
NZ_LR134378.1	5p	-	25	1340	2199	2185	1461	7185	55	46	39	45	11	9	60	16	8	9	76	15	2	1	0	0	1	0	3	0	0
NZ_LR134378.1	5p	-	26	1132	2403	2338	1314	7187	44	78	50	55	12	9	80	20	25	6	76	21	0	0	1	0	1	0	0	1	0
NZ_LR134378.1	5p	-	27	1248	2334	2360	1246	7188	59	92	48	39	20	10	91	16	15	6	84	24	0	0	0	0	0	0	1	0	0
NZ_LR134378.1	5p	-	28	1352	2187	2218	1429	7186	40	85	37	29	9	10	58	19	9	11	61	14	1	0	2	1	1	0	2	0	0
NZ_LR134378.1	5p	-	29	1186	2468	2285	1248	7187	46	123	42	51	18	15	95	17	9	6	58	35	1	0	0	1	0	1	1	0	0
NZ_LR134378.1	5p	-	30	1235	2362	2308	1282	7187	54	136	49	46	19	10	77	15	16	10	82	17	0	0	0	3	0	1	1	0	0
NZ_LR134378.1	5p	-	31	1196	2053	1885	1219	6353	43	119	40	35	16	12	56	20	6	11	63	17	0	0	0	0	0	0	1	0	0
NZ_LR134378.1	5p	-	32	917	1956	1725	1002	5600	36	95	32	30	12	3	64	12	14	5	62	16	0	0	0	1	0	0	1	0	0
NZ_LR134378.1	5p	-	33	860	1599	1612	880	4951	52	77	37	21	12	7	55	15	8	9	49	20	0	0	2	2	1	0	1	0	0
NZ_LR134378.1	5p	-	34	833	1383	1304	909	4429	34	77	18	30	7	9	36	14	7	7	36	11	0	0	0	2	0	0	0	1	0
NZ_LR134378.1	5p	-	35	628	1357	1210	737	3932	22	60	23	29	4	10	36	10	8	4	54	10	0	3	0	0	0	0	1	1	0
NZ_LR134378.1	5p	-	36	571	1165	1147	644	3527	39	71	32	28	6	4	40	15	3	4	42	15	0	0	2	3	0	0	0	1	0
NZ_LR134378.1	5p	-	37	585	1005	886	664	3140	22	52	11	17	3	3	29	5	3	0	27	4	0	0	0	0	1	0	0	1	0
NZ_LR134378.1	5p	-	38	494	937	892	507	2830	24	52	17	22	5	6	24	7	5	5	34	11	0	0	0	0	1	0	0	1	0
NZ_LR134378.1	5p	-	39	476	806	840	447	2569	25	48	25	14	2	4	31	4	8	5	35	11	0	0	1	1	1	0	1	0	0
NZ_LR134378.1	5p	-	40	420	761	682	479	2342	13	39	22	12	5	2	17	5	4	1	31	4	0	0	0	0	0	0	0	3	0
NZ_LR134378.1	5p	-	41	373	716	699	354	2142	26	35	12	9	4	3	23	6	4	3	33	8	0	0	0	0	0	0	1	0	0
NZ_LR134378.1	5p	-	42	321	678	647	344	1990	22	26	16	10	5	2	19	1	5	2	37	8	0	0	0	0	0	0	0	0	0
NZ_LR134378.1	5p	-	43	298	535	531	373	1737	8	16	5	11	3	3	14	4	0	1	29	4	0	0	0	0	0	0	0	0	0
NZ_LR134378.1	5p	-	44	231	511	496	269	1507	9	25	5	12	3	4	13	7	2	0	13	4	0	0	0	0	0	0	0	0	0
NZ_LR134378.1	5p	-	45	231	429	421	219	1300	18	12	4	10	3	1	16	2	6	0	21	7	0	0	0	0	0	0	0	0	0
NZ_LR134378.1	5p	-	46	208	361	353	225	1147	5	24	10	9	2	0	8	3	2	1	13	6	0	0	0	0	0	0	0	0	0
NZ_LR134378.1	5p	-	47	167	332	295	192	986	8	12	7	7	3	3	5	2	0	1	9	2	0	0	0	0	0	0	1	0	0
NZ_LR134378.1	5p	-	48	139	280	285	158	862	9	11	7	8	2	0	13	3	0	0	6	2	0	0	0	1	0	0	0	0	0
NZ_LR134378.1	5p	-	49	145	237	222	164	768	6	10	4	6	0	2	5	0	0	1	7	2	0	0	0	0	0	0	0	0	0
NZ_LR134378.1	5p	-	50	104	228	224	131	687	4	10	2	2	2	1	8	3	1	2	11	1	0	0	1	0	0	0	0	0	0
NZ_LR134378.1	5p	-	51	99	186	205	108	598	2	14	1	9	2	1	6	2	0	0	7	2	0	0	0	0	0	0	0	0	0
NZ_LR134378.1	5p	-	52	89	168	174	100	531	2	7	2	0	0	0	7	2	0	0	8	2	0	0	0	0	0	0	0	0	0
NZ_LR134378.1	5p	-	53	80	154	161	83	478	5	3	1	1	0	1	3	0	3	1	6	2	0	0	0	0	0	0	0	0	0
NZ_LR134378.1	5p	-	54	71	139	134	84	428	1	9	3	5	0	1	4	2	0	1	7	0	0	0	0	0	0	0	0	0	0
NZ_LR134378.1	5p	-	55	72	128	101	83	384	1	3	3	1	0	0	2	0	0	1	5	1	1	0	0	0	0	0	0	0	0
NZ_LR134378.1	5p	-	56	55	104	109	86	354	2	1	2	2	0	0	2	0	1	1	4	0	0	0	0	0	0	0	0	0	0
NZ_LR134378.1	5p	-	57	49	101	114	63	327	3	5	1	2	0	0	5	0	0	1	7	0	0	0	0	1	0	0	0	0	0
NZ_LR134378.1	5p	-	58	55	111	90	49	305	0	5	3	0	0	1	3	0	0	2	4	1	0	0	0	0	0	0	0	0	0
NZ_LR134378.1	5p	-	59	47	102	86	47	282	2	1	1	2	0	0	2	0	1	0	2	2	0	0	0	0	0	0	0	1	0
NZ_LR134378.1	5p	-	60	47	95	71	52	265	1	6	3	2	0	0	2	0	1	1	1	0	0	0	0	0	0	0	0	0	0
NZ_LR134378.1	5p	-	61	50	83	64	47	244	1	4	0	1	0	0	2	1	1	0	4	1	0	0	0	0	0	0	0	0	0
NZ_LR134378.1	5p	-	62	42	79	51	55	227	1	2	2	2	0	1	3	2	0	0	1	0	0	0	0	0	0	0	0	0	0
NZ_LR134378.1	5p	-	63	46	60	73	33	212	2	1	0	1	0	0	0	0	0	0	6	1	0	0	0	0	0	0	0	0	0
NZ_LR134378.1	5p	-	64	46	52	60	44	202	1	1	1	2	0	0	0	1	0	0	1	0	0	0	0	0	0	0	0	0	0
NZ_LR134378.1	5p	-	65	34	57	47	45	183	1	4	0	0	0	1	0	0	2	0	0	0	0	0	0	0	0	0	0	0	0
NZ_LR134378.1	5p	-	66	28	47	53	28	156	0	1	1	2	0	0	1	0	0	0	2	0	0	0	0	0	0	0	0	0	0
NZ_LR134378.1	5p	-	67	30	40	42	27	139	3	2	0	1	0	1	1	0	0	0	0	0	0	0	0	0	0	0	0	0	0
NZ_LR134378.1	5p	-	68	32	36	33	24	125	0	4	0	3	1	0	1	0	1	0	0	0	0	0	0	0	0	0	0	0	0
NZ_LR134378.1	5p	-	69	14	35	48	21	118	1	1	1	3	0	0	2	0	0	0	1	0	0	0	0	0	0	0	0	0	0
NZ_LR134378.1	5p	-	70	23	29	30	27	109	0	1	0	0	0	0	1	0	0	2	1	0	0	0	0	0	0	0	0	0	0
